(AAAF)26.0208;25.6464;25.7519;62.5120 61.3904 61.6194 92.1896 91.8084 92.0314 
(CACF)24.5232;24.0864;24.2368;62.8400;61.6270;61.9168;92.3167;91.9355;92.1153;
(AAAF)26.0208;25.5840;25.7051;62.5120 61.3904 61.5109 92.1896 91.8084 92.0174 
(CACF)24.5232;24.0864;24.1925;62.8400;61.6270;61.8004;92.3167;91.9355;92.1274;
(AAAF)26.0208;25.5840;25.6863;62.5120 61.3904 61.5235 92.1896 91.8084 92.0219 
(CACF)24.5232;24.0864;24.1781;62.8400;61.5659;61.7592;92.3167;91.9355;92.1305;
(AAAF)26.0208;25.5840;25.6707;62.5120 61.3904 61.5279 92.1896 91.8084 92.0225 
(CACF)24.5232;24.0864;24.1850;62.8400;61.5354;61.7577;92.3167;91.9355;92.1305;
(AAAF)26.0208;25.5216;25.6601;62.5120 61.3904 61.5040 92.1896 91.8084 92.0194 
(CACF)24.5232;24.0864;24.1719;62.8400;61.5125;61.7146;92.3167;91.9355;92.1363;
(AAAF)26.0208;25.5216;25.6470;62.5120 61.2684 61.4983 92.1896 91.8084 92.0232 
(CACF)24.5232;24.0864;24.1694;62.8400;61.3599;61.6911;92.3167;91.9355;92.1312;
(AAAF)26.0208;25.5216;25.6277;62.5120 61.2684 61.4594 92.1896 91.8084 92.0187 
(CACF)24.5232;24.0864;24.1632;62.8400;61.3065;61.6553;92.3167;91.9355;92.1331;
(AAAF)26.0208;25.5216;25.6489;62.5120 61.2684 61.4842 92.1896 91.8084 92.0194 
(CACF)24.5232;24.0864;24.1550;62.8400;61.3065;61.6363;92.3167;91.9355;92.1337;
(AAAF)26.0208;25.4592;25.6227;62.5120 61.2684 61.4474 92.1896 91.8084 92.0219 
(CACF)24.5232;24.0240;24.1575;62.8400;61.2760;61.6281;92.3167;91.9355;92.1286;
(AAAF)26.0208;25.4592;25.6221;62.5120 61.2684 61.4495 92.1896 91.8084 92.0181 
(CACF)24.5232;24.0240;24.1457;62.8400;61.2760;61.5800;92.3167;91.9355;92.1344;
(AAAF)26.0208;25.4592;25.5921;62.5120 61.2379 61.4085 92.1896 91.8084 92.0206 
(CACF)24.5232;24.0240;24.1476;62.8400;61.2455;61.5861;92.3167;91.9355;92.1337;
(AAAF)26.0208;25.4592;25.6258;62.5120 61.2379 61.4368 92.1896 91.8084 92.0206 
(CACF)24.5232;23.9616;24.1401;62.8400;61.2455;61.5895;92.3167;91.9355;92.1356;
(AAAF)26.0208;25.4592;25.5971;62.5120 61.2379 61.4332 92.1896 91.8084 92.0238 
(CACF)24.5232;23.9616;24.1270;62.8400;61.2455;61.5243;92.3167;91.9355;92.1318;
(AAAF)26.0208;25.3968;25.5803;62.5120 61.2379 61.3870 92.1896 91.8084 92.0251 
(CACF)24.5232;23.9616;24.1132;62.8400;61.2455;61.5271;92.3167;91.9355;92.1344;
(AAAF)26.0208;25.3968;25.5728;62.5120 61.2379 61.3988 92.1896 91.8084 92.0352 
(CACF)24.5232;23.9616;24.1313;62.8400;61.2455;61.5793;92.3167;91.9355;92.1344;
(AAAF)26.0208;25.3968;25.5977;62.5120 61.2379 61.4194 92.1896 91.8084 92.0333 
(CACF)24.5232;23.9616;24.1188;62.8400;61.2455;61.5563;92.3167;91.9355;92.1318;
(AAAF)26.0208;25.3344;25.5815;62.5120 61.2379 61.4026 92.1896 91.8084 92.0276 
(CACF)24.5232;23.9616;24.1151;62.8400;61.2455;61.5346;92.3167;91.9355;92.1375;
(AAAF)26.0208;25.3344;25.5715;62.5120 61.2379 61.4074 92.1896 91.8084 92.0352 
(CACF)24.5232;23.9616;24.1089;62.8400;61.2455;61.5224;92.3167;91.9355;92.1299;
(AAAF)26.0208;25.3344;25.5640;62.5120 61.2379 61.3991 92.1896 91.8084 92.0340 
(CACF)24.5232;23.9616;24.1039;62.8400;61.2455;61.5085;92.3167;91.9355;92.1325;
(AAAF)26.0208;25.3344;25.5597;62.5120 61.2379 61.3934 92.1896 91.8084 92.0352 
(CACF)24.5232;23.9616;24.0989;62.8400;61.2455;61.5043;92.3167;91.9355;92.1337;
(AAAF)26.0208;25.3344;25.5540;62.5120 61.1539 61.3854 92.1896 91.8084 92.0359 
(CACF)24.5232;23.8992;24.0958;62.8400;61.2150;61.5024;92.3167;91.9355;92.1325;
(AAAF)26.0208;25.3344;25.5503;62.5120 61.1539 61.3795 92.1896 91.8084 92.0371 
(CACF)24.5232;23.8992;24.0914;62.8400;61.2150;61.5003;92.3167;91.9355;92.1318;
(AAAF)26.0208;25.3344;25.5434;62.5120 61.0624 61.3667 92.1896 91.8084 92.0410 
(CACF)24.5232;23.8992;24.0883;62.8400;61.1539;61.4967;92.3167;91.9355;92.1299;
(AAAF)26.0208;25.3344;25.5391;62.5120 61.0319 61.3544 92.1896 91.8084 92.0397 
(CACF)24.5232;23.8992;24.0827;62.8400;61.1539;61.4838;92.3167;91.9355;92.1337;
(AAAF)26.0208;25.3344;25.5260;62.5120 61.0013 61.3489 92.1896 91.8084 92.0460 
(CACF)24.5232;23.8368;24.0745;62.8400;61.1234;61.4657;92.3167;91.9355;92.1274;
(AAAF)26.0208;25.3344;25.5116;62.5120 61.0013 61.3343 92.1896 91.8084 92.0416 
(CACF)24.5232;23.8368;24.0671;62.8400;61.1234;61.4409;92.3167;91.9355;92.1318;
(AAAF)25.7712;25.3344;25.5353;61.5964 61.0929 61.3562 92.1896 91.8084 92.0410 
(CACF)24.5232;23.8368;24.0621;62.8400;61.1234;61.4209;92.3167;91.9355;92.1325;
(AAAF)26.0208;25.3344;25.5547;62.5120 61.0013 61.3640 92.1896 91.8084 92.0359 
(CACF)24.2112;23.8368;24.0558;61.7795;61.1234;61.4057;92.3167;91.9990;92.1350;
(AAAF)26.0208;25.3344;25.5459;62.5120 60.9785 61.3468 92.1896 91.8084 92.0365 
(CACF)24.5232;23.8368;24.0933;62.8400;61.1005;61.4977;92.3167;91.9355;92.1305;
(AAAF)26.0208;25.3344;25.5278;62.5120 60.9174 61.3402 92.1896 91.8084 92.0499 
(CACF)24.5232;23.8368;24.0852;62.8400;61.0700;61.4689;92.3167;91.9355;92.1325;
(AAAF)26.0208;25.3344;25.5060;62.5120 60.9174 61.2941 92.1896 91.8084 92.0486 
(CACF)24.5232;23.8368;24.0633;62.8400;61.0700;61.4654;92.3167;91.9355;92.1305;
(AAAF)26.0208;25.3344;25.4760;62.5120 60.9174 61.2715 92.1896 91.8084 92.0511 
(CACF)24.5232;23.8368;24.0390;62.8400;61.0700;61.4070;92.3167;91.9355;92.1305;
(AAAF)25.7712;25.3344;25.5285;61.5659 61.0319 61.3455 92.1896 91.8084 92.0403 
(CACF)24.5232;23.8368;24.0209;62.8400;61.0700;61.3308;92.3167;91.9355;92.1337;
(AAAF)26.0208;25.3344;25.5472;62.5120 60.9174 61.3293 92.1896 91.8084 92.0333 
(CACF)24.2112;23.8992;24.0789;61.8635;61.1539;61.4587;92.3167;91.9990;92.1325;
(AAAF)26.0208;25.3344;25.5129;62.5120 60.9174 61.3097 92.1896 91.8084 92.0473 
(CACF)24.5232;23.8368;24.0752;62.8400;61.0700;61.4554;92.3167;91.9355;92.1363;
(AAAF)26.0208;25.2720;25.4742;62.5120 60.9174 61.2385 92.1896 91.8084 92.0530 
(CACF)24.5232;23.8368;24.0340;62.8400;61.0700;61.4287;92.3167;91.9355;92.1312;
(AAAF)25.6464;25.3344;25.4873;61.5659 60.9479 61.2925 92.1896 91.8084 92.0479 
(CACF)24.5232;23.7744;24.0022;62.8400;61.0700;61.3139;92.3167;91.9355;92.1274;
(AAAF)26.0208;25.2720;25.5466;62.5120 60.9174 61.3379 92.1896 91.8084 92.0340 
(CACF)24.2112;23.8368;24.0614;61.7795;61.1234;61.4181;92.3167;91.9990;92.1325;
(AAAF)26.0208;25.2720;25.4985;62.5120 60.9174 61.2832 92.1896 91.8084 92.0448 
(CACF)24.5232;23.7744;24.0664;62.8400;61.0700;61.4471;92.3167;91.9355;92.1312;
(AAAF)26.0208;25.2720;25.4361;62.5120 60.9174 61.1990 92.1896 91.8084 92.0568 
(CACF)24.5232;23.7744;24.0072;62.8400;61.0700;61.3934;92.3167;91.9355;92.1236;
(AAAF)25.7088;25.3344;25.5247;61.5659 61.0319 61.3405 92.1896 91.8084 92.0410 
(CACF)24.1488;23.7744;23.9884;61.5659;61.0700;61.2690;92.3167;91.9990;92.1305;
(AAAF)26.0208;25.2720;25.5228;62.5120 60.9174 61.2919 92.1896 91.8084 92.0333 
(CACF)24.5232;23.7744;24.0883;62.8400;61.1234;61.4979;92.3167;91.9355;92.1286;
(AAAF)26.0208;25.2720;25.4461;62.5120 60.9174 61.2164 92.1896 91.8084 92.0632 
(CACF)24.5232;23.7744;24.0246;62.8400;61.0700;61.4229;92.3167;91.9355;92.1242;
(AAAF)25.6464;25.3344;25.4779;61.5659 60.9174 61.2777 92.1896 91.8084 92.0486 
