(AAAF);12:00:30;27.2064;27.0192;27.0915;69.4547;69.1495;69.2144;92.9521 92.6344;92.8710;[0];
(CACF);12:00:30;27.0192;26.8944;26.9543;66.5327;66.2580;66.3287;93.0792;92.7615;92.9304;[0];
(AAAF);12:00:30;27.1440;27.1440;27.1440;69.1572;69.1572;69.1572;92.9521 92.9521;92.9521;[0];
(CACF);12:00:30;26.9568;26.9568;26.9568;66.2580;66.2580;66.2580;92.8886;92.8886;92.8886;[0];
(AAAF);12:00:30;27.2064;27.2064;27.2064;69.1572;69.1572;69.1572;92.8886 92.8886;92.8886;[0];
(CACF);12:00:30;26.9568;26.9568;26.9568;66.2580;66.2580;66.2580;92.9521;92.9521;92.9521;[0];
(AAAF);12:00:30;27.2064;27.2064;27.2064;69.1572;69.1572;69.1572;92.6979 92.6979;92.6979;[0];
(CACF);12:00:30;26.9568;26.9568;26.9568;66.2580;66.2580;66.2580;92.7615;92.7615;92.7615;[0];
(AAAF);12:00:30;27.2064;27.2064;27.2064;69.1572;69.1572;69.1572;92.8250 92.8250;92.8250;[0];
(CACF);12:00:30;26.9568;26.9568;26.9568;66.2580;66.2580;66.2580;92.8886;92.8886;92.8886;[0];
(AAAF);12:00:30;27.2064;27.2064;27.2064;69.1572;69.1572;69.1572;92.9521 92.9521;92.9521;[0];
(CACF);12:00:30;27.0192;27.0192;27.0192;66.2580;66.2580;66.2580;93.0156;93.0156;93.0156;[0];
(AAAF);12:00:30;27.2064;27.2064;27.2064;69.1572;69.1572;69.1572;92.9521 92.9521;92.9521;[0];
(CACF);12:00:30;26.9568;26.9568;26.9568;66.2580;66.2580;66.2580;93.0156;93.0156;93.0156;[0];
(AAAF);12:00:30;27.2064;27.2064;27.2064;69.1572;69.1572;69.1572;92.9521 92.9521;92.9521;[0];
(CACF);12:00:30;27.0192;27.0192;27.0192;66.2580;66.2580;66.2580;93.0792;93.0792;93.0792;[0];
(AAAF);12:00:30;27.2064;27.2064;27.2064;69.1572;69.1572;69.1572;92.8250 92.8250;92.8250;[0];
(CACF);12:00:30;26.9568;26.9568;26.9568;66.2580;66.2580;66.2580;92.9521;92.9521;92.9521;[0];
