Node Sensor;max Temperature; min Temperature; rata-rata Temperature; max Humidity; min Humidity; rata-rata Humidity; max Pressure; min Pressure; rata-rata Pressure(BCAF);12:00:30;28.2672;26.6448;28.1644;76.3898;67.3643;67.9571;93.0792;92.8886;92.9671;
(BCAF);12:01:00;26.9568;26.8320;26.8819;73.9561;73.5517;73.7923;93.0792;92.8886;92.9225;
(BCAF);12:01:30;27.1440;26.9568;27.0641;73.5212;72.8345;73.1986;93.0792;92.8250;92.9699;
(BCAF);12:02:00;27.3312;27.1440;27.2352;72.6972;72.0640;72.4815;93.0156;92.8886;92.9912;
(BCAF);12:02:30;27.3936;27.2688;27.3612;72.0411;71.7359;71.9007;93.0156;92.7615;92.9140;
(BCAF);12:03:00;27.5184;27.3936;27.4608;71.7435;71.1027;71.3415;93.0792;92.7615;92.9399;
(BCAF);12:03:30;27.6432;27.5184;27.5568;71.2781;71.1255;71.2162;93.0156;92.7615;92.9252;
(BCAF);12:04:00;27.7056;27.5808;27.6432;71.2171;70.8280;71.0537;92.9521;92.8250;92.9277;
(BCAF);12:04:30;27.7680;27.6432;27.7131;70.8051;70.6068;70.6855;93.0156;92.8250;92.9318;
(BCAF);12:05:00;27.8304;27.7680;27.7872;70.5839;70.5076;70.5566;93.0156;92.8250;92.9448;
(BCAF);12:05:30;27.8928;27.7680;27.8504;70.5076;70.2253;70.3211;93.0156;92.8250;92.9267;
(BCAF);12:06:00;27.9552;27.8304;27.8952;70.2253;69.9735;70.1179;93.0156;92.8250;92.9350;
(BCAF);12:06:30;27.9552;27.8928;27.9427;70.0117;69.9201;69.9665;93.0156;92.8250;92.9419;
(BCAF);12:07:00;28.0176;27.9552;27.9888;69.9811;69.8972;69.9345;93.0792;92.8250;92.9717;
(BCAF);12:07:30;28.0800;28.0176;28.0301;69.8972;69.6454;69.7938;93.0792;92.8250;92.9445;
(BCAF);12:08:00;28.1424;28.0176;28.0488;69.5615;69.2029;69.2942;93.0792;92.8250;92.9790;
(BCAF);12:08:30;28.1424;28.0176;28.0825;69.4471;69.3403;69.4132;93.0792;92.8886;92.9724;
(BCAF);12:09:00;28.1424;28.0800;28.1256;69.4623;69.0885;69.2737;93.0792;92.8886;92.9374;
(BCAF);12:09:30;28.1424;28.0800;28.1274;69.0351;68.8596;68.9393;93.0792;92.8886;92.9572;
(BCAF);12:10:00;28.1424;28.0800;28.1304;68.9588;68.8596;68.9207;93.0792;92.8886;92.9497;
(BCAF);12:10:30;28.2048;28.0800;28.1448;69.0122;68.8978;68.9500;93.0792;92.8886;92.9741;
(BCAF);12:11:00;28.2048;28.1424;28.1544;69.0122;68.8978;68.9092;93.0792;92.8886;92.9619;
(BCAF);12:11:30;28.2048;28.1424;28.1873;69.0656;68.8978;68.9765;93.0792;92.8886;92.9801;
(BCAF);12:12:00;28.2672;28.1424;28.2048;69.0961;69.0122;69.0709;93.0792;92.8886;92.9741;
(BCAF);12:12:30;28.2672;28.2048;28.2098;68.9817;68.7299;68.8264;93.0792;92.8886;92.9699;
(BCAF);12:13:00;28.2672;28.2048;28.2168;68.8444;68.7604;68.8191;93.0792;92.8886;92.9814;
(BCAF);12:13:30;28.2672;28.2048;28.2348;68.8978;68.5621;68.7223;93.0792;92.8250;92.9572;
(BCAF);12:14:00;28.2672;28.2048;28.2552;68.8444;68.6765;68.7725;93.0792;92.8886;92.9814;
(BCAF);12:14:30;28.2672;28.2048;28.2622;68.8444;68.5621;68.7394;93.0792;92.8886;92.9826;
(BCAF);12:15:00;28.3296;28.2672;28.2696;68.5392;68.4553;68.4943;93.0792;92.8250;92.9668;
(BCAF);12:15:30;28.3296;28.2048;28.2672;68.5621;68.2035;68.3701;93.0792;92.8250;92.9750;
(BCAF);12:16:00;28.3296;28.2672;28.2744;68.3713;68.1730;68.2493;93.0792;92.9521;92.9717;
(BCAF);12:16:30;28.3296;28.2672;28.2872;68.5163;68.3713;68.4623;93.0792;92.8250;92.9674;
(BCAF);12:17:00;28.3296;28.2672;28.3080;68.5163;68.4781;68.5016;93.0792;92.9521;92.9765;
(BCAF);12:17:30;28.3296;28.2672;28.3046;68.5163;68.3256;68.4223;93.0792;92.8250;92.9724;
(BCAF);12:18:00;28.3296;28.2672;28.3157;68.2950;68.1196;68.1829;93.0792;92.8886;92.9545;
(BCAF);12:18:30;28.3296;28.2672;28.3171;68.2111;68.0585;68.1745;93.0792;92.8250;92.9775;
(BCAF);12:19:00;28.3296;28.2672;28.3176;68.2645;68.0585;68.1768;93.0792;92.8250;92.9521;
(BCAF);12:19:30;28.3296;28.2672;28.3196;68.2645;68.2111;68.2429;93.0792;92.7615;92.9623;
(BCAF);12:20:00;28.3296;28.2672;28.3152;68.2340;68.0967;68.1539;93.1427;92.8250;92.9888;
(BCAF);12:20:30;28.3920;28.3296;28.3321;68.2950;68.2111;68.2502;93.0792;92.8250;92.9699;
(BCAF);12:21:00;28.3920;28.3296;28.3320;68.2340;68.0662;68.1580;93.0792;92.8250;92.9741;
(BCAF);12:21:30;28.3296;28.2672;28.3221;68.1272;67.9746;68.0466;93.0792;92.8250;92.9445;
(BCAF);12:22:00;28.3296;28.2672;28.3128;68.2340;68.1501;68.1888;93.0792;92.8250;92.9594;
(BCAF);12:22:30;28.3296;28.2672;28.3196;68.1501;67.9746;68.0674;93.0792;92.9521;92.9775;
(BCAF);12:23:00;28.3296;28.2672;28.3176;68.1501;68.0128;68.0767;93.0792;92.8250;92.9668;
(BCAF);12:23:30;28.3296;28.2672;28.3246;68.2340;68.0356;68.1531;93.1427;92.8250;92.9623;
(BCAF);12:24:00;28.3920;28.2672;28.3224;68.3256;68.2340;68.2857;93.1427;92.8250;92.9839;
(BCAF);12:24:30;28.3296;28.3296;28.3296;68.2950;68.1501;68.2026;93.0792;92.8250;92.9445;
(BCAF);12:25:00;28.3920;28.3296;28.3320;68.1501;68.0128;68.0981;93.1427;92.8250;92.9790;
(BCAF);12:25:30;28.3920;28.2672;28.3296;68.0128;67.9288;67.9655;93.0792;92.8250;92.9717;
(BCAF);12:26:00;28.3296;28.2672;28.3200;68.0967;67.8983;67.9884;93.0792;92.8886;92.9741;
(BCAF);12:26:30;28.3920;28.2672;28.3271;68.1272;67.9288;68.0002;93.0792;92.8250;92.9572;
(BCAF);12:27:00;28.3296;28.2672;28.3248;68.1806;67.9822;68.0788;93.1427;92.9521;92.9961;
(BCAF);12:27:30;28.3920;28.3296;28.3321;68.2111;68.1272;68.1483;93.0792;92.8250;92.9648;
(BCAF);12:28:00;28.3920;28.3296;28.3368;68.1806;67.8983;68.0864;93.0156;92.8250;92.9301;
(BCAF);12:28:30;28.3920;28.3296;28.3396;68.0662;67.8983;67.9990;93.0792;92.8250;92.9623;
(BCAF);12:29:00;28.3920;28.3296;28.3512;68.0967;67.9822;68.0219;93.0792;92.8250;92.9643;
(BCAF);12:29:30;28.3920;28.3296;28.3496;68.1501;68.0967;68.1409;93.0792;92.6979;92.9470;
(BCAF);12:30:00;28.3920;28.3296;28.3392;68.1501;68.0128;68.0609;93.0792;92.8250;92.9570;
(BCAF);12:30:30;28.3920;28.3296;28.3396;68.0662;67.9594;68.0170;93.1427;92.8250;92.9801;
(BCAF);12:31:00;28.3920;28.3296;28.3392;68.0967;68.0128;68.0395;93.1427;92.8250;92.9790;
(BCAF);12:31:30;28.3296;28.2672;28.3171;68.0967;67.7610;67.9041;93.1427;92.8250;92.9750;
(BCAF);12:32:00;28.3296;28.2672;28.3104;67.9288;67.7610;67.8505;93.0792;92.8250;92.9570;
(BCAF);12:32:30;28.3296;28.2672;28.3176;68.1501;67.9288;68.0107;93.0792;92.8250;92.9619;
(BCAF);12:33:00;28.3296;28.2672;28.3176;68.1501;67.9822;68.0486;93.0792;92.8250;92.9814;
(BCAF);12:33:30;28.3920;28.2672;28.3271;67.9822;67.8983;67.9444;93.0792;92.8886;92.9724;
(BCAF);12:34:00;28.3296;28.2672;28.3224;68.0967;67.9822;68.0506;93.1427;92.8886;92.9888;
(BCAF);12:34:30;28.3296;28.2672;28.3221;68.0662;67.9822;68.0118;93.1427;92.8250;92.9877;
(BCAF);12:35:00;28.3920;28.2672;28.3272;68.1272;68.0128;68.0861;93.0792;92.8250;92.9765;
(BCAF);12:35:30;28.3296;28.2672;28.3246;68.1272;67.9594;68.0137;93.1427;92.8250;92.9801;
(BCAF);12:36:00;28.3296;28.2672;28.3272;68.0967;67.9822;68.0130;93.0792;92.8886;92.9570;
(BCAF);12:36:30;28.3920;28.2672;28.3196;68.1272;67.9288;68.0308;93.0792;92.9521;92.9775;
(BCAF);12:37:00;28.3296;28.2672;28.3224;68.1272;68.0128;68.0923;93.1427;92.9521;92.9912;
(BCAF);12:37:30;28.3296;28.2672;28.3271;68.1272;68.0662;68.1125;93.0792;92.9521;92.9801;
(BCAF);12:38:00;28.3296;28.2672;28.3248;68.0128;67.9288;67.9726;93.0792;92.8886;92.9741;
(BCAF);12:38:30;28.3296;28.2672;28.3271;68.0967;68.0128;68.0509;93.0792;92.8250;92.9648;
(BCAF);12:39:00;28.3296;28.2672;28.3272;68.0128;67.8983;67.9582;93.0792;92.9521;92.9839;
(BCAF);12:39:30;28.3296;28.2672;28.3224;67.9288;67.7076;67.8085;93.1427;92.8250;92.9668;
(BCAF);12:40:00;28.3296;28.2672;28.3248;67.9288;67.8144;67.8834;93.0792;92.8886;92.9814;
(BCAF);12:40:30;28.3296;28.2672;28.3246;67.9594;67.8754;67.9328;93.0792;92.8250;92.9750;
(BCAF);12:41:00;28.3296;28.2672;28.3272;67.8449;67.7915;67.8159;93.1427;92.9521;93.0108;
(BCAF);12:41:30;28.3296;28.2672;28.3271;67.9822;67.8449;67.8940;93.0792;92.8250;92.9699;
(BCAF);12:42:00;28.3920;28.2672;28.3248;67.9822;67.9288;67.9394;93.1427;92.8250;92.9765;
(BCAF);12:42:30;28.3920;28.3296;28.3321;67.9822;67.8754;67.9630;93.1427;92.8250;92.9775;
(BCAF);12:43:00;28.3920;28.2672;28.3296;68.0128;67.8449;67.9497;93.1427;92.9521;93.0059;
(BCAF);12:43:30;28.3920;28.2672;28.3346;68.0128;67.9288;67.9774;93.1427;92.7615;92.9623;
(BCAF);12:44:00;28.3296;28.2672;28.3272;68.0128;67.8144;67.9558;93.1427;92.8250;93.0059;
(BCAF);12:44:30;28.3296;28.2672;28.3246;67.7610;67.6465;67.6862;93.0792;92.8250;92.9699;
(BCAF);12:45:00;28.3296;28.2672;28.3080;67.7610;67.6160;67.6929;93.0792;92.8250;92.9497;
(BCAF);12:45:30;28.3296;28.2672;28.2872;67.8449;67.6160;67.7097;93.0792;92.8886;92.9648;
(BCAF);12:46:00;28.3296;28.2672;28.2936;67.8983;67.6694;67.8446;93.0792;92.8886;92.9717;
(BCAF);12:46:30;28.3296;28.2672;28.2972;67.7610;67.5550;67.6221;93.0792;92.7615;92.9648;
(BCAF);12:47:00;28.3296;28.2672;28.3157;67.8449;67.7076;67.7565;93.0792;92.8250;92.9756;
(BCAF);12:47:30;28.3296;28.2672;28.2972;67.8144;67.6160;67.7027;93.0792;92.8250;92.9826;
(BCAF);12:48:00;28.3296;28.2672;28.3200;67.8983;67.7915;67.8795;93.0792;92.8250;92.9692;
(BCAF);12:48:30;28.3296;28.2672;28.2972;67.7610;67.5550;67.6237;93.1427;92.8250;92.9826;
(BCAF);12:49:00;28.3296;28.2672;28.3128;67.7915;67.6160;67.7029;93.0792;92.8250;92.9692;
(BCAF);12:49:30;28.3296;28.2672;28.3096;67.8144;67.7610;67.7753;93.0792;92.8250;92.9521;
(BCAF);12:50:00;28.3296;28.2672;28.3056;67.8449;67.6465;67.7862;93.0792;92.8250;92.9741;
(BCAF);12:50:30;28.3296;28.2672;28.3096;67.6465;67.5931;67.6179;93.1427;92.9521;92.9851;
(BCAF);12:51:00;28.3296;28.2672;28.2912;67.6237;67.3337;67.4491;93.0792;92.9521;92.9936;
(BCAF);12:51:30;28.3296;28.2672;28.2772;67.5550;67.3337;67.4238;93.1427;92.8250;92.9801;
(BCAF);12:52:00;28.3296;28.2672;28.2840;67.5550;67.4482;67.4893;93.0792;92.9521;92.9888;
(BCAF);12:52:30;28.3296;28.2672;28.2722;67.5550;67.3032;67.4265;93.0792;92.8250;92.9928;
(BCAF);12:53:00;28.3296;28.2048;28.2600;67.5016;67.3337;67.4097;93.0792;92.8886;92.9594;
(BCAF);12:53:30;28.2672;28.2048;28.2572;67.6160;67.5016;67.5779;93.1427;92.8886;92.9801;
(BCAF);12:54:00;28.2672;28.2672;28.2672;67.6694;67.5321;67.6313;93.0792;92.8886;92.9741;
(BCAF);12:54:30;28.2672;28.2672;28.2672;67.5321;67.4177;67.5039;93.0792;92.8886;92.9741;
(BCAF);12:55:00;28.2672;28.2048;28.2648;67.5321;67.4177;67.4875;93.1427;92.9521;93.0059;
(BCAF);12:55:30;28.2672;28.2048;28.2622;67.5855;67.4711;67.5367;93.0792;92.9521;92.9877;
(BCAF);12:56:00;28.2672;28.2048;28.2624;67.5855;67.5016;67.5456;93.0792;92.8886;92.9839;
(BCAF);12:56:30;28.3296;28.2672;28.2697;67.6389;67.5321;67.5751;93.0792;92.8886;92.9978;
(BCAF);12:57:00;28.3296;28.2048;28.2696;67.7534;67.6694;67.7164;93.0792;92.8886;92.9570;
(BCAF);12:57:30;28.3296;28.2672;28.2697;67.7839;67.6694;67.7238;93.0792;92.8886;92.9674;
(BCAF);12:58:00;28.3296;28.2672;28.2744;67.8068;67.7534;67.7930;93.0792;92.8886;92.9912;
(BCAF);12:58:30;28.3296;28.2672;28.2847;67.8373;67.5855;67.7134;93.1427;92.8250;92.9623;
(BCAF);12:59:00;28.3296;28.2672;28.2816;67.7228;67.6160;67.6700;93.0792;92.9521;92.9790;
(BCAF);12:59:30;28.3296;28.2672;28.2722;67.8068;67.7228;67.7701;93.1427;92.8886;92.9851;
(BCAF);01:00:00;28.3296;28.2672;28.2720;67.8373;67.7839;67.8135;93.0792;92.8250;92.9961;
(BCAF);01:00:30;28.3296;28.2672;28.2697;67.8373;67.6389;67.7903;93.1427;92.9521;92.9928;
(BCAF);01:01:00;28.3296;28.2672;28.2744;67.6160;67.5321;67.5661;93.1427;92.9521;92.9961;
(BCAF);01:01:30;28.3296;28.2672;28.2697;67.7534;67.5550;67.6517;93.0792;92.9521;92.9902;
(BCAF);01:02:00;28.3296;28.2672;28.2764;67.8068;67.7228;67.7791;93.0792;92.8250;92.9639;
(BCAF);01:02:30;28.3296;28.2672;28.2747;67.7534;67.6694;67.7244;93.0792;92.8250;92.9724;
(BCAF);01:03:00;28.3296;28.2672;28.2840;67.7610;67.5550;67.6545;93.0792;92.9521;92.9863;
(BCAF);01:03:30;28.3296;28.2672;28.2747;67.6160;67.5321;67.5532;93.1427;92.9521;93.0029;
(BCAF);01:04:00;28.3296;28.2048;28.2720;67.6694;67.6160;67.6460;93.0792;92.8250;92.9814;
(BCAF);01:04:30;28.3296;28.2672;28.2747;67.7534;67.6694;67.7146;93.0792;92.8886;92.9572;
(BCAF);01:05:00;28.3296;28.2048;28.2720;67.6389;67.3337;67.4863;93.0792;92.9521;93.0132;
(BCAF);01:05:30;28.3296;28.2048;28.2697;67.6160;67.4711;67.5199;93.1427;92.9521;93.0004;
(BCAF);01:06:00;28.2672;28.2672;28.2672;67.6694;67.6160;67.6369;93.0792;92.9521;92.9936;
(BCAF);01:06:30;28.3296;28.2672;28.2697;67.6694;67.5321;67.5858;93.1427;92.8250;92.9978;
(BCAF);01:07:00;28.3296;28.2048;28.2720;67.5855;67.4177;67.5330;93.0792;92.9521;92.9790;
(BCAF);01:07:30;28.3296;28.2672;28.2722;67.5321;67.4177;67.4766;93.0792;92.8886;92.9750;
(BCAF);01:08:00;28.3296;28.2672;28.2864;67.5550;67.5016;67.5221;93.0792;92.8250;92.9545;
(BCAF);01:08:30;28.3296;28.2672;28.2897;67.6771;67.5550;67.6255;93.0792;92.9521;92.9902;
(BCAF);01:09:00;28.3296;28.2672;28.2840;67.6160;67.5550;67.5996;93.1427;92.8886;92.9888;
(BCAF);01:09:30;28.3296;28.2048;28.2772;67.5855;67.5016;67.5413;93.0792;92.9521;93.0004;
(BCAF);01:10:00;28.3296;28.2672;28.2857;67.6160;67.4711;67.5592;93.0792;92.9521;93.0039;
(BCAF);01:10:30;28.3296;28.2672;28.2797;67.5321;67.3337;67.4659;93.0792;92.8250;92.9648;
(BCAF);01:11:00;28.2672;28.2672;28.2672;67.6465;67.4177;67.5441;93.0792;92.8250;92.9765;
(BCAF);01:11:30;28.3296;28.2672;28.2772;67.6160;67.5550;67.5806;93.0792;92.8250;92.9750;
(BCAF);01:12:00;28.3296;28.2672;28.2792;67.5550;67.5016;67.5342;93.1427;92.8886;92.9936;
(BCAF);01:12:30;28.3296;28.2672;28.2797;67.5550;67.5016;67.5269;93.0792;92.9521;92.9724;
(BCAF);01:13:00;28.3296;28.2672;28.2696;67.5855;67.4711;67.5174;93.0792;92.8886;92.9888;
(BCAF);01:13:30;28.3296;28.2048;28.2672;67.5855;67.5016;67.5214;93.0792;92.8886;92.9801;
(BCAF);01:14:00;28.2672;28.2672;28.2672;67.5321;67.4711;67.5133;93.0792;92.8886;92.9741;
(BCAF);01:14:30;28.2672;28.2048;28.2572;67.4711;67.3337;67.3603;93.0792;92.8886;92.9699;
(BCAF);01:15:00;28.2672;28.2048;28.2624;67.6160;67.4177;67.5236;93.0792;92.8886;92.9912;
(BCAF);01:15:30;28.2672;28.2048;28.2647;67.6389;67.6160;67.6243;93.0792;92.9521;93.0004;
(BCAF);01:16:00;28.3296;28.2048;28.2672;67.6160;67.5855;67.5879;93.0792;92.8886;92.9888;
(BCAF);01:16:30;28.2672;28.2048;28.2647;67.6160;67.5016;67.5715;93.0792;92.8886;92.9978;
(BCAF);01:17:00;28.2672;28.2048;28.2600;67.5321;67.2803;67.4141;93.0792;92.8886;92.9692;
(BCAF);01:17:30;28.2672;28.2048;28.2576;67.3643;67.2498;67.3000;93.0792;92.9521;92.9985;
(BCAF);01:18:00;28.3296;28.2048;28.2600;67.3643;67.3337;67.3549;93.0792;92.8886;93.0156;
(BCAF);01:18:30;28.2672;28.2048;28.2622;67.4711;67.3643;67.4393;93.1427;92.9521;92.9978;
(BCAF);01:19:00;28.3296;28.2048;28.2624;67.4177;67.3337;67.3640;93.1427;92.8886;92.9863;
(BCAF);01:19:30;28.2672;28.2048;28.2622;67.4711;67.3643;67.4448;93.0792;92.8886;92.9724;
(BCAF);01:20:00;28.3296;28.2048;28.2600;67.4482;67.3337;67.3836;93.0792;92.8886;92.9936;
(BCAF);01:20:30;28.3296;28.2672;28.2722;67.5550;67.4177;67.5013;93.0792;92.8886;92.9978;
(BCAF);01:21:00;28.2672;28.2048;28.2600;67.5855;67.5321;67.5565;93.0792;92.8886;92.9814;
