(aaaf);2;12:00:07:351;28.95359992980957;63.23675537109375;92.76148986816406;[0]
(aaaf);3;12:00:17:845;28.95359992980957;63.061279296875;92.82502746582031;[0]
(cacf);2;12:00:13:554;27.6431999206543;62.78662109375;92.82502746582031;[0]
(aaaf);4;12:00:18:94;28.95359992980957;63.061279296875;92.76148986816406;[0]
(cacf);3;12:00:13:813;27.6431999206543;62.78662109375;92.82502746582031;[0]
(aaaf);5;12:00:18:338;28.95359992980957;63.061279296875;92.82502746582031;[0]
(cacf);4;12:00:14:66;27.5807991027832;62.78662109375;92.82502746582031;[0]
(aaaf);6;12:00:18:589;28.95359992980957;63.061279296875;92.82502746582031;[0]
(cacf);5;12:00:14:320;27.6431999206543;62.756103515625;92.95210266113281;[0]
(aaaf);7;12:00:18:832;28.95359992980957;63.061279296875;92.76148986816406;[0]
(cacf);6;12:00:14:568;27.6431999206543;62.756103515625;92.95210266113281;[0]
(aaaf);8;12:00:19:82;28.95359992980957;63.061279296875;92.82502746582031;[0]
(cacf);7;12:00:14:818;27.6431999206543;62.756103515625;92.82502746582031;[0]
(aaaf);9;12:00:19:330;28.89119911193847;63.061279296875;92.82502746582031;[0]
(cacf);8;12:00:15:66;27.6431999206543;62.756103515625;92.82502746582031;[0]
(aaaf);10;12:00:19:578;28.89119911193847;63.03076171875;92.82502746582031;[0]
(cacf);9;12:00:15:314;27.6431999206543;62.756103515625;92.82502746582031;[0]
(aaaf);11;12:00:19:822;28.95359992980957;63.03076171875;92.82502746582031;[0]
(cacf);10;12:00:15:564;27.6431999206543;62.756103515625;92.82502746582031;[0]
(aaaf);12;12:00:20:66;28.95359992980957;63.03076171875;92.82502746582031;[0]
(cacf);11;12:00:15:813;27.6431999206543;62.756103515625;92.95210266113281;[0]
(aaaf);13;12:00:20:316;28.95359992980957;63.061279296875;92.82502746582031;[0]
(cacf);12;12:00:16:67;27.6431999206543;62.756103515625;92.82502746582031;[0]
(aaaf);14;12:00:20:563;28.95359992980957;63.03076171875;92.82502746582031;[0]
(cacf);13;12:00:16:315;27.6431999206543;62.756103515625;92.95210266113281;[0]
(aaaf);15;12:00:20:807;28.95359992980957;63.061279296875;92.82502746582031;[0]
(cacf);14;12:00:16:559;27.6431999206543;62.756103515625;92.95210266113281;[0]
(aaaf);16;12:00:21:57;28.95359992980957;63.03076171875;92.82502746582031;[0]
(cacf);15;12:00:16:804;27.6431999206543;62.756103515625;92.95210266113281;[0]
(aaaf);17;12:00:21:307;29.01599884033203;63.03076171875;92.69794464111328;[0]
(cacf);16;12:00:17:52;27.6431999206543;62.756103515625;92.88856506347656;[0]
(aaaf);18;12:00:21:551;28.95359992980957;63.03076171875;92.76148986816406;[0]
(cacf);17;12:00:17:302;27.6431999206543;62.756103515625;92.82502746582031;[0]
(aaaf);19;12:00:21:794;28.95359992980957;63.03076171875;92.82502746582031;[0]
(cacf);18;12:00:17:551;27.70559883117675;62.756103515625;92.82502746582031;[0]
(aaaf);20;12:00:22:43;28.95359992980957;63.03076171875;92.82502746582031;[0]
(cacf);19;12:00:17:806;27.6431999206543;62.7255859375;92.88856506347656;[0]
(aaaf);21;12:00:22:286;28.95359992980957;63.03076171875;92.82502746582031;[0]
(cacf);20;12:00:18:59;27.6431999206543;62.756103515625;92.95210266113281;[0]
(aaaf);22;12:00:22:531;28.89119911193847;63.03076171875;92.95210266113281;[0]
(cacf);21;12:00:18:308;27.6431999206543;62.7255859375;92.95210266113281;[0]
(aaaf);23;12:00:22:774;28.95359992980957;63.03076171875;92.82502746582031;[0]
(cacf);22;12:00:18:562;27.6431999206543;62.7255859375;92.82502746582031;[0]
(aaaf);24;12:00:23:24;28.95359992980957;63.03076171875;92.82502746582031;[0]
(cacf);23;12:00:18:810;27.6431999206543;62.7255859375;92.82502746582031;[0]
(aaaf);25;12:00:23:272;28.95359992980957;63.03076171875;92.82502746582031;[0]
(cacf);24;12:00:19:58;27.6431999206543;62.7255859375;92.82502746582031;[0]
(aaaf);26;12:00:23:522;28.95359992980957;63.03076171875;92.82502746582031;[0]
(cacf);25;12:00:19:306;27.6431999206543;62.7255859375;92.82502746582031;[0]
(aaaf);27;12:00:23:769;28.95359992980957;63.000244140625;92.82502746582031;[0]
(cacf);26;12:00:19:560;27.6431999206543;62.695068359375;92.88856506347656;[0]
(aaaf);28;12:00:24:13;28.95359992980957;63.000244140625;92.82502746582031;[0]
(cacf);27;12:00:19:810;27.70559883117675;62.695068359375;92.95210266113281;[0]
(aaaf);29;12:00:24:257;28.95359992980957;62.9697265625;92.76148986816406;[0]
(cacf);28;12:00:20:58;27.5807991027832;62.695068359375;92.82502746582031;[0]
(aaaf);30;12:00:24:506;28.95359992980957;62.9697265625;92.82502746582031;[0]
(cacf);29;12:00:20:306;27.6431999206543;62.695068359375;92.88856506347656;[0]
(aaaf);31;12:00:24:749;28.95359992980957;62.9697265625;92.82502746582031;[0]
(cacf);30;12:00:20:555;27.6431999206543;62.695068359375;92.82502746582031;[0]
(aaaf);32;12:00:24:998;28.95359992980957;62.9697265625;92.82502746582031;[0]
(cacf);31;12:00:20:804;27.6431999206543;62.634033203125;92.82502746582031;[0]
(aaaf);33;12:00:25:247;28.95359992980957;62.9697265625;92.82502746582031;[0]
(cacf);32;12:00:21:49;27.6431999206543;62.634033203125;92.88856506347656;[0]
(aaaf);34;12:00:25:501;29.01599884033203;62.9697265625;92.82502746582031;[0]
(cacf);33;12:00:21:298;27.6431999206543;62.634033203125;92.82502746582031;[0]
(aaaf);35;12:00:25:750;28.95359992980957;62.9697265625;92.76148986816406;[0]
(cacf);34;12:00:21:548;27.70559883117675;62.634033203125;92.82502746582031;[0]
(aaaf);36;12:00:26:1;29.01599884033203;62.9697265625;92.69794464111328;[0]
(cacf);35;12:00:21:802;27.6431999206543;62.634033203125;92.82502746582031;[0]
(aaaf);37;12:00:26:249;29.01599884033203;62.939208984375;92.82502746582031;[0]
(cacf);36;12:00:22:50;27.6431999206543;62.634033203125;92.95210266113281;[0]
(aaaf);38;12:00:26:503;29.01599884033203;62.939208984375;92.82502746582031;[0]
(cacf);37;12:00:22:298;27.6431999206543;62.603515625;92.95210266113281;[0]
(aaaf);39;12:00:26:752;29.01599884033203;62.90869140625;92.82502746582031;[0]
(cacf);38;12:00:22:548;27.6431999206543;62.603515625;92.95210266113281;[0]
(aaaf);40;12:00:27:0;29.01599884033203;62.90869140625;92.82502746582031;[0]
(cacf);39;12:00:22:790;27.6431999206543;62.603515625;92.82502746582031;[0]
(aaaf);41;12:00:27:249;29.01599884033203;62.90869140625;92.82502746582031;[0]
(cacf);40;12:00:23:34;27.70559883117675;62.603515625;92.82502746582031;[0]
(aaaf);42;12:00:27:502;29.01599884033203;62.90869140625;92.82502746582031;[0]
(cacf);41;12:00:23:283;27.70559883117675;62.603515625;92.82502746582031;[0]
(aaaf);43;12:00:27:751;29.01599884033203;62.90869140625;92.82502746582031;[0]
(cacf);42;12:00:23:528;27.6431999206543;62.603515625;92.76148986816406;[0]
(aaaf);44;12:00:28:0;29.01599884033203;62.90869140625;92.82502746582031;[0]
(cacf);43;12:00:23:773;27.6431999206543;62.603515625;92.82502746582031;[0]
(aaaf);45;12:00:28:245;29.01599884033203;62.90869140625;92.69794464111328;[0]
(cacf);44;12:00:24:21;27.6431999206543;62.603515625;92.82502746582031;[0]
(aaaf);46;12:00:28:493;29.01599884033203;62.90869140625;92.82502746582031;[0]
(cacf);45;12:00:24:269;27.6431999206543;62.603515625;92.82502746582031;[0]
(aaaf);47;12:00:28:741;29.01599884033203;62.88580322265625;92.82502746582031;[0]
(cacf);46;12:00:24:519;27.6431999206543;62.603515625;92.88856506347656;[0]
(aaaf);48;12:00:28:991;29.01599884033203;62.88580322265625;92.82502746582031;[0]
(cacf);47;12:00:24:767;27.6431999206543;62.572998046875;92.82502746582031;[0]
(aaaf);49;12:00:29:245;29.01599884033203;62.88580322265625;92.82502746582031;[0]
(cacf);48;12:00:25:21;27.6431999206543;62.572998046875;92.82502746582031;[0]
(aaaf);50;12:00:29:493;29.01599884033203;62.88580322265625;92.82502746582031;[0]
(cacf);49;12:00:25:271;27.6431999206543;62.572998046875;92.95210266113281;[0]
(aaaf);51;12:00:29:742;29.07839965820312;62.88580322265625;92.82502746582031;[0]
(cacf);50;12:00:25:519;27.70559883117675;62.572998046875;92.82502746582031;[0]
(aaaf);52;12:00:29:992;29.01599884033203;62.85528564453125;92.82502746582031;[0]
