(aaaf);2;12:00:08:144;28.32959938049316;67.61602783203125;92.82502746582031;[1]
(aaaf);2;12:00:08:144;28.32959938049316;67.61602783203125;92.82502746582031;[1]
(cacf);1;12:00:03:58;27.70559883117675;66.18170166015625;92.82502746582031;[1]
(aaaf);3;12:00:17:758;28.39199829101562;67.8677978515625;92.95210266113281;[1]
(cacf);2;12:00:12:713;27.70559883117675;66.5860595703125;92.82502746582031;[1]
(aaaf);4;12:00:18:9;28.32959938049316;67.8677978515625;92.69794464111328;[1]
(cacf);3;12:00:12:962;27.70559883117675;66.5860595703125;92.88856506347656;[1]
(aaaf);5;12:00:18:256;28.32959938049316;67.8677978515625;92.63440704345703;[1]
(cacf);4;12:00:13:211;27.70559883117675;66.5860595703125;92.82502746582031;[1]
(aaaf);6;12:00:18:505;28.32959938049316;67.8677978515625;92.63440704345703;[1]
(cacf);5;12:00:13:458;27.70559883117675;66.5860595703125;92.82502746582031;[1]
(aaaf);7;12:00:18:760;28.32959938049316;67.8677978515625;92.76148986816406;[1]
(cacf);6;12:00:13:707;27.70559883117675;66.5860595703125;92.82502746582031;[1]
(aaaf);8;12:00:19:10;28.32959938049316;67.8677978515625;92.69794464111328;[1]
(cacf);7;12:00:13:956;27.70559883117675;66.5860595703125;92.95210266113281;[1]
(aaaf);9;12:00:19:258;28.32959938049316;67.89068603515625;92.82502746582031;[1]
(cacf);8;12:00:14:205;27.70559883117675;66.5860595703125;92.82502746582031;[1]
(aaaf);10;12:00:19:506;28.32959938049316;67.89068603515625;92.69794464111328;[1]
(cacf);9;12:00:14:459;27.70559883117675;66.5860595703125;92.95210266113281;[1]
(aaaf);11;12:00:19:757;28.32959938049316;67.89068603515625;92.63440704345703;[1]
(cacf);10;12:00:14:709;27.70559883117675;66.5860595703125;92.95210266113281;[1]
(aaaf);12;12:00:20:10;28.32959938049316;67.89068603515625;92.82502746582031;[1]
(cacf);11;12:00:14:959;27.70559883117675;66.5860595703125;92.82502746582031;[1]
(aaaf);13;12:00:20:264;28.32959938049316;67.89068603515625;92.82502746582031;[1]
(cacf);12;12:00:15:213;27.70559883117675;66.5860595703125;92.88856506347656;[1]
(aaaf);14;12:00:20:518;28.32959938049316;67.89068603515625;92.76148986816406;[1]
(cacf);13;12:00:15:466;27.70559883117675;66.5860595703125;92.82502746582031;[1]
(aaaf);15;12:00:20:766;28.32959938049316;67.89068603515625;92.95210266113281;[1]
(cacf);14;12:00:15:720;27.70559883117675;66.5860595703125;92.88856506347656;[1]
(aaaf);16;12:00:21:15;28.32959938049316;67.89068603515625;92.69794464111328;[1]
(cacf);15;12:00:15:968;27.70559883117675;66.5860595703125;92.82502746582031;[1]
(aaaf);17;12:00:21:265;28.32959938049316;67.89068603515625;92.82502746582031;[1]
(cacf);16;12:00:16:220;27.6431999206543;66.5860595703125;92.82502746582031;[1]
(aaaf);18;12:00:21:518;28.32959938049316;67.89068603515625;92.82502746582031;[1]
(cacf);17;12:00:16:470;27.70559883117675;66.5860595703125;92.82502746582031;[1]
(aaaf);19;12:00:21:772;28.32959938049316;67.89068603515625;92.76148986816406;[1]
(cacf);18;12:00:16:719;27.70559883117675;66.5860595703125;92.82502746582031;[1]
(aaaf);20;12:00:22:20;28.32959938049316;67.89068603515625;92.82502746582031;[1]
(cacf);19;12:00:16:968;27.70559883117675;66.5860595703125;92.82502746582031;[1]
(aaaf);21;12:00:22:274;28.32959938049316;67.89068603515625;92.76148986816406;[1]
(cacf);20;12:00:17:218;27.70559883117675;66.5860595703125;92.82502746582031;[1]
(aaaf);22;12:00:22:522;28.39199829101562;67.89068603515625;92.82502746582031;[1]
(cacf);21;12:00:17:466;27.70559883117675;66.5860595703125;92.95210266113281;[1]
(aaaf);23;12:00:22:771;28.32959938049316;67.89068603515625;92.82502746582031;[1]
(cacf);22;12:00:17:714;27.6431999206543;66.5860595703125;92.95210266113281;[1]
(aaaf);24;12:00:23:20;28.39199829101562;67.89068603515625;92.69794464111328;[1]
(cacf);23;12:00:17:963;27.70559883117675;66.5860595703125;92.82502746582031;[1]
(aaaf);25;12:00:23:270;28.32959938049316;67.89068603515625;92.69794464111328;[1]
(cacf);24;12:00:18:218;27.70559883117675;66.5860595703125;92.82502746582031;[1]
(aaaf);26;12:00:23:518;28.32959938049316;67.89068603515625;92.82502746582031;[1]
(cacf);25;12:00:18:468;27.70559883117675;66.5860595703125;92.95210266113281;[1]
(aaaf);27;12:00:23:768;28.32959938049316;67.89068603515625;92.69794464111328;[1]
(cacf);26;12:00:18:716;27.70559883117675;66.5860595703125;92.82502746582031;[1]
(aaaf);28;12:00:24:21;28.39199829101562;67.89068603515625;92.82502746582031;[1]
(cacf);27;12:00:18:964;27.70559883117675;66.5860595703125;92.82502746582031;[1]
(aaaf);29;12:00:24:270;28.32959938049316;67.89068603515625;92.69794464111328;[1]
(cacf);28;12:00:19:213;27.70559883117675;66.5860595703125;92.82502746582031;[1]
(aaaf);30;12:00:24:518;28.39199829101562;67.89068603515625;92.69794464111328;[1]
(cacf);29;12:00:19:463;27.70559883117675;66.5860595703125;92.82502746582031;[1]
(aaaf);31;12:00:24:767;28.39199829101562;67.89068603515625;92.82502746582031;[1]
(cacf);30;12:00:19:717;27.70559883117675;66.5555419921875;92.82502746582031;[1]
(aaaf);32;12:00:25:17;28.32959938049316;67.89068603515625;92.95210266113281;[1]
(cacf);31;12:00:19:971;27.6431999206543;66.5555419921875;92.95210266113281;[1]
(aaaf);33;12:00:25:265;28.32959938049316;67.89068603515625;92.82502746582031;[1]
(cacf);32;12:00:20:220;27.70559883117675;66.5555419921875;92.82502746582031;[1]
(aaaf);34;12:00:25:515;28.32959938049316;67.89068603515625;92.82502746582031;[1]
(cacf);33;12:00:20:468;27.70559883117675;66.5555419921875;92.82502746582031;[1]
(aaaf);35;12:00:25:767;28.39199829101562;67.89068603515625;92.63440704345703;[1]
(cacf);34;12:00:20:718;27.70559883117675;66.5555419921875;92.82502746582031;[1]
(aaaf);36;12:00:26:16;28.32959938049316;67.89068603515625;92.95210266113281;[1]
(cacf);35;12:00:20:972;27.70559883117675;66.5555419921875;92.82502746582031;[1]
(aaaf);37;12:00:26:265;28.39199829101562;67.89068603515625;92.82502746582031;[1]
(cacf);36;12:00:21:226;27.70559883117675;66.5555419921875;92.95210266113281;[1]
(aaaf);38;12:00:26:514;28.39199829101562;67.89068603515625;92.82502746582031;[1]
(cacf);37;12:00:21:480;27.70559883117675;66.5555419921875;92.95210266113281;[1]
(aaaf);39;12:00:26:764;28.32959938049316;67.89068603515625;92.82502746582031;[1]
(cacf);38;12:00:21:738;27.70559883117675;66.5555419921875;92.82502746582031;[1]
(aaaf);40;12:00:27:13;28.32959938049316;67.89068603515625;92.76148986816406;[1]
(cacf);39;12:00:21:991;27.70559883117675;66.5555419921875;92.82502746582031;[1]
(aaaf);41;12:00:27:266;28.32959938049316;67.92120361328125;92.69794464111328;[1]
(cacf);40;12:00:22:239;27.70559883117675;66.5555419921875;92.82502746582031;[1]
(aaaf);42;12:00:27:519;28.39199829101562;67.92120361328125;92.95210266113281;[1]
(cacf);41;12:00:22:488;27.70559883117675;66.5555419921875;92.88856506347656;[1]
(aaaf);43;12:00:27:768;28.32959938049316;67.92120361328125;92.76148986816406;[1]
(cacf);42;12:00:22:738;27.70559883117675;66.5555419921875;92.95210266113281;[1]
(aaaf);44;12:00:28:17;28.39199829101562;67.92120361328125;92.76148986816406;[1]
(cacf);43;12:00:22:986;27.76799964904785;66.5555419921875;92.95210266113281;[1]
(aaaf);45;12:00:28:267;28.32959938049316;67.92120361328125;92.88856506347656;[1]
(cacf);44;12:00:23:236;27.70559883117675;66.5555419921875;92.95210266113281;[1]
(aaaf);46;12:00:28:515;28.32959938049316;67.92120361328125;92.76148986816406;[1]
(cacf);45;12:00:23:489;27.70559883117675;66.5555419921875;92.82502746582031;[1]
(aaaf);47;12:00:28:764;28.32959938049316;67.92120361328125;92.82502746582031;[1]
(cacf);46;12:00:23:737;27.70559883117675;66.5555419921875;92.82502746582031;[1]
(aaaf);48;12:00:29:13;28.39199829101562;67.95172119140625;92.76148986816406;[1]
(cacf);47;12:00:23:986;27.70559883117675;66.5555419921875;92.95210266113281;[1]
(aaaf);49;12:00:29:268;28.32959938049316;67.95172119140625;92.76148986816406;[1]
(cacf);48;12:00:24:236;27.6431999206543;66.5555419921875;92.88856506347656;[1]
(aaaf);50;12:00:29:522;28.39199829101562;67.95172119140625;92.76148986816406;[1]
(cacf);49;12:00:24:486;27.70559883117675;66.5555419921875;92.88856506347656;[1]
(aaaf);51;12:00:29:776;28.32959938049316;67.974609375;92.76148986816406;[1]
(cacf);50;12:00:24:740;27.70559883117675;66.53265380859375;92.82502746582031;[1]
(aaaf);52;12:00:30:24;28.39199829101562;67.974609375;92.82502746582031;[1]
(cacf);51;12:00:24:988;27.70559883117675;66.5555419921875;92.76148986816406;[1]
(aaaf);53;12:00:30:272;28.39199829101562;67.974609375;92.82502746582031;[1]
(cacf);52;12:00:25:241;27.6431999206543;66.5555419921875;92.95210266113281;[1]
(aaaf);54;12:00:30:517;28.32959938049316;67.974609375;92.82502746582031;[1]
(cacf);53;12:00:25:490;27.70559883117675;66.5555419921875;92.82502746582031;[1]
(aaaf);55;12:00:30:760;28.39199829101562;67.974609375;92.82502746582031;[1]
(cacf);54;12:00:25:739;27.76799964904785;66.5555419921875;92.82502746582031;[1]
(aaaf);56;12:00:31:10;28.39199829101562;67.974609375;92.82502746582031;[1]
(cacf);55;12:00:25:988;27.70559883117675;66.5555419921875;92.82502746582031;[1]
(aaaf);57;12:00:31:258;28.39199829101562;68.005126953125;92.82502746582031;[1]
(cacf);56;12:00:26:236;27.70559883117675;66.5555419921875;92.82502746582031;[1]
(aaaf);58;12:00:31:503;28.39199829101562;68.005126953125;92.88856506347656;[1]
(cacf);57;12:00:26:486;27.70559883117675;66.5555419921875;92.82502746582031;[1]
(aaaf);59;12:00:31:746;28.39199829101562;68.005126953125;92.69794464111328;[1]
(cacf);58;12:00:26:736;27.70559883117675;66.5555419921875;92.82502746582031;[1]
(aaaf);60;12:00:31:989;28.39199829101562;68.005126953125;92.69794464111328;[1]
(cacf);59;12:00:26:989;27.70559883117675;66.5555419921875;92.82502746582031;[1]
(aaaf);61;12:00:32:233;28.39199829101562;68.005126953125;92.63440704345703;[1]
(cacf);60;12:00:27:237;27.70559883117675;66.5555419921875;92.88856506347656;[1]
(aaaf);62;12:00:32:478;28.39199829101562;68.03564453125;92.63440704345703;[1]
(cacf);61;12:00:27:487;27.70559883117675;66.5555419921875;92.95210266113281;[1]
(aaaf);63;12:00:32:725;28.32959938049316;68.03564453125;92.95210266113281;[1]
(cacf);62;12:00:27:741;27.70559883117675;66.5555419921875;92.95210266113281;[1]
(aaaf);64;12:00:32:969;28.32959938049316;68.03564453125;92.95210266113281;[1]
(cacf);63;12:00:27:989;27.70559883117675;66.5555419921875;92.82502746582031;[1]
(aaaf);65;12:00:33:218;28.39199829101562;68.03564453125;92.82502746582031;[1]
(cacf);64;12:00:28:239;27.70559883117675;66.5555419921875;92.82502746582031;[1]
(aaaf);66;12:00:33:467;28.32959938049316;68.03564453125;92.82502746582031;[1]
(cacf);65;12:00:28:487;27.70559883117675;66.5860595703125;92.82502746582031;[1]
(aaaf);67;12:00:33:717;28.39199829101562;68.03564453125;92.82502746582031;[1]
(cacf);66;12:00:28:742;27.70559883117675;66.5860595703125;92.82502746582031;[1]
(aaaf);68;12:00:33:962;28.39199829101562;68.03564453125;92.82502746582031;[1]
(cacf);67;12:00:28:996;27.70559883117675;66.5860595703125;92.82502746582031;[1]
(aaaf);69;12:00:34:206;28.39199829101562;68.03564453125;92.95210266113281;[1]
(cacf);68;12:00:29:250;27.70559883117675;66.5860595703125;92.82502746582031;[1]
(aaaf);70;12:00:34:455;28.39199829101562;68.03564453125;92.69794464111328;[1]
(cacf);69;12:00:29:498;27.70559883117675;66.5860595703125;92.82502746582031;[1]
(aaaf);71;12:00:34:703;28.39199829101562;68.03564453125;92.82502746582031;[1]
(cacf);70;12:00:29:746;27.70559883117675;66.5860595703125;92.82502746582031;[1]
(aaaf);72;12:00:34:951;28.39199829101562;68.03564453125;92.69794464111328;[1]
(cacf);71;12:00:29:996;27.76799964904785;66.5860595703125;92.95210266113281;[1]
(aaaf);73;12:00:35:200;28.39199829101562;68.03564453125;92.88856506347656;[1]
(cacf);72;12:00:30:250;27.70559883117675;66.5860595703125;92.95210266113281;[1]
(aaaf);74;12:00:35:448;28.39199829101562;68.03564453125;92.95210266113281;[1]
(cacf);73;12:00:30:502;27.76799964904785;66.5860595703125;92.88856506347656;[1]
(aaaf);75;12:00:35:692;28.39199829101562;68.03564453125;92.76148986816406;[1]
(cacf);74;12:00:30:751;27.70559883117675;66.5860595703125;92.82502746582031;[1]
(aaaf);76;12:00:35:936;28.39199829101562;68.03564453125;92.76148986816406;[1]
(cacf);75;12:00:31:0;27.70559883117675;66.6165771484375;93.01564025878906;[1]
(aaaf);77;12:00:36:186;28.39199829101562;68.03564453125;92.76148986816406;[1]
(cacf);76;12:00:31:249;27.70559883117675;66.6165771484375;92.88856506347656;[1]
(aaaf);78;12:00:36:429;28.39199829101562;68.03564453125;92.69794464111328;[1]
(cacf);77;12:00:31:498;27.70559883117675;66.6165771484375;92.88856506347656;[1]
(aaaf);79;12:00:36:673;28.39199829101562;68.03564453125;92.82502746582031;[1]
(cacf);78;12:00:31:747;27.76799964904785;66.6165771484375;92.88856506347656;[1]
(aaaf);80;12:00:36:917;28.39199829101562;68.03564453125;92.76148986816406;[1]
(cacf);79;12:00:31:997;27.70559883117675;66.6165771484375;92.82502746582031;[1]
(aaaf);81;12:00:37:166;28.39199829101562;68.03564453125;92.82502746582031;[1]
(cacf);80;12:00:32:250;27.76799964904785;66.6165771484375;92.82502746582031;[1]
(aaaf);82;12:00:37:414;28.39199829101562;68.005126953125;92.69794464111328;[1]
(cacf);81;12:00:32:500;27.70559883117675;66.6165771484375;92.82502746582031;[1]
(aaaf);83;12:00:37:659;28.39199829101562;68.03564453125;92.69794464111328;[1]
(cacf);82;12:00:32:754;27.76799964904785;66.6165771484375;92.88856506347656;[1]
(aaaf);84;12:00:37:914;28.39199829101562;68.005126953125;92.69794464111328;[1]
(cacf);83;12:00:33:3;27.70559883117675;66.6165771484375;92.82502746582031;[1]
(aaaf);85;12:00:38:162;28.39199829101562;68.005126953125;92.82502746582031;[1]
(cacf);84;12:00:33:250;27.76799964904785;66.6165771484375;92.82502746582031;[1]
(aaaf);86;12:00:38:407;28.39199829101562;68.005126953125;92.82502746582031;[1]
(cacf);85;12:00:33:500;27.70559883117675;66.6165771484375;92.88856506347656;[1]
(aaaf);87;12:00:38:651;28.39199829101562;68.005126953125;92.76148986816406;[1]
(cacf);86;12:00:33:749;27.70559883117675;66.6165771484375;92.82502746582031;[1]
(aaaf);88;12:00:38:900;28.39199829101562;68.005126953125;92.82502746582031;[1]
(cacf);87;12:00:34:4;27.70559883117675;66.6165771484375;92.95210266113281;[1]
(aaaf);89;12:00:39:143;28.39199829101562;68.005126953125;92.69794464111328;[1]
(cacf);88;12:00:34:252;27.76799964904785;66.6165771484375;92.82502746582031;[1]
(aaaf);90;12:00:39:387;28.45439910888671;68.005126953125;92.88856506347656;[1]
(cacf);89;12:00:34:500;27.76799964904785;66.6165771484375;92.82502746582031;[1]
(aaaf);91;12:00:39:640;28.39199829101562;68.005126953125;92.69794464111328;[1]
(cacf);90;12:00:34:749;27.70559883117675;66.6165771484375;92.82502746582031;[1]
(aaaf);92;12:00:39:885;28.39199829101562;67.974609375;92.69794464111328;[1]
(cacf);91;12:00:34:999;27.70559883117675;66.6165771484375;92.82502746582031;[1]
(aaaf);93;12:00:40:133;28.39199829101562;67.974609375;92.82502746582031;[1]
(cacf);92;12:00:35:247;27.70559883117675;66.6165771484375;92.82502746582031;[1]
(aaaf);94;12:00:40:381;28.39199829101562;67.974609375;92.82502746582031;[1]
(cacf);93;12:00:35:496;27.70559883117675;66.6165771484375;92.82502746582031;[1]
(aaaf);95;12:00:40:630;28.39199829101562;67.974609375;92.76148986816406;[1]
(cacf);94;12:00:35:749;27.70559883117675;66.6165771484375;92.82502746582031;[1]
(aaaf);96;12:00:40:879;28.39199829101562;67.974609375;92.69794464111328;[1]
(cacf);95;12:00:35:998;27.76799964904785;66.6165771484375;93.01564025878906;[1]
(aaaf);97;12:00:41:122;28.39199829101562;67.974609375;92.69794464111328;[1]
(cacf);96;12:00:36:247;27.70559883117675;66.6165771484375;92.95210266113281;[1]
(aaaf);98;12:00:41:371;28.45439910888671;67.974609375;93.01564025878906;[1]
(cacf);97;12:00:36:498;27.70559883117675;66.6470947265625;93.01564025878906;[1]
(aaaf);99;12:00:41:620;28.39199829101562;67.974609375;92.82502746582031;[1]
(cacf);98;12:00:36:751;27.70559883117675;66.6470947265625;92.82502746582031;[1]
(aaaf);100;12:00:41:870;28.39199829101562;67.974609375;92.82502746582031;[1]
(cacf);99;12:00:37:0;27.70559883117675;66.6470947265625;93.01564025878906;[1]
(aaaf);101;12:00:42:119;28.39199829101562;67.974609375;92.82502746582031;[1]
(cacf);100;12:00:37:247;27.70559883117675;66.6470947265625;92.82502746582031;[1]
(aaaf);102;12:00:42:369;28.45439910888671;67.974609375;92.82502746582031;[1]
(cacf);101;12:00:37:501;27.70559883117675;66.5860595703125;92.95210266113281;[1]
(aaaf);103;12:00:42:618;28.39199829101562;67.974609375;92.82502746582031;[1]
(cacf);102;12:00:37:750;27.76799964904785;66.62420654296875;92.95210266113281;[1]
(aaaf);104;12:00:42:866;28.45439910888671;67.974609375;92.63440704345703;[1]
(cacf);103;12:00:38:0;27.76799964904785;66.62420654296875;92.88856506347656;[1]
(aaaf);105;12:00:43:110;28.45439910888671;67.974609375;92.69794464111328;[1]
(cacf);104;12:00:38:249;27.70559883117675;66.62420654296875;92.82502746582031;[1]
(aaaf);106;12:00:43:358;28.45439910888671;67.974609375;92.63440704345703;[1]
(cacf);105;12:00:38:498;27.76799964904785;66.62420654296875;92.88856506347656;[1]
(aaaf);107;12:00:43:607;28.39199829101562;67.95172119140625;92.69794464111328;[1]
(cacf);106;12:00:38:748;27.70559883117675;66.62420654296875;92.82502746582031;[1]
(aaaf);108;12:00:43:856;28.45439910888671;67.95172119140625;92.82502746582031;[1]
(cacf);107;12:00:38:996;27.76799964904785;66.62420654296875;92.88856506347656;[1]
(aaaf);109;12:00:44:105;28.39199829101562;67.95172119140625;92.88856506347656;[1]
(cacf);108;12:00:39:249;27.76799964904785;66.62420654296875;92.82502746582031;[1]
(aaaf);110;12:00:44:353;28.39199829101562;67.95172119140625;92.82502746582031;[1]
(cacf);109;12:00:39:498;27.70559883117675;66.59368896484375;92.82502746582031;[1]
(aaaf);111;12:00:44:602;28.45439910888671;67.95172119140625;92.63440704345703;[1]
(cacf);110;12:00:39:748;27.70559883117675;66.59368896484375;92.82502746582031;[1]
(aaaf);112;12:00:44:852;28.45439910888671;67.92120361328125;92.69794464111328;[1]
(cacf);111;12:00:39:997;27.76799964904785;66.59368896484375;92.82502746582031;[1]
(aaaf);113;12:00:45:105;28.45439910888671;67.92120361328125;92.82502746582031;[1]
(cacf);112;12:00:40:245;27.76799964904785;66.59368896484375;93.01564025878906;[1]
(aaaf);114;12:00:45:354;28.39199829101562;67.92120361328125;92.95210266113281;[1]
(cacf);113;12:00:40:493;27.76799964904785;66.59368896484375;92.82502746582031;[1]
(aaaf);115;12:00:45:604;28.45439910888671;67.92120361328125;92.82502746582031;[1]
(cacf);114;12:00:40:742;27.76799964904785;66.59368896484375;92.82502746582031;[1]
(aaaf);116;12:00:45:851;28.45439910888671;67.92120361328125;92.82502746582031;[1]
(cacf);115;12:00:40:997;27.70559883117675;66.59368896484375;92.95210266113281;[1]
(aaaf);117;12:00:46:100;28.45439910888671;67.92120361328125;92.69794464111328;[1]
(cacf);116;12:00:41:247;27.76799964904785;66.59368896484375;92.88856506347656;[1]
(aaaf);118;12:00:46:349;28.45439910888671;67.92120361328125;92.82502746582031;[1]
(cacf);117;12:00:41:501;27.76799964904785;66.59368896484375;93.01564025878906;[1]
(aaaf);119;12:00:46:599;28.39199829101562;67.92120361328125;92.69794464111328;[1]
(cacf);118;12:00:41:754;27.76799964904785;66.56317138671875;92.88856506347656;[1]
(aaaf);120;12:00:46:854;28.45439910888671;67.92120361328125;92.82502746582031;[1]
(cacf);119;12:00:42:3;27.76799964904785;66.56317138671875;92.76148986816406;[1]
(aaaf);121;12:00:47:107;28.45439910888671;67.89068603515625;92.69794464111328;[1]
(cacf);120;12:00:42:257;27.76799964904785;66.56317138671875;92.82502746582031;[1]
(aaaf);122;12:00:47:355;28.45439910888671;67.89068603515625;92.76148986816406;[1]
(cacf);121;12:00:42:505;27.76799964904785;66.56317138671875;92.88856506347656;[1]
(aaaf);123;12:00:47:605;28.45439910888671;67.89068603515625;92.82502746582031;[1]
(cacf);122;12:00:42:758;27.76799964904785;66.56317138671875;92.82502746582031;[1]
(aaaf);124;12:00:47:854;28.45439910888671;67.89068603515625;92.82502746582031;[1]
(cacf);123;12:00:43:8;27.76799964904785;66.56317138671875;92.82502746582031;[1]
(aaaf);125;12:00:48:101;28.45439910888671;67.89068603515625;92.69794464111328;[1]
(cacf);124;12:00:43:258;27.76799964904785;66.540283203125;92.88856506347656;[1]
(aaaf);126;12:00:48:351;28.45439910888671;67.8677978515625;92.82502746582031;[1]
(cacf);125;12:00:43:506;27.70559883117675;66.540283203125;93.01564025878906;[1]
(aaaf);127;12:00:48:604;28.45439910888671;67.8677978515625;92.82502746582031;[1]
(cacf);126;12:00:43:759;27.76799964904785;66.540283203125;92.82502746582031;[1]
(aaaf);128;12:00:48:853;28.45439910888671;67.8677978515625;92.69794464111328;[1]
(cacf);127;12:00:44:7;27.76799964904785;66.540283203125;92.88856506347656;[1]
(aaaf);129;12:00:49:103;28.45439910888671;67.8677978515625;92.82502746582031;[1]
(cacf);128;12:00:44:256;27.76799964904785;66.540283203125;93.01564025878906;[1]
(aaaf);130;12:00:49:357;28.45439910888671;67.8677978515625;92.88856506347656;[1]
(cacf);129;12:00:44:509;27.76799964904785;66.540283203125;92.82502746582031;[1]
(aaaf);131;12:00:49:606;28.45439910888671;67.8677978515625;92.63440704345703;[1]
(cacf);130;12:00:44:760;27.76799964904785;66.540283203125;92.82502746582031;[1]
(aaaf);132;12:00:49:854;28.45439910888671;67.8677978515625;92.76148986816406;[1]
(cacf);131;12:00:45:10;27.76799964904785;66.540283203125;92.82502746582031;[1]
(aaaf);133;12:00:50:104;28.45439910888671;67.8372802734375;92.69794464111328;[1]
(cacf);132;12:00:45:264;27.70559883117675;66.509765625;92.82502746582031;[1]
(aaaf);134;12:00:50:357;28.51679992675781;67.8372802734375;92.69794464111328;[1]
(cacf);133;12:00:45:512;27.76799964904785;66.509765625;92.82502746582031;[1]
(aaaf);135;12:00:50:605;28.45439910888671;67.8372802734375;92.69794464111328;[1]
(cacf);134;12:00:45:761;27.76799964904785;66.509765625;92.95210266113281;[1]
(aaaf);136;12:00:50:854;28.45439910888671;67.8372802734375;92.69794464111328;[1]
(cacf);135;12:00:46:9;27.76799964904785;66.509765625;92.82502746582031;[1]
(aaaf);137;12:00:51:104;28.51679992675781;67.8067626953125;92.82502746582031;[1]
(cacf);136;12:00:46:264;27.76799964904785;66.509765625;92.82502746582031;[1]
(aaaf);138;12:00:51:358;28.45439910888671;67.8067626953125;92.76148986816406;[1]
(cacf);137;12:00:46:512;27.76799964904785;66.509765625;92.82502746582031;[1]
(aaaf);139;12:00:51:606;28.45439910888671;67.8067626953125;92.69794464111328;[1]
(cacf);138;12:00:46:755;27.76799964904785;66.509765625;92.95210266113281;[1]
(aaaf);140;12:00:51:854;28.45439910888671;67.8067626953125;92.69794464111328;[1]
(cacf);139;12:00:47:0;27.76799964904785;66.479248046875;92.88856506347656;[1]
(aaaf);141;12:00:52:109;28.45439910888671;67.8067626953125;92.76148986816406;[1]
(cacf);140;12:00:47:249;27.76799964904785;66.479248046875;92.88856506347656;[1]
(aaaf);142;12:00:52:362;28.51679992675781;67.8067626953125;92.88856506347656;[1]
(cacf);141;12:00:47:498;27.76799964904785;66.479248046875;92.76148986816406;[1]
(aaaf);143;12:00:52:612;28.45439910888671;67.8067626953125;92.88856506347656;[1]
(cacf);142;12:00:47:746;27.83039855957031;66.479248046875;92.95210266113281;[1]
(aaaf);144;12:00:52:866;28.51679992675781;67.8067626953125;92.82502746582031;[1]
(cacf);143;12:00:48:0;27.76799964904785;66.479248046875;92.95210266113281;[1]
(aaaf);145;12:00:53:120;28.45439910888671;67.8067626953125;92.69794464111328;[1]
(cacf);144;12:00:48:250;27.76799964904785;66.479248046875;92.88856506347656;[1]
(aaaf);146;12:00:53:374;28.51679992675781;67.78387451171875;92.69794464111328;[1]
(cacf);145;12:00:48:498;27.76799964904785;66.479248046875;92.88856506347656;[1]
(aaaf);147;12:00:53:622;28.45439910888671;67.78387451171875;92.69794464111328;[1]
(cacf);146;12:00:48:748;27.76799964904785;66.479248046875;92.82502746582031;[1]
(aaaf);148;12:00:53:875;28.45439910888671;67.81439208984375;92.69794464111328;[1]
(cacf);147;12:00:49:2;27.76799964904785;66.479248046875;92.82502746582031;[1]
(aaaf);149;12:00:54:125;28.45439910888671;67.78387451171875;92.88856506347656;[1]
(cacf);148;12:00:49:256;27.83039855957031;66.45635986328125;92.88856506347656;[1]
(aaaf);150;12:00:54:372;28.51679992675781;67.81439208984375;92.88856506347656;[1]
(cacf);149;12:00:49:505;27.76799964904785;66.45635986328125;93.01564025878906;[1]
(aaaf);151;12:00:54:621;28.45439910888671;67.81439208984375;92.76148986816406;[1]
(cacf);150;12:00:49:763;27.76799964904785;66.45635986328125;93.01564025878906;[1]
(aaaf);152;12:00:54:870;28.51679992675781;67.81439208984375;92.69794464111328;[1]
(cacf);151;12:00:50:12;27.83039855957031;66.45635986328125;93.01564025878906;[1]
(aaaf);153;12:00:55:120;28.51679992675781;67.81439208984375;92.76148986816406;[1]
(cacf);152;12:00:50:260;27.76799964904785;66.45635986328125;92.82502746582031;[1]
(aaaf);154;12:00:55:367;28.45439910888671;67.81439208984375;92.69794464111328;[1]
(cacf);153;12:00:50:509;27.76799964904785;66.45635986328125;92.82502746582031;[1]
(aaaf);155;12:00:55:622;28.51679992675781;67.81439208984375;92.82502746582031;[1]
(cacf);154;12:00:50:757;27.76799964904785;66.45635986328125;92.88856506347656;[1]
(aaaf);156;12:00:55:871;28.51679992675781;67.81439208984375;92.82502746582031;[1]
(cacf);155;12:00:51:7;27.76799964904785;66.45635986328125;92.82502746582031;[1]
(aaaf);157;12:00:56:120;28.45439910888671;67.81439208984375;92.69794464111328;[1]
(cacf);156;12:00:51:256;27.76799964904785;66.42584228515625;92.88856506347656;[1]
(aaaf);158;12:00:56:368;28.45439910888671;67.81439208984375;92.69794464111328;[1]
(cacf);157;12:00:51:509;27.83039855957031;66.42584228515625;92.82502746582031;[1]
(aaaf);159;12:00:56:618;28.51679992675781;67.81439208984375;92.69794464111328;[1]
(cacf);158;12:00:51:757;27.76799964904785;66.42584228515625;92.82502746582031;[1]
(aaaf);160;12:00:56:867;28.51679992675781;67.81439208984375;92.95210266113281;[1]
(cacf);159;12:00:52:6;27.76799964904785;66.42584228515625;92.82502746582031;[1]
(aaaf);161;12:00:57:115;28.51679992675781;67.79150390625;92.69794464111328;[1]
(cacf);160;12:00:52:255;27.76799964904785;66.42584228515625;92.88856506347656;[1]
(aaaf);162;12:00:57:365;28.51679992675781;67.79150390625;92.69794464111328;[1]
(cacf);161;12:00:52:505;27.76799964904785;66.42584228515625;92.88856506347656;[1]
(aaaf);163;12:00:57:613;28.51679992675781;67.79150390625;92.88856506347656;[1]
(cacf);162;12:00:52:754;27.76799964904785;66.42584228515625;92.82502746582031;[1]
(aaaf);164;12:00:57:863;28.51679992675781;67.79150390625;92.76148986816406;[1]
(cacf);163;12:00:53:4;27.76799964904785;66.42584228515625;92.88856506347656;[1]
(aaaf);165;12:00:58:110;28.51679992675781;67.79150390625;92.88856506347656;[1]
(cacf);164;12:00:53:263;27.76799964904785;66.42584228515625;92.82502746582031;[1]
(aaaf);166;12:00:58:360;28.51679992675781;67.79150390625;92.82502746582031;[1]
(cacf);165;12:00:53:516;27.76799964904785;66.42584228515625;92.76148986816406;[1]
(aaaf);167;12:00:58:609;28.51679992675781;67.79150390625;92.69794464111328;[1]
(cacf);166;12:00:53:764;27.83039855957031;66.42584228515625;92.82502746582031;[1]
(aaaf);168;12:00:58:858;28.51679992675781;67.79150390625;92.88856506347656;[1]
(cacf);167;12:00:54:14;27.76799964904785;66.42584228515625;93.01564025878906;[1]
(aaaf);169;12:00:59:117;28.57919883728027;67.79150390625;92.69794464111328;[1]
(cacf);168;12:00:54:260;27.83039855957031;66.39532470703125;92.88856506347656;[1]
(aaaf);170;12:00:59:359;28.51679992675781;67.79150390625;92.76148986816406;[1]
(cacf);169;12:00:54:510;27.76799964904785;66.39532470703125;92.88856506347656;[1]
(aaaf);171;12:00:59:608;28.51679992675781;67.79150390625;92.76148986816406;[1]
(cacf);170;12:00:54:760;27.76799964904785;66.39532470703125;92.88856506347656;[1]
(aaaf);172;12:00:59:857;28.51679992675781;67.79150390625;92.82502746582031;[1]
(cacf);171;12:00:55:14;27.76799964904785;66.39532470703125;92.95210266113281;[1]
(aaaf);173;12:01:00:106;28.51679992675781;67.760986328125;92.69794464111328;[1]
(cacf);172;12:00:55:264;27.83039855957031;66.39532470703125;92.82502746582031;[1]
(aaaf);174;12:01:00:355;28.51679992675781;67.760986328125;92.76148986816406;[1]
(cacf);173;12:00:55:512;27.83039855957031;66.33428955078125;92.95210266113281;[1]
(aaaf);175;12:01:00:604;28.51679992675781;67.760986328125;92.82502746582031;[1]
(cacf);174;12:00:55:760;27.83039855957031;66.33428955078125;93.01564025878906;[1]
(aaaf);176;12:01:00:858;28.57919883728027;67.760986328125;92.69794464111328;[1]
(cacf);175;12:00:56:9;27.83039855957031;66.33428955078125;92.88856506347656;[1]
(aaaf);177;12:01:01:102;28.51679992675781;67.760986328125;92.76148986816406;[1]
(cacf);176;12:00:56:258;27.76799964904785;66.33428955078125;92.88856506347656;[1]
(aaaf);178;12:01:01:352;28.57919883728027;67.73046875;92.88856506347656;[1]
(cacf);177;12:00:56:507;27.76799964904785;66.33428955078125;92.88856506347656;[1]
(aaaf);179;12:01:01:606;28.51679992675781;67.73046875;92.69794464111328;[1]
(cacf);178;12:00:56:762;27.76799964904785;66.33428955078125;92.82502746582031;[1]
(aaaf);180;12:01:01:854;28.51679992675781;67.73046875;92.69794464111328;[1]
(cacf);179;12:00:57:10;27.83039855957031;66.33428955078125;92.88856506347656;[1]
(aaaf);181;12:01:02:101;28.57919883728027;67.73046875;92.63440704345703;[1]
(cacf);180;12:00:57:259;27.83039855957031;66.30377197265625;92.82502746582031;[1]
(aaaf);182;12:01:02:345;28.57919883728027;67.73046875;92.76148986816406;[1]
(aaaf);183;12:01:02:594;28.57919883728027;67.73046875;92.69794464111328;[1]
(cacf);181;12:00:57:509;27.76799964904785;66.30377197265625;92.88856506347656;[1]
(aaaf);184;12:01:02:838;28.51679992675781;67.73046875;92.76148986816406;[1]
(cacf);182;12:00:57:767;27.83039855957031;66.30377197265625;93.01564025878906;[1]
(aaaf);185;12:01:03:87;28.51679992675781;67.73046875;92.82502746582031;[1]
(cacf);183;12:00:58:14;27.83039855957031;66.30377197265625;92.82502746582031;[1]
(aaaf);186;12:01:03:337;28.57919883728027;67.699951171875;92.76148986816406;[1]
(cacf);184;12:00:58:264;27.76799964904785;66.30377197265625;92.82502746582031;[1]
(aaaf);187;12:01:03:587;28.51679992675781;67.699951171875;92.76148986816406;[1]
(cacf);185;12:00:58:520;27.83039855957031;66.30377197265625;92.88856506347656;[1]
(aaaf);188;12:01:03:835;28.57919883728027;67.699951171875;92.76148986816406;[1]
(cacf);186;12:00:58:773;27.83039855957031;66.27325439453125;92.82502746582031;[1]
(aaaf);189;12:01:04:83;28.57919883728027;67.699951171875;92.82502746582031;[1]
(cacf);187;12:00:59:21;27.83039855957031;66.27325439453125;93.01564025878906;[1]
(aaaf);190;12:01:04:338;28.57919883728027;67.67706298828125;92.76148986816406;[1]
(cacf);188;12:00:59:270;27.83039855957031;66.27325439453125;93.01564025878906;[1]
(aaaf);191;12:01:04:592;28.57919883728027;67.67706298828125;92.76148986816406;[1]
(cacf);189;12:00:59:519;27.83039855957031;66.27325439453125;92.88856506347656;[1]
(aaaf);192;12:01:04:839;28.51679992675781;67.67706298828125;92.69794464111328;[1]
(cacf);190;12:00:59:769;27.83039855957031;66.27325439453125;92.82502746582031;[1]
(aaaf);193;12:01:05:88;28.57919883728027;67.67706298828125;92.76148986816406;[1]
(cacf);191;12:01:00:17;27.83039855957031;66.27325439453125;92.82502746582031;[1]
(aaaf);194;12:01:05:337;28.57919883728027;67.67706298828125;92.76148986816406;[1]
(cacf);192;12:01:00:272;27.83039855957031;66.2503662109375;92.88856506347656;[1]
(aaaf);195;12:01:05:587;28.57919883728027;67.67706298828125;92.76148986816406;[1]
(cacf);193;12:01:00:526;27.83039855957031;66.2503662109375;92.88856506347656;[1]
(aaaf);196;12:01:05:837;28.57919883728027;67.64654541015625;92.76148986816406;[1]
(cacf);194;12:01:00:780;27.83039855957031;66.2503662109375;92.88856506347656;[1]
(aaaf);197;12:01:06:95;28.57919883728027;67.64654541015625;92.88856506347656;[1]
(cacf);195;12:01:01:33;27.76799964904785;66.2503662109375;92.88856506347656;[1]
(aaaf);198;12:01:06:349;28.57919883728027;67.61602783203125;92.76148986816406;[1]
(cacf);196;12:01:01:287;27.76799964904785;66.2503662109375;92.88856506347656;[1]
(aaaf);199;12:01:06:597;28.57919883728027;67.61602783203125;92.69794464111328;[1]
(cacf);197;12:01:01:535;27.83039855957031;66.2503662109375;92.88856506347656;[1]
(aaaf);200;12:01:06:847;28.57919883728027;67.61602783203125;92.82502746582031;[1]
(cacf);198;12:01:01:785;27.83039855957031;66.2198486328125;92.82502746582031;[1]
(aaaf);201;12:01:07:101;28.57919883728027;67.61602783203125;93.01564025878906;[1]
(cacf);199;12:01:02:38;27.83039855957031;66.2198486328125;92.82502746582031;[1]
(aaaf);202;12:01:07:348;28.57919883728027;67.61602783203125;92.76148986816406;[1]
(cacf);200;12:01:02:287;27.83039855957031;66.2198486328125;92.82502746582031;[1]
(aaaf);203;12:01:07:597;28.51679992675781;67.5931396484375;92.88856506347656;[1]
(cacf);201;12:01:02:535;27.83039855957031;66.2198486328125;92.82502746582031;[1]
(aaaf);204;12:01:07:852;28.57919883728027;67.5931396484375;92.76148986816406;[1]
(cacf);202;12:01:02:785;27.83039855957031;66.2198486328125;92.82502746582031;[1]
(aaaf);205;12:01:08:101;28.57919883728027;67.5931396484375;92.76148986816406;[1]
(cacf);203;12:01:03:32;27.83039855957031;66.2198486328125;92.82502746582031;[1]
(aaaf);206;12:01:08:350;28.57919883728027;67.5626220703125;92.76148986816406;[1]
(cacf);204;12:01:03:282;27.83039855957031;66.2198486328125;93.01564025878906;[1]
(aaaf);207;12:01:08:598;28.57919883728027;67.5626220703125;92.76148986816406;[1]
(cacf);205;12:01:03:530;27.83039855957031;66.2198486328125;92.88856506347656;[1]
(aaaf);208;12:01:08:847;28.57919883728027;67.5626220703125;92.76148986816406;[1]
(cacf);206;12:01:03:786;27.83039855957031;66.2198486328125;92.88856506347656;[1]
(aaaf);209;12:01:09:95;28.57919883728027;67.5626220703125;92.76148986816406;[1]
(cacf);207;12:01:04:33;27.83039855957031;66.2198486328125;92.88856506347656;[1]
(aaaf);210;12:01:09:345;28.64159965515136;67.5626220703125;92.76148986816406;[1]
(cacf);208;12:01:04:282;27.83039855957031;66.2198486328125;93.01564025878906;[1]
(aaaf);211;12:01:09:598;28.57919883728027;67.5321044921875;92.76148986816406;[1]
(cacf);209;12:01:04:530;27.83039855957031;66.2198486328125;92.76148986816406;[1]
(aaaf);212;12:01:09:848;28.57919883728027;67.5321044921875;92.76148986816406;[1]
(cacf);210;12:01:04:780;27.83039855957031;66.2198486328125;92.88856506347656;[1]
(aaaf);213;12:01:10:102;28.57919883728027;67.5321044921875;92.88856506347656;[1]
(cacf);211;12:01:05:29;27.83039855957031;66.2198486328125;92.82502746582031;[1]
(aaaf);214;12:01:10:356;28.57919883728027;67.5321044921875;92.76148986816406;[1]
(cacf);212;12:01:05:292;27.83039855957031;66.2198486328125;92.88856506347656;[1]
(aaaf);215;12:01:10:610;28.57919883728027;67.50921630859375;92.69794464111328;[1]
(cacf);213;12:01:05:543;27.83039855957031;66.2198486328125;92.82502746582031;[1]
(aaaf);216;12:01:10:858;28.57919883728027;67.50921630859375;92.76148986816406;[1]
(cacf);214;12:01:05:791;27.83039855957031;66.2198486328125;92.82502746582031;[1]
(aaaf);217;12:01:11:106;28.57919883728027;67.50921630859375;92.76148986816406;[1]
(cacf);215;12:01:06:40;27.83039855957031;66.2198486328125;92.82502746582031;[1]
(aaaf);218;12:01:11:360;28.64159965515136;67.50921630859375;92.82502746582031;[1]
(cacf);216;12:01:06:288;27.83039855957031;66.2198486328125;92.82502746582031;[1]
(aaaf);219;12:01:11:608;28.64159965515136;67.50921630859375;92.69794464111328;[1]
(cacf);217;12:01:06:537;27.83039855957031;66.2503662109375;92.88856506347656;[1]
(aaaf);220;12:01:11:857;28.64159965515136;67.50921630859375;92.69794464111328;[1]
(cacf);218;12:01:06:786;27.83039855957031;66.2503662109375;92.82502746582031;[1]
(aaaf);221;12:01:12:107;28.57919883728027;67.47869873046875;92.88856506347656;[1]
(cacf);219;12:01:07:40;27.8927993774414;66.2503662109375;92.82502746582031;[1]
(aaaf);222;12:01:12:356;28.64159965515136;67.47869873046875;92.76148986816406;[1]
(cacf);220;12:01:07:290;27.8927993774414;66.2503662109375;92.88856506347656;[1]
(aaaf);223;12:01:12:604;28.57919883728027;67.47869873046875;92.88856506347656;[1]
(cacf);221;12:01:07:537;27.83039855957031;66.2503662109375;92.82502746582031;[1]
(aaaf);224;12:01:12:853;28.57919883728027;67.47869873046875;92.76148986816406;[1]
(cacf);222;12:01:07:786;27.83039855957031;66.2503662109375;92.88856506347656;[1]
(aaaf);225;12:01:13:107;28.64159965515136;67.455810546875;92.69794464111328;[1]
(cacf);223;12:01:08:35;27.83039855957031;66.2503662109375;92.88856506347656;[1]
(aaaf);226;12:01:13:357;28.64159965515136;67.455810546875;92.76148986816406;[1]
(cacf);224;12:01:08:284;27.83039855957031;66.2503662109375;92.88856506347656;[1]
(aaaf);227;12:01:13:605;28.64159965515136;67.455810546875;92.76148986816406;[1]
(cacf);225;12:01:08:534;27.83039855957031;66.2503662109375;92.88856506347656;[1]
(aaaf);228;12:01:13:853;28.64159965515136;67.455810546875;92.76148986816406;[1]
(cacf);226;12:01:08:787;27.83039855957031;66.2503662109375;92.88856506347656;[1]
(aaaf);229;12:01:14:102;28.64159965515136;67.455810546875;92.88856506347656;[1]
(cacf);227;12:01:09:36;27.83039855957031;66.2503662109375;92.88856506347656;[1]
(aaaf);230;12:01:14:351;28.57919883728027;67.42529296875;92.76148986816406;[1]
(cacf);228;12:01:09:285;27.83039855957031;66.2503662109375;93.01564025878906;[1]
(aaaf);231;12:01:14:601;28.64159965515136;67.42529296875;92.76148986816406;[1]
(cacf);229;12:01:09:534;27.83039855957031;66.2503662109375;93.01564025878906;[1]
(aaaf);232;12:01:14:854;28.64159965515136;67.42529296875;92.76148986816406;[1]
(cacf);230;12:01:09:782;27.83039855957031;66.27325439453125;92.82502746582031;[1]
(aaaf);233;12:01:15:104;28.64159965515136;67.42529296875;92.76148986816406;[1]
(cacf);231;12:01:10:32;27.83039855957031;66.2503662109375;92.82502746582031;[1]
(aaaf);234;12:01:15:352;28.64159965515136;67.394775390625;92.69794464111328;[1]
(cacf);232;12:01:10:280;27.8927993774414;66.27325439453125;92.88856506347656;[1]
(aaaf);235;12:01:15:602;28.64159965515136;67.394775390625;92.69794464111328;[1]
(cacf);233;12:01:10:533;27.83039855957031;66.27325439453125;92.88856506347656;[1]
(aaaf);236;12:01:15:856;28.64159965515136;67.394775390625;92.82502746582031;[1]
(cacf);234;12:01:10:783;27.83039855957031;66.2503662109375;92.88856506347656;[1]
(aaaf);237;12:01:16:109;28.64159965515136;67.394775390625;92.76148986816406;[1]
(cacf);235;12:01:11:37;27.8927993774414;66.27325439453125;92.88856506347656;[1]
(aaaf);238;12:01:16:363;28.64159965515136;67.394775390625;92.88856506347656;[1]
(cacf);236;12:01:11:291;27.83039855957031;66.27325439453125;92.88856506347656;[1]
(aaaf);239;12:01:16:611;28.64159965515136;67.3642578125;92.82502746582031;[1]
(cacf);237;12:01:11:539;27.83039855957031;66.27325439453125;92.88856506347656;[1]
(aaaf);240;12:01:16:860;28.70399856567382;67.3642578125;92.76148986816406;[1]
(cacf);238;12:01:11:789;27.83039855957031;66.2503662109375;92.76148986816406;[1]
(aaaf);241;12:01:17:108;28.64159965515136;67.3642578125;92.63440704345703;[1]
(cacf);239;12:01:12:38;27.8927993774414;66.2503662109375;92.82502746582031;[1]
(aaaf);242;12:01:17:357;28.64159965515136;67.34136962890625;92.76148986816406;[1]
(cacf);240;12:01:12:292;27.83039855957031;66.2503662109375;92.88856506347656;[1]
(aaaf);243;12:01:17:606;28.64159965515136;67.34136962890625;92.76148986816406;[1]
(cacf);241;12:01:12:540;27.83039855957031;66.2503662109375;92.88856506347656;[1]
(aaaf);244;12:01:17:855;28.70399856567382;67.34136962890625;92.76148986816406;[1]
(cacf);242;12:01:12:790;27.83039855957031;66.2503662109375;92.88856506347656;[1]
(aaaf);245;12:01:18:105;28.64159965515136;67.34136962890625;92.88856506347656;[1]
(cacf);243;12:01:13:38;27.83039855957031;66.2503662109375;92.88856506347656;[1]
(aaaf);246;12:01:18:358;28.64159965515136;67.31085205078125;92.88856506347656;[1]
(cacf);244;12:01:13:287;27.83039855957031;66.2503662109375;92.82502746582031;[1]
(aaaf);247;12:01:18:607;28.70399856567382;67.31085205078125;92.76148986816406;[1]
(cacf);245;12:01:13:538;27.8927993774414;66.2503662109375;92.88856506347656;[1]
(aaaf);248;12:01:18:856;28.70399856567382;67.28033447265625;92.76148986816406;[1]
(cacf);246;12:01:13:791;27.8927993774414;66.2198486328125;92.88856506347656;[1]
(aaaf);249;12:01:19:104;28.70399856567382;67.3184814453125;92.76148986816406;[1]
(cacf);247;12:01:14:44;27.83039855957031;66.2198486328125;92.76148986816406;[1]
(aaaf);250;12:01:19:354;28.70399856567382;67.28033447265625;92.76148986816406;[1]
(cacf);248;12:01:14:293;27.83039855957031;66.2198486328125;92.82502746582031;[1]
(aaaf);251;12:01:19:603;28.70399856567382;67.3184814453125;92.76148986816406;[1]
(cacf);249;12:01:14:542;27.83039855957031;66.2198486328125;92.88856506347656;[1]
(aaaf);252;12:01:19:856;28.64159965515136;67.3184814453125;92.76148986816406;[1]
(cacf);250;12:01:14:790;27.8927993774414;66.2198486328125;92.88856506347656;[1]
(aaaf);253;12:01:20:105;28.64159965515136;67.2879638671875;92.76148986816406;[1]
(cacf);251;12:01:15:39;27.8927993774414;66.2198486328125;92.82502746582031;[1]
(aaaf);254;12:01:20:355;28.64159965515136;67.2879638671875;92.88856506347656;[1]
(cacf);252;12:01:15:288;27.83039855957031;66.2198486328125;92.88856506347656;[1]
(aaaf);255;12:01:20:603;28.64159965515136;67.2879638671875;92.76148986816406;[1]
(cacf);253;12:01:15:539;27.8927993774414;66.2198486328125;92.88856506347656;[1]
(aaaf);256;12:01:20:853;28.70399856567382;67.26507568359375;92.82502746582031;[1]
(cacf);254;12:01:15:797;27.83039855957031;66.2198486328125;93.01564025878906;[1]
(aaaf);257;12:01:21:102;28.70399856567382;67.26507568359375;92.69794464111328;[1]
(cacf);255;12:01:16:45;27.8927993774414;66.2198486328125;92.88856506347656;[1]
(aaaf);258;12:01:21:350;28.70399856567382;67.26507568359375;92.76148986816406;[1]
(cacf);256;12:01:16:294;27.83039855957031;66.2198486328125;92.76148986816406;[1]
(aaaf);259;12:01:21:604;28.64159965515136;67.26507568359375;92.76148986816406;[1]
(cacf);257;12:01:16:543;27.8927993774414;66.2198486328125;92.76148986816406;[1]
(aaaf);260;12:01:21:858;28.70399856567382;67.26507568359375;92.82502746582031;[1]
(cacf);258;12:01:16:791;27.83039855957031;66.2198486328125;92.88856506347656;[1]
(aaaf);261;12:01:22:106;28.70399856567382;67.26507568359375;92.76148986816406;[1]
(cacf);259;12:01:17:40;27.8927993774414;66.2198486328125;92.88856506347656;[1]
(aaaf);262;12:01:22:356;28.70399856567382;67.23455810546875;92.76148986816406;[1]
(cacf);260;12:01:17:290;27.8927993774414;66.1893310546875;92.88856506347656;[1]
(aaaf);263;12:01:22:609;28.70399856567382;67.23455810546875;92.76148986816406;[1]
(cacf);261;12:01:17:543;27.8927993774414;66.1893310546875;92.88856506347656;[1]
(aaaf);264;12:01:22:857;28.70399856567382;67.23455810546875;92.76148986816406;[1]
(cacf);262;12:01:17:793;27.8927993774414;66.1893310546875;92.88856506347656;[1]
(aaaf);265;12:01:23:107;28.70399856567382;67.20404052734375;92.76148986816406;[1]
(cacf);263;12:01:18:47;27.8927993774414;66.1893310546875;92.88856506347656;[1]
(aaaf);266;12:01:23:362;28.70399856567382;67.20404052734375;92.76148986816406;[1]
(cacf);264;12:01:18:295;27.83039855957031;66.1893310546875;92.88856506347656;[1]
(aaaf);267;12:01:23:615;28.70399856567382;67.20404052734375;92.76148986816406;[1]
(cacf);265;12:01:18:544;27.8927993774414;66.1893310546875;92.88856506347656;[1]
(aaaf);268;12:01:23:863;28.70399856567382;67.20404052734375;92.76148986816406;[1]
(cacf);266;12:01:18:792;27.8927993774414;66.1893310546875;92.88856506347656;[1]
(aaaf);269;12:01:24:113;28.70399856567382;67.20404052734375;92.82502746582031;[1]
(cacf);267;12:01:19:42;27.83039855957031;66.1893310546875;92.88856506347656;[1]
(aaaf);270;12:01:24:367;28.70399856567382;67.20404052734375;92.76148986816406;[1]
(cacf);268;12:01:19:296;27.83039855957031;66.1893310546875;92.76148986816406;[1]
(aaaf);271;12:01:24:615;28.76639938354492;67.20404052734375;92.88856506347656;[1]
(cacf);269;12:01:19:550;27.8927993774414;66.1588134765625;92.82502746582031;[1]
(aaaf);272;12:01:24:865;28.70399856567382;67.17352294921875;92.76148986816406;[1]
(cacf);270;12:01:19:798;27.8927993774414;66.1588134765625;92.82502746582031;[1]
(aaaf);273;12:01:25:125;28.70399856567382;67.17352294921875;92.76148986816406;[1]
(cacf);271;12:01:20:54;27.8927993774414;66.1588134765625;92.82502746582031;[1]
(aaaf);274;12:01:25:378;28.76639938354492;67.150634765625;92.76148986816406;[1]
(cacf);272;12:01:20:305;27.8927993774414;66.1588134765625;92.88856506347656;[1]
(aaaf);275;12:01:25:627;28.76639938354492;67.150634765625;92.82502746582031;[1]
(cacf);273;12:01:20:555;27.8927993774414;66.1588134765625;92.88856506347656;[1]
(aaaf);276;12:01:25:875;28.76639938354492;67.150634765625;92.82502746582031;[1]
(cacf);274;12:01:20:805;27.8927993774414;66.1588134765625;93.01564025878906;[1]
(aaaf);277;12:01:26:129;28.76639938354492;67.150634765625;92.76148986816406;[1]
(cacf);275;12:01:21:63;27.83039855957031;66.1588134765625;92.82502746582031;[1]
(aaaf);278;12:01:26:377;28.76639938354492;67.150634765625;92.76148986816406;[1]
(cacf);276;12:01:21:313;27.8927993774414;66.1588134765625;92.82502746582031;[1]
(aaaf);279;12:01:26:627;28.70399856567382;67.150634765625;92.76148986816406;[1]
(cacf);277;12:01:21:567;27.83039855957031;66.1588134765625;92.95210266113281;[1]
(aaaf);280;12:01:26:881;28.76639938354492;67.150634765625;92.76148986816406;[1]
(cacf);278;12:01:21:821;27.8927993774414;66.1588134765625;92.82502746582031;[1]
(aaaf);281;12:01:27:133;28.76639938354492;67.1201171875;92.76148986816406;[1]
(cacf);279;12:01:22:75;27.8927993774414;66.1282958984375;92.88856506347656;[1]
(aaaf);282;12:01:27:378;28.76639938354492;67.1201171875;92.76148986816406;[1]
(cacf);280;12:01:22:328;27.8927993774414;66.1282958984375;92.88856506347656;[1]
(aaaf);283;12:01:27:620;28.76639938354492;67.1201171875;92.76148986816406;[1]
(cacf);281;12:01:22:582;27.8927993774414;66.1282958984375;92.88856506347656;[1]
(aaaf);284;12:01:27:864;28.70399856567382;67.1201171875;92.88856506347656;[1]
(cacf);282;12:01:22:841;27.8927993774414;66.1282958984375;92.88856506347656;[1]
(aaaf);285;12:01:28:113;28.76639938354492;67.09722900390625;92.69794464111328;[1]
(cacf);283;12:01:23:95;27.8927993774414;66.1282958984375;92.82502746582031;[1]
(aaaf);286;12:01:28:363;28.76639938354492;67.09722900390625;92.82502746582031;[1]
(cacf);284;12:01:23:343;27.8927993774414;66.1282958984375;92.88856506347656;[1]
(aaaf);287;12:01:28:617;28.76639938354492;67.09722900390625;92.82502746582031;[1]
(cacf);285;12:01:23:591;27.8927993774414;66.1282958984375;93.01564025878906;[1]
(aaaf);288;12:01:28:866;28.76639938354492;67.09722900390625;92.82502746582031;[1]
(cacf);286;12:01:23:839;27.8927993774414;66.1282958984375;92.88856506347656;[1]
(aaaf);289;12:01:29:116;28.76639938354492;67.09722900390625;92.76148986816406;[1]
(cacf);287;12:01:24:88;27.8927993774414;66.1282958984375;92.88856506347656;[1]
(aaaf);290;12:01:29:364;28.76639938354492;67.09722900390625;92.82502746582031;[1]
(cacf);288;12:01:24:337;27.8927993774414;66.1282958984375;92.88856506347656;[1]
(aaaf);291;12:01:29:612;28.76639938354492;67.09722900390625;92.76148986816406;[1]
(cacf);289;12:01:24:591;27.8927993774414;66.0977783203125;92.88856506347656;[1]
(aaaf);292;12:01:29:861;28.76639938354492;67.09722900390625;92.76148986816406;[1]
(cacf);290;12:01:24:840;27.8927993774414;66.1282958984375;92.88856506347656;[1]
(aaaf);293;12:01:30:110;28.76639938354492;67.09722900390625;92.82502746582031;[1]
(cacf);291;12:01:25:89;27.8927993774414;66.0977783203125;93.01564025878906;[1]
(aaaf);294;12:01:30:364;28.76639938354492;67.09722900390625;92.76148986816406;[1]
(cacf);292;12:01:25:337;27.9552001953125;66.0977783203125;92.88856506347656;[1]
(aaaf);295;12:01:30:613;28.76639938354492;67.06671142578125;92.76148986816406;[1]
(cacf);293;12:01:25:588;27.8927993774414;66.0977783203125;92.76148986816406;[1]
(aaaf);296;12:01:30:862;28.82879829406738;67.06671142578125;92.82502746582031;[1]
(cacf);294;12:01:25:837;27.8927993774414;66.0977783203125;92.88856506347656;[1]
(aaaf);297;12:01:31:110;28.76639938354492;67.06671142578125;92.95210266113281;[1]
(cacf);295;12:01:26:91;27.8927993774414;66.0977783203125;92.88856506347656;[1]
(aaaf);298;12:01:31:360;28.82879829406738;67.06671142578125;92.82502746582031;[1]
(cacf);296;12:01:26:333;27.8927993774414;66.0977783203125;92.88856506347656;[1]
(aaaf);299;12:01:31:610;28.76639938354492;67.06671142578125;92.76148986816406;[1]
(cacf);297;12:01:26:582;27.9552001953125;66.0977783203125;92.88856506347656;[1]
(aaaf);300;12:01:31:863;28.76639938354492;67.06671142578125;92.76148986816406;[1]
(cacf);298;12:01:26:826;27.8927993774414;66.0977783203125;92.82502746582031;[1]
(aaaf);301;12:01:32:122;28.76639938354492;67.03619384765625;92.82502746582031;[1]
(cacf);299;12:01:27:75;27.8927993774414;66.0672607421875;92.88856506347656;[1]
(aaaf);302;12:01:32:376;28.76639938354492;67.03619384765625;92.82502746582031;[1]
(cacf);300;12:01:27:324;27.9552001953125;66.0672607421875;93.01564025878906;[1]
(aaaf);303;12:01:32:624;28.82879829406738;67.03619384765625;92.82502746582031;[1]
(cacf);301;12:01:27:572;27.8927993774414;66.0672607421875;92.76148986816406;[1]
(aaaf);304;12:01:32:874;28.82879829406738;67.0133056640625;92.82502746582031;[1]
(cacf);302;12:01:27:823;27.8927993774414;66.0672607421875;92.88856506347656;[1]
(aaaf);305;12:01:33:117;28.76639938354492;67.0133056640625;92.82502746582031;[1]
(cacf);303;12:01:28:73;27.8927993774414;66.0672607421875;92.76148986816406;[1]
(aaaf);306;12:01:33:360;28.82879829406738;67.0133056640625;92.82502746582031;[1]
(cacf);304;12:01:28:327;27.8927993774414;66.0672607421875;92.82502746582031;[1]
(aaaf);307;12:01:33:606;28.76639938354492;67.0133056640625;92.82502746582031;[1]
(cacf);305;12:01:28:580;27.9552001953125;66.0367431640625;92.82502746582031;[1]
(aaaf);308;12:01:33:859;28.82879829406738;67.0133056640625;92.82502746582031;[1]
(cacf);306;12:01:28:829;27.8927993774414;66.0367431640625;92.88856506347656;[1]
(aaaf);309;12:01:34:112;28.82879829406738;67.0133056640625;92.76148986816406;[1]
(cacf);307;12:01:29:76;27.9552001953125;66.0367431640625;92.82502746582031;[1]
(aaaf);310;12:01:34:360;28.82879829406738;66.9827880859375;92.82502746582031;[1]
(cacf);308;12:01:29:325;27.9552001953125;66.0367431640625;92.88856506347656;[1]
(aaaf);311;12:01:34:610;28.82879829406738;66.9827880859375;92.76148986816406;[1]
(cacf);309;12:01:29:574;27.8927993774414;66.0367431640625;92.88856506347656;[1]
(aaaf);312;12:01:34:859;28.82879829406738;66.9827880859375;92.76148986816406;[1]
(cacf);310;12:01:29:823;27.8927993774414;66.0367431640625;92.88856506347656;[1]
(aaaf);313;12:01:35:108;28.82879829406738;66.9827880859375;92.82502746582031;[1]
(cacf);311;12:01:30:78;27.9552001953125;66.0367431640625;92.88856506347656;[1]
(aaaf);314;12:01:35:357;28.82879829406738;66.9522705078125;92.82502746582031;[1]
(cacf);312;12:01:30:328;27.9552001953125;66.0367431640625;92.88856506347656;[1]
(aaaf);315;12:01:35:616;28.82879829406738;66.9522705078125;92.76148986816406;[1]
(cacf);313;12:01:30:571;27.9552001953125;66.07489013671875;92.88856506347656;[1]
(aaaf);316;12:01:35:864;28.82879829406738;66.9522705078125;92.82502746582031;[1]
(cacf);314;12:01:30:819;27.9552001953125;66.07489013671875;92.88856506347656;[1]
(aaaf);317;12:01:36:114;28.82879829406738;66.9522705078125;92.82502746582031;[1]
(cacf);315;12:01:31:68;27.8927993774414;65.98333740234375;93.01564025878906;[1]
(aaaf);318;12:01:36:362;28.82879829406738;66.9522705078125;92.76148986816406;[1]
(cacf);316;12:01:31:317;27.9552001953125;66.01385498046875;92.88856506347656;[1]
(aaaf);319;12:01:36:612;28.82879829406738;66.92938232421875;92.95210266113281;[1]
(cacf);317;12:01:31:567;27.9552001953125;66.01385498046875;92.88856506347656;[1]
(aaaf);320;12:01:36:866;28.82879829406738;66.92938232421875;92.82502746582031;[1]
(cacf);318;12:01:31:819;27.9552001953125;66.01385498046875;92.76148986816406;[1]
(aaaf);321;12:01:37:119;28.82879829406738;66.89886474609375;92.82502746582031;[1]
(cacf);319;12:01:32:68;27.9552001953125;66.01385498046875;92.88856506347656;[1]
(aaaf);322;12:01:37:372;28.82879829406738;66.92938232421875;92.82502746582031;[1]
(cacf);320;12:01:32:318;27.9552001953125;66.01385498046875;92.88856506347656;[1]
(aaaf);323;12:01:37:621;28.82879829406738;66.92938232421875;92.76148986816406;[1]
(cacf);321;12:01:32:568;27.9552001953125;66.01385498046875;92.88856506347656;[1]
(aaaf);324;12:01:37:871;28.82879829406738;66.92938232421875;92.82502746582031;[1]
(cacf);322;12:01:32:822;27.9552001953125;66.01385498046875;92.88856506347656;[1]
(aaaf);325;12:01:38:124;28.82879829406738;66.92938232421875;92.82502746582031;[1]
(cacf);323;12:01:33:76;27.9552001953125;66.01385498046875;92.82502746582031;[1]
(aaaf);326;12:01:38:372;28.82879829406738;66.89886474609375;92.76148986816406;[1]
(cacf);324;12:01:33:330;27.9552001953125;66.01385498046875;92.88856506347656;[1]
(aaaf);327;12:01:38:621;28.89119911193847;66.89886474609375;92.76148986816406;[1]
(cacf);325;12:01:33:589;27.9552001953125;66.01385498046875;92.88856506347656;[1]
(aaaf);328;12:01:38:870;28.89119911193847;66.89886474609375;92.82502746582031;[1]
(cacf);326;12:01:33:842;27.9552001953125;66.01385498046875;92.76148986816406;[1]
(aaaf);329;12:01:39:125;28.82879829406738;66.8759765625;92.76148986816406;[1]
(cacf);327;12:01:34:96;27.9552001953125;66.01385498046875;92.88856506347656;[1]
(aaaf);330;12:01:39:373;28.82879829406738;66.8759765625;92.95210266113281;[1]
(cacf);328;12:01:34:344;27.8927993774414;66.01385498046875;92.88856506347656;[1]
(aaaf);331;12:01:39:619;28.89119911193847;66.8759765625;92.82502746582031;[1]
(cacf);329;12:01:34:593;27.9552001953125;66.01385498046875;92.88856506347656;[1]
(aaaf);332;12:01:39:872;28.82879829406738;66.8759765625;92.82502746582031;[1]
(cacf);330;12:01:34:843;27.8927993774414;66.01385498046875;92.88856506347656;[1]
(aaaf);333;12:01:40:126;28.82879829406738;66.8759765625;92.76148986816406;[1]
(cacf);331;12:01:35:91;27.9552001953125;66.01385498046875;92.88856506347656;[1]
(aaaf);334;12:01:40:380;28.89119911193847;66.845458984375;92.82502746582031;[1]
(cacf);332;12:01:35:344;27.9552001953125;66.01385498046875;92.76148986816406;[1]
(aaaf);335;12:01:40:629;28.89119911193847;66.845458984375;92.82502746582031;[1]
(cacf);333;12:01:35:592;27.8927993774414;66.01385498046875;92.88856506347656;[1]
(aaaf);336;12:01:40:882;28.89119911193847;66.845458984375;92.76148986816406;[1]
(cacf);334;12:01:35:841;27.9552001953125;66.01385498046875;92.88856506347656;[1]
(aaaf);337;12:01:41:130;28.89119911193847;66.81494140625;92.82502746582031;[1]
(cacf);335;12:01:36:90;27.9552001953125;66.01385498046875;92.88856506347656;[1]
(aaaf);338;12:01:41:379;28.89119911193847;66.81494140625;92.76148986816406;[1]
(cacf);336;12:01:36:339;27.9552001953125;66.01385498046875;92.88856506347656;[1]
(aaaf);339;12:01:41:627;28.82879829406738;66.81494140625;92.82502746582031;[1]
(cacf);337;12:01:36:589;27.9552001953125;66.01385498046875;93.01564025878906;[1]
(aaaf);340;12:01:41:877;28.82879829406738;66.81494140625;92.82502746582031;[1]
(cacf);338;12:01:36:838;27.9552001953125;66.01385498046875;92.88856506347656;[1]
(aaaf);341;12:01:42:126;28.89119911193847;66.81494140625;92.76148986816406;[1]
(cacf);339;12:01:37:92;27.9552001953125;66.01385498046875;92.88856506347656;[1]
(aaaf);342;12:01:42:374;28.89119911193847;66.81494140625;92.76148986816406;[1]
(cacf);340;12:01:37:342;27.9552001953125;66.01385498046875;92.88856506347656;[1]
(aaaf);343;12:01:42:628;28.82879829406738;66.79205322265625;92.82502746582031;[1]
(cacf);341;12:01:37:595;27.9552001953125;66.01385498046875;92.88856506347656;[1]
(aaaf);344;12:01:42:877;28.89119911193847;66.79205322265625;92.82502746582031;[1]
(cacf);342;12:01:37:849;27.9552001953125;66.01385498046875;93.01564025878906;[1]
(aaaf);345;12:01:43:126;28.89119911193847;66.79205322265625;92.82502746582031;[1]
(cacf);343;12:01:38:95;27.9552001953125;66.01385498046875;92.88856506347656;[1]
(aaaf);346;12:01:43:376;28.89119911193847;66.76153564453125;92.82502746582031;[1]
(cacf);344;12:01:38:345;27.9552001953125;66.01385498046875;93.01564025878906;[1]
(aaaf);347;12:01:43:624;28.89119911193847;66.76153564453125;92.82502746582031;[1]
(cacf);345;12:01:38:593;28.01759910583496;66.01385498046875;93.01564025878906;[1]
(aaaf);348;12:01:43:873;28.89119911193847;66.76153564453125;92.82502746582031;[1]
(cacf);346;12:01:38:847;27.9552001953125;66.01385498046875;92.88856506347656;[1]
(aaaf);349;12:01:44:128;28.89119911193847;66.76153564453125;92.82502746582031;[1]
(cacf);347;12:01:39:98;27.9552001953125;66.01385498046875;92.88856506347656;[1]
(aaaf);350;12:01:44:376;28.89119911193847;66.76153564453125;92.82502746582031;[1]
(cacf);348;12:01:39:346;27.9552001953125;66.01385498046875;92.88856506347656;[1]
(aaaf);351;12:01:44:624;28.89119911193847;66.76153564453125;92.76148986816406;[1]
(cacf);349;12:01:39:595;27.9552001953125;66.01385498046875;92.88856506347656;[1]
(aaaf);352;12:01:44:874;28.89119911193847;66.73101806640625;92.82502746582031;[1]
(cacf);350;12:01:39:845;27.9552001953125;66.01385498046875;92.88856506347656;[1]
(aaaf);353;12:01:45:122;28.95359992980957;66.73101806640625;92.82502746582031;[1]
(cacf);351;12:01:40:93;27.9552001953125;66.01385498046875;92.88856506347656;[1]
(aaaf);354;12:01:45:371;28.89119911193847;66.7081298828125;92.82502746582031;[1]
(cacf);352;12:01:40:343;28.01759910583496;66.01385498046875;92.76148986816406;[1]
(aaaf);355;12:01:45:621;28.89119911193847;66.7081298828125;92.82502746582031;[1]
(cacf);353;12:01:40:597;27.9552001953125;66.01385498046875;92.88856506347656;[1]
(aaaf);356;12:01:45:873;28.95359992980957;66.7081298828125;92.95210266113281;[1]
(cacf);354;12:01:40:849;27.9552001953125;66.01385498046875;92.76148986816406;[1]
(aaaf);357;12:01:46:124;28.89119911193847;66.7081298828125;92.82502746582031;[1]
(cacf);355;12:01:41:98;28.01759910583496;66.01385498046875;92.88856506347656;[1]
(aaaf);358;12:01:46:378;28.89119911193847;66.7081298828125;92.82502746582031;[1]
(cacf);356;12:01:41:348;27.9552001953125;66.01385498046875;92.88856506347656;[1]
(aaaf);359;12:01:46:631;28.89119911193847;66.7081298828125;92.82502746582031;[1]
(cacf);357;12:01:41:597;27.9552001953125;66.01385498046875;92.88856506347656;[1]
(aaaf);360;12:01:46:885;28.95359992980957;66.7081298828125;92.76148986816406;[1]
(cacf);358;12:01:41:846;27.9552001953125;66.01385498046875;92.76148986816406;[1]
(aaaf);361;12:01:47:132;28.95359992980957;66.6776123046875;92.82502746582031;[1]
(cacf);359;12:01:42:100;27.9552001953125;66.01385498046875;92.76148986816406;[1]
(aaaf);362;12:01:47:382;28.95359992980957;66.6776123046875;92.76148986816406;[1]
(cacf);360;12:01:42:353;27.9552001953125;66.01385498046875;92.88856506347656;[1]
(aaaf);363;12:01:47:637;28.89119911193847;66.6776123046875;92.82502746582031;[1]
(cacf);361;12:01:42:602;27.9552001953125;66.01385498046875;92.88856506347656;[1]
(aaaf);364;12:01:47:890;28.95359992980957;66.6470947265625;92.82502746582031;[1]
(cacf);362;12:01:42:852;28.01759910583496;66.01385498046875;92.76148986816406;[1]
(aaaf);365;12:01:48:138;28.89119911193847;66.6470947265625;92.82502746582031;[1]
(cacf);363;12:01:43:106;28.01759910583496;66.07489013671875;93.01564025878906;[1]
(aaaf);366;12:01:48:387;28.95359992980957;66.6470947265625;92.82502746582031;[1]
(cacf);364;12:01:43:359;27.9552001953125;66.07489013671875;92.76148986816406;[1]
(aaaf);367;12:01:48:637;28.95359992980957;66.6470947265625;92.82502746582031;[1]
(cacf);365;12:01:43:608;27.9552001953125;66.01385498046875;92.76148986816406;[1]
(aaaf);368;12:01:48:885;28.89119911193847;66.6470947265625;92.82502746582031;[1]
(cacf);366;12:01:43:856;28.01759910583496;66.01385498046875;92.88856506347656;[1]
(aaaf);369;12:01:49:134;28.95359992980957;66.62420654296875;92.76148986816406;[1]
(cacf);367;12:01:44:111;27.9552001953125;66.01385498046875;92.88856506347656;[1]
(aaaf);370;12:01:49:390;28.95359992980957;66.62420654296875;92.82502746582031;[1]
(cacf);368;12:01:44:365;28.01759910583496;66.01385498046875;93.01564025878906;[1]
(aaaf);371;12:01:49:643;28.95359992980957;66.62420654296875;92.82502746582031;[1]
(cacf);369;12:01:44:619;27.9552001953125;66.01385498046875;92.88856506347656;[1]
(aaaf);372;12:01:49:897;28.89119911193847;66.59368896484375;92.82502746582031;[1]
(cacf);370;12:01:44:868;28.01759910583496;66.01385498046875;92.88856506347656;[1]
(aaaf);373;12:01:50:151;28.95359992980957;66.59368896484375;92.82502746582031;[1]
(cacf);371;12:01:45:122;27.9552001953125;66.01385498046875;92.88856506347656;[1]
(aaaf);374;12:01:50:405;28.95359992980957;66.59368896484375;92.82502746582031;[1]
(cacf);372;12:01:45:375;27.9552001953125;66.01385498046875;92.82502746582031;[1]
(aaaf);375;12:01:50:658;28.95359992980957;66.59368896484375;92.82502746582031;[1]
(cacf);373;12:01:45:623;28.01759910583496;66.01385498046875;92.82502746582031;[1]
(aaaf);376;12:01:50:907;28.95359992980957;66.56317138671875;92.82502746582031;[1]
(cacf);374;12:01:45:878;28.01759910583496;66.01385498046875;92.95210266113281;[1]
(aaaf);377;12:01:51:160;28.95359992980957;66.56317138671875;92.69794464111328;[1]
(cacf);375;12:01:46:128;28.01759910583496;66.01385498046875;92.88856506347656;[1]
(aaaf);378;12:01:51:410;28.95359992980957;66.56317138671875;92.82502746582031;[1]
(cacf);376;12:01:46:382;28.01759910583496;66.01385498046875;92.82502746582031;[1]
(aaaf);379;12:01:51:664;29.01599884033203;66.53265380859375;92.82502746582031;[1]
(cacf);377;12:01:46:635;27.9552001953125;66.01385498046875;92.88856506347656;[1]
(aaaf);380;12:01:51:912;28.95359992980957;66.53265380859375;92.82502746582031;[1]
(cacf);378;12:01:46:883;27.9552001953125;66.01385498046875;92.88856506347656;[1]
(aaaf);381;12:01:52:159;28.95359992980957;66.53265380859375;92.76148986816406;[1]
(cacf);379;12:01:47:131;28.01759910583496;66.01385498046875;92.76148986816406;[1]
(aaaf);382;12:01:52:408;28.95359992980957;66.53265380859375;92.82502746582031;[1]
(cacf);380;12:01:47:380;28.01759910583496;66.01385498046875;92.82502746582031;[1]
(aaaf);383;12:01:52:657;28.95359992980957;66.53265380859375;92.82502746582031;[1]
(cacf);381;12:01:47:634;28.01759910583496;66.01385498046875;92.88856506347656;[1]
(aaaf);384;12:01:52:911;28.95359992980957;66.50213623046875;92.82502746582031;[1]
(cacf);382;12:01:47:885;28.01759910583496;66.01385498046875;92.88856506347656;[1]
(aaaf);385;12:01:53:160;29.01599884033203;66.50213623046875;92.82502746582031;[1]
(cacf);383;12:01:48:139;28.01759910583496;66.01385498046875;92.76148986816406;[1]
(aaaf);386;12:01:53:410;28.95359992980957;66.50213623046875;92.82502746582031;[1]
(cacf);384;12:01:48:392;28.01759910583496;66.01385498046875;92.88856506347656;[1]
(aaaf);387;12:01:53:658;28.95359992980957;66.47161865234375;92.82502746582031;[1]
(cacf);385;12:01:48:640;28.01759910583496;66.01385498046875;92.88856506347656;[1]
(aaaf);388;12:01:53:908;28.95359992980957;66.47161865234375;92.82502746582031;[1]
(cacf);386;12:01:48:888;27.9552001953125;66.01385498046875;92.76148986816406;[1]
(aaaf);389;12:01:54:156;29.01599884033203;66.47161865234375;92.82502746582031;[1]
(cacf);387;12:01:49:138;28.01759910583496;66.01385498046875;92.76148986816406;[1]
(aaaf);390;12:01:54:406;28.95359992980957;66.47161865234375;92.82502746582031;[1]
(cacf);388;12:01:49:393;28.01759910583496;66.01385498046875;92.88856506347656;[1]
(aaaf);391;12:01:54:659;29.01599884033203;66.47161865234375;92.82502746582031;[1]
(cacf);389;12:01:49:646;28.01759910583496;66.01385498046875;92.76148986816406;[1]
(aaaf);392;12:01:54:907;29.01599884033203;66.47161865234375;92.82502746582031;[1]
(cacf);390;12:01:49:894;27.9552001953125;66.01385498046875;92.88856506347656;[1]
(aaaf);393;12:01:55:156;28.95359992980957;66.47161865234375;92.82502746582031;[1]
(cacf);391;12:01:50:144;28.01759910583496;66.01385498046875;92.88856506347656;[1]
(aaaf);394;12:01:55:405;29.01599884033203;66.47161865234375;92.82502746582031;[1]
(cacf);392;12:01:50:398;28.01759910583496;66.01385498046875;92.88856506347656;[1]
(aaaf);395;12:01:55:655;29.01599884033203;66.44110107421875;92.82502746582031;[1]
(cacf);393;12:01:50:645;28.01759910583496;66.01385498046875;92.82502746582031;[1]
(aaaf);396;12:01:55:902;29.01599884033203;66.44110107421875;92.82502746582031;[1]
(cacf);394;12:01:50:895;28.01759910583496;66.01385498046875;92.76148986816406;[1]
(aaaf);397;12:01:56:151;28.95359992980957;66.44110107421875;92.82502746582031;[1]
(cacf);395;12:01:51:150;28.01759910583496;66.01385498046875;92.88856506347656;[1]
(aaaf);398;12:01:56:405;29.01599884033203;66.44110107421875;92.82502746582031;[1]
(cacf);396;12:01:51:404;28.01759910583496;66.01385498046875;92.88856506347656;[1]
(aaaf);399;12:01:56:655;29.01599884033203;66.41058349609375;92.69794464111328;[1]
(cacf);397;12:01:51:658;28.01759910583496;66.01385498046875;92.88856506347656;[1]
(aaaf);400;12:01:56:905;29.01599884033203;66.41058349609375;92.82502746582031;[1]
(cacf);398;12:01:51:912;28.01759910583496;66.01385498046875;92.88856506347656;[1]
(aaaf);401;12:01:57:158;29.01599884033203;66.41058349609375;92.82502746582031;[1]
(cacf);399;12:01:52:165;28.01759910583496;66.01385498046875;92.88856506347656;[1]
(aaaf);402;12:01:57:412;29.01599884033203;66.41058349609375;92.82502746582031;[0]
