(aaaf);02:23:38:243;1;28.89119911193847;70.751708984375;93.20625305175781;[1]
(aaaf);02:23:38:491;2;28.89119911193847;70.751708984375;92.88856506347656;[1]
(aaaf);02:23:38:739;3;28.89119911193847;70.751708984375;93.07917785644531;[1]
(aaaf);02:23:38:985;4;28.95359992980957;70.751708984375;92.95210266113281;[1]
(aaaf);02:23:39:232;5;28.89119911193847;70.751708984375;93.07917785644531;[1]
(aaaf);02:23:39:476;6;28.89119911193847;70.7822265625;92.88856506347656;[1]
(aaaf);02:23:39:720;7;28.89119911193847;70.7822265625;92.95210266113281;[1]
(aaaf);02:23:39:965;8;28.89119911193847;70.7822265625;92.95210266113281;[1]
(aaaf);02:23:40:221;9;28.89119911193847;70.80511474609375;92.88856506347656;[1]
(aaaf);02:23:40:466;10;28.89119911193847;70.80511474609375;93.07917785644531;[1]
(aaaf);02:23:40:710;11;28.95359992980957;70.80511474609375;93.14271545410156;[1]
(aaaf);02:23:40:954;12;28.95359992980957;70.80511474609375;93.14271545410156;[1]
(aaaf);02:23:41:199;13;28.89119911193847;70.80511474609375;92.95210266113281;[1]
(aaaf);02:23:41:449;14;28.89119911193847;70.83563232421875;93.07917785644531;[1]
(aaaf);02:23:41:698;15;28.95359992980957;70.83563232421875;92.88856506347656;[1]
(aaaf);02:23:41:946;16;28.95359992980957;70.83563232421875;93.07917785644531;[1]
(aaaf);02:23:42:194;17;28.95359992980957;70.86614990234375;93.01564025878906;[1]
(aaaf);02:23:42:443;18;28.95359992980957;70.86614990234375;92.95210266113281;[1]
(aaaf);02:23:42:698;19;28.89119911193847;70.86614990234375;93.07917785644531;[1]
(aaaf);02:23:42:945;20;28.95359992980957;70.86614990234375;93.07917785644531;[1]
(aaaf);02:23:43:189;21;28.89119911193847;70.89666748046875;93.07917785644531;[1]
(aaaf);02:23:43:434;22;28.89119911193847;70.89666748046875;92.88856506347656;[1]
(aaaf);02:23:43:684;23;28.89119911193847;70.89666748046875;93.20625305175781;[1]
(aaaf);02:23:43:932;24;28.89119911193847;70.89666748046875;92.88856506347656;[1]
(aaaf);02:23:44:179;25;28.89119911193847;70.89666748046875;93.01564025878906;[1]
(aaaf);02:23:44:424;26;28.95359992980957;70.89666748046875;93.07917785644531;[1]
(aaaf);02:23:44:669;27;28.95359992980957;70.9195556640625;93.20625305175781;[1]
(aaaf);02:23:44:922;28;28.89119911193847;70.89666748046875;92.88856506347656;[1]
(aaaf);02:23:45:166;29;28.89119911193847;70.9195556640625;92.95210266113281;[1]
(aaaf);02:23:45:415;30;28.89119911193847;70.89666748046875;93.01564025878906;[1]
(aaaf);02:23:45:659;31;28.89119911193847;70.89666748046875;93.20625305175781;[1]
(aaaf);02:23:45:905;32;28.95359992980957;70.89666748046875;92.88856506347656;[1]
(aaaf);02:23:46:153;33;28.89119911193847;70.89666748046875;93.14271545410156;[1]
(aaaf);02:23:46:402;34;28.95359992980957;70.89666748046875;93.07917785644531;[1]
(aaaf);02:23:46:651;35;28.95359992980957;70.89666748046875;93.07917785644531;[1]
(aaaf);02:23:46:900;36;28.95359992980957;70.89666748046875;92.95210266113281;[1]
(aaaf);02:23:47:148;37;28.95359992980957;70.89666748046875;93.07917785644531;[1]
(aaaf);02:23:47:397;38;28.95359992980957;70.89666748046875;93.01564025878906;[1]
(aaaf);02:23:47:646;39;28.89119911193847;70.89666748046875;93.07917785644531;[1]
(aaaf);02:23:47:894;40;28.95359992980957;70.89666748046875;92.88856506347656;[1]
(aaaf);02:23:48:138;41;28.95359992980957;70.89666748046875;92.95210266113281;[1]
(aaaf);02:23:48:387;42;28.89119911193847;70.86614990234375;93.01564025878906;[1]
(aaaf);02:23:48:630;43;28.89119911193847;70.86614990234375;93.07917785644531;[1]
(aaaf);02:23:48:875;44;28.95359992980957;70.86614990234375;92.95210266113281;[1]
(aaaf);02:23:49:119;45;28.95359992980957;70.86614990234375;92.95210266113281;[1]
(aaaf);02:23:49:368;46;28.89119911193847;70.86614990234375;93.01564025878906;[1]
(aaaf);02:23:49:611;47;28.89119911193847;70.86614990234375;93.01564025878906;[1]
(aaaf);02:23:49:863;48;28.95359992980957;70.86614990234375;92.88856506347656;[1]
(aaaf);02:23:50:110;49;28.89119911193847;70.86614990234375;93.01564025878906;[1]
(aaaf);02:23:50:360;50;28.89119911193847;70.83563232421875;93.07917785644531;[1]
(aaaf);02:23:50:608;51;28.95359992980957;70.83563232421875;93.07917785644531;[1]
(aaaf);02:23:50:856;52;28.89119911193847;70.83563232421875;93.01564025878906;[1]
(aaaf);02:23:51:100;53;28.95359992980957;70.83563232421875;93.01564025878906;[1]
(aaaf);02:23:51:349;54;28.89119911193847;70.83563232421875;93.07917785644531;[1]
(aaaf);02:23:51:593;55;28.95359992980957;70.83563232421875;93.07917785644531;[1]
(aaaf);02:23:51:841;56;28.89119911193847;70.83563232421875;93.01564025878906;[1]
(aaaf);02:23:52:91;57;28.95359992980957;70.83563232421875;93.07917785644531;[1]
(aaaf);02:23:52:336;58;28.89119911193847;70.80511474609375;92.95210266113281;[1]
(aaaf);02:23:52:583;59;28.95359992980957;70.80511474609375;93.01564025878906;[1]
(aaaf);02:23:52:827;60;28.95359992980957;70.80511474609375;93.20625305175781;[1]
(aaaf);02:23:53:72;61;28.95359992980957;70.80511474609375;93.07917785644531;[1]
(aaaf);02:23:53:320;62;28.95359992980957;70.80511474609375;93.07917785644531;[1]
(aaaf);02:23:53:563;63;28.95359992980957;70.80511474609375;93.01564025878906;[1]
(aaaf);02:23:53:808;64;28.89119911193847;70.80511474609375;93.07917785644531;[1]
(aaaf);02:23:54:52;65;28.89119911193847;70.80511474609375;93.01564025878906;[1]
(aaaf);02:23:54:297;66;28.89119911193847;70.80511474609375;93.01564025878906;[1]
(aaaf);02:23:54:551;67;28.95359992980957;70.80511474609375;93.07917785644531;[1]
(aaaf);02:23:54:799;68;28.89119911193847;70.80511474609375;93.07917785644531;[1]
(aaaf);02:23:55:43;69;28.95359992980957;70.7822265625;93.01564025878906;[1]
(aaaf);02:23:55:293;70;28.89119911193847;70.80511474609375;93.07917785644531;[1]
(aaaf);02:23:55:541;71;28.89119911193847;70.7822265625;92.88856506347656;[1]
(aaaf);02:23:55:785;72;28.95359992980957;70.7822265625;92.82502746582031;[1]
(aaaf);02:23:56:32;73;28.89119911193847;70.7822265625;93.01564025878906;[1]
(aaaf);02:23:56:277;74;28.95359992980957;70.7822265625;93.07917785644531;[1]
(aaaf);02:23:56:523;75;28.89119911193847;70.7822265625;92.88856506347656;[1]
(aaaf);02:23:56:767;76;28.95359992980957;70.7822265625;92.95210266113281;[1]
(aaaf);02:23:57:15;77;28.95359992980957;70.751708984375;92.95210266113281;[1]
(aaaf);02:23:57:259;78;28.89119911193847;70.751708984375;92.95210266113281;[1]
(aaaf);02:23:57:508;79;28.95359992980957;70.751708984375;92.88856506347656;[1]
(aaaf);02:23:57:757;80;28.89119911193847;70.751708984375;92.88856506347656;[1]
(aaaf);02:23:58:4;81;28.95359992980957;70.751708984375;93.01564025878906;[1]
(aaaf);02:23:58:249;82;28.95359992980957;70.751708984375;93.07917785644531;[1]
(aaaf);02:23:58:494;83;28.95359992980957;70.751708984375;92.95210266113281;[1]
(aaaf);02:23:58:743;84;28.89119911193847;70.751708984375;92.95210266113281;[1]
(aaaf);02:23:58:991;85;28.95359992980957;70.751708984375;93.01564025878906;[1]
(aaaf);02:23:59:239;86;28.95359992980957;70.751708984375;93.07917785644531;[1]
(aaaf);02:23:59:485;87;28.95359992980957;70.751708984375;92.95210266113281;[1]
(aaaf);02:23:59:732;88;28.89119911193847;70.751708984375;93.01564025878906;[1]
(aaaf);02:23:59:972;89;28.95359992980957;70.751708984375;93.01564025878906;[1]
(aaaf);02:24:00:217;90;28.95359992980957;70.751708984375;93.07917785644531;[1]
(aaaf);02:24:00:460;91;28.95359992980957;70.751708984375;93.07917785644531;[1]
(aaaf);02:24:00:709;92;28.95359992980957;70.751708984375;93.07917785644531;[1]
(aaaf);02:24:00:957;93;28.95359992980957;70.751708984375;93.01564025878906;[1]
(aaaf);02:24:01:201;94;28.95359992980957;70.751708984375;92.95210266113281;[1]
(aaaf);02:24:01:445;95;28.95359992980957;70.751708984375;93.01564025878906;[1]
(aaaf);02:24:01:693;96;28.95359992980957;70.751708984375;92.95210266113281;[1]
(aaaf);02:24:01:937;97;28.95359992980957;70.751708984375;93.01564025878906;[1]
(aaaf);02:24:02:182;98;28.95359992980957;70.751708984375;92.95210266113281;[1]
(aaaf);02:24:02:426;99;28.95359992980957;70.751708984375;93.07917785644531;[1]
(aaaf);02:24:02:674;100;28.95359992980957;70.751708984375;93.07917785644531;[1]
(aaaf);02:24:02:918;101;28.95359992980957;70.72882080078125;93.07917785644531;[1]
(aaaf);02:24:03:163;102;28.95359992980957;70.72882080078125;92.95210266113281;[1]
(aaaf);02:24:03:411;103;28.89119911193847;70.72882080078125;93.01564025878906;[1]
(aaaf);02:24:03:655;104;28.95359992980957;70.72882080078125;92.95210266113281;[1]
(aaaf);02:24:03:899;105;28.95359992980957;70.72882080078125;93.07917785644531;[1]
(aaaf);02:24:04:150;106;28.95359992980957;70.72882080078125;92.95210266113281;[1]
(aaaf);02:24:04:396;107;28.95359992980957;70.72882080078125;93.01564025878906;[1]
(aaaf);02:24:04:642;108;28.95359992980957;70.72882080078125;93.07917785644531;[1]
(aaaf);02:24:04:890;109;28.95359992980957;70.72882080078125;93.07917785644531;[1]
(aaaf);02:24:05:134;110;28.95359992980957;70.72882080078125;93.01564025878906;[1]
(aaaf);02:24:05:382;111;28.95359992980957;70.72882080078125;93.01564025878906;[1]
(aaaf);02:24:05:628;112;28.95359992980957;70.72882080078125;92.95210266113281;[1]
(aaaf);02:24:05:876;113;28.95359992980957;70.72882080078125;92.95210266113281;[1]
(aaaf);02:24:06:126;114;28.95359992980957;70.72882080078125;93.07917785644531;[1]
(aaaf);02:24:06:378;115;28.95359992980957;70.72882080078125;93.01564025878906;[1]
(aaaf);02:24:06:622;116;28.95359992980957;70.72882080078125;92.95210266113281;[1]
(aaaf);02:24:06:865;117;28.95359992980957;70.72882080078125;93.01564025878906;[1]
(aaaf);02:24:07:110;118;28.95359992980957;70.72882080078125;92.95210266113281;[1]
(aaaf);02:24:07:353;119;28.95359992980957;70.69830322265625;93.01564025878906;[1]
(aaaf);02:24:07:598;120;28.95359992980957;70.69830322265625;92.88856506347656;[1]
(aaaf);02:24:07:841;121;28.95359992980957;70.69830322265625;93.20625305175781;[1]
(aaaf);02:24:08:85;122;28.95359992980957;70.69830322265625;93.01564025878906;[1]
(aaaf);02:24:08:330;123;28.95359992980957;70.69830322265625;93.01564025878906;[1]
(aaaf);02:24:08:575;124;28.95359992980957;70.69830322265625;93.07917785644531;[1]
(aaaf);02:24:08:829;125;28.89119911193847;70.69830322265625;93.07917785644531;[1]
(aaaf);02:24:09:77;126;28.95359992980957;70.69830322265625;93.07917785644531;[1]
(aaaf);02:24:09:324;127;28.95359992980957;70.69830322265625;93.01564025878906;[1]
(aaaf);02:24:09:568;128;28.95359992980957;70.69830322265625;93.01564025878906;[1]
(aaaf);02:24:09:813;129;28.95359992980957;70.69830322265625;92.95210266113281;[1]
(aaaf);02:24:10:57;130;28.95359992980957;70.69830322265625;92.95210266113281;[1]
(aaaf);02:24:10:301;131;28.95359992980957;70.69830322265625;92.95210266113281;[1]
(aaaf);02:24:10:546;132;29.01599884033203;70.69830322265625;93.07917785644531;[1]
(aaaf);02:24:10:795;133;28.95359992980957;70.69830322265625;93.01564025878906;[1]
(aaaf);02:24:11:44;134;28.95359992980957;70.6448974609375;93.07917785644531;[1]
(aaaf);02:24:11:292;135;28.95359992980957;70.6448974609375;93.01564025878906;[1]
(aaaf);02:24:11:538;136;29.01599884033203;70.6448974609375;92.95210266113281;[1]
(aaaf);02:24:11:785;137;29.01599884033203;70.6448974609375;93.07917785644531;[1]
(aaaf);02:24:12:33;138;28.95359992980957;70.6448974609375;92.95210266113281;[1]
(aaaf);02:24:12:276;139;28.95359992980957;70.6448974609375;93.01564025878906;[1]
(aaaf);02:24:12:521;140;28.95359992980957;70.6448974609375;93.07917785644531;[1]
(aaaf);02:24:12:766;141;28.95359992980957;70.6448974609375;92.95210266113281;[1]
(aaaf);02:24:13:16;142;28.95359992980957;70.6448974609375;92.95210266113281;[1]
(aaaf);02:24:13:265;143;28.95359992980957;70.6448974609375;92.95210266113281;[1]
(aaaf);02:24:13:518;144;28.95359992980957;70.6448974609375;92.95210266113281;[1]
(aaaf);02:24:13:767;145;28.95359992980957;70.6448974609375;92.95210266113281;[1]
(aaaf);02:24:14:17;146;28.89119911193847;70.6448974609375;93.07917785644531;[1]
(aaaf);02:24:14:266;147;28.95359992980957;70.6448974609375;92.95210266113281;[1]
(aaaf);02:24:14:514;148;29.01599884033203;70.6448974609375;92.95210266113281;[1]
(aaaf);02:24:14:761;149;28.95359992980957;70.6448974609375;93.07917785644531;[1]
(aaaf);02:24:15:6;150;28.95359992980957;70.6448974609375;92.88856506347656;[1]
(aaaf);02:24:15:255;151;28.95359992980957;70.6448974609375;93.01564025878906;[1]
(aaaf);02:24:15:504;152;28.95359992980957;70.6448974609375;93.07917785644531;[1]
(aaaf);02:24:15:753;153;28.95359992980957;70.6448974609375;92.88856506347656;[1]
(aaaf);02:24:16:2;154;28.95359992980957;70.6448974609375;93.01564025878906;[1]
(aaaf);02:24:16:251;155;28.89119911193847;70.6448974609375;92.88856506347656;[1]
(aaaf);02:24:16:495;156;28.95359992980957;70.6448974609375;93.01564025878906;[1]
(aaaf);02:24:16:743;157;28.95359992980957;70.6143798828125;93.07917785644531;[1]
(aaaf);02:24:16:989;158;29.01599884033203;70.6448974609375;92.88856506347656;[1]
(aaaf);02:24:17:238;159;28.95359992980957;70.6143798828125;92.88856506347656;[1]
(aaaf);02:24:17:487;160;28.95359992980957;70.6143798828125;92.88856506347656;[1]
(aaaf);02:24:17:735;161;29.01599884033203;70.6143798828125;92.88856506347656;[1]
(aaaf);02:24:17:983;162;28.95359992980957;70.65252685546875;93.07917785644531;[1]
(aaaf);02:24:18:231;163;29.01599884033203;70.6143798828125;93.07917785644531;[1]
(aaaf);02:24:18:480;164;28.95359992980957;70.65252685546875;92.95210266113281;[1]
(aaaf);02:24:18:724;165;28.95359992980957;70.6143798828125;93.07917785644531;[1]
(aaaf);02:24:18:967;166;28.95359992980957;70.6143798828125;93.01564025878906;[1]
(aaaf);02:24:19:213;167;29.01599884033203;70.6143798828125;92.95210266113281;[1]
(aaaf);02:24:19:462;168;28.95359992980957;70.6143798828125;92.88856506347656;[1]
(aaaf);02:24:19:710;169;28.95359992980957;70.6143798828125;92.95210266113281;[1]
(aaaf);02:24:19:954;170;28.95359992980957;70.65252685546875;92.95210266113281;[1]
(aaaf);02:24:20:198;171;28.95359992980957;70.6143798828125;93.07917785644531;[1]
(aaaf);02:24:20:444;172;28.95359992980957;70.6143798828125;92.88856506347656;[1]
(aaaf);02:24:20:692;173;28.95359992980957;70.65252685546875;93.07917785644531;[1]
(aaaf);02:24:20:940;174;29.01599884033203;70.6143798828125;92.88856506347656;[1]
(aaaf);02:24:21:184;175;28.95359992980957;70.62200927734375;92.95210266113281;[1]
(aaaf);02:24:21:428;176;28.95359992980957;70.62200927734375;92.95210266113281;[1]
(aaaf);02:24:21:678;177;29.01599884033203;70.62200927734375;93.07917785644531;[1]
(aaaf);02:24:21:926;178;29.01599884033203;70.62200927734375;92.95210266113281;[1]
(aaaf);02:24:22:176;179;28.95359992980957;70.62200927734375;92.88856506347656;[1]
(aaaf);02:24:22:424;180;29.01599884033203;70.5838623046875;92.95210266113281;[1]
(aaaf);02:24:22:673;181;28.95359992980957;70.62200927734375;93.01564025878906;[1]
(aaaf);02:24:22:923;182;29.01599884033203;70.5838623046875;92.95210266113281;[1]
(aaaf);02:24:23:178;183;28.95359992980957;70.62200927734375;92.95210266113281;[1]
(aaaf);02:24:23:424;184;28.95359992980957;70.62200927734375;93.01564025878906;[1]
(aaaf);02:24:23:672;185;28.95359992980957;70.62200927734375;93.01564025878906;[1]
(aaaf);02:24:23:918;186;29.01599884033203;70.62200927734375;92.95210266113281;[1]
(aaaf);02:24:24:165;187;29.01599884033203;70.62200927734375;92.88856506347656;[1]
(aaaf);02:24:24:408;188;28.95359992980957;70.62200927734375;93.01564025878906;[1]
(aaaf);02:24:24:653;189;29.01599884033203;70.62200927734375;93.07917785644531;[1]
(aaaf);02:24:24:897;190;29.01599884033203;70.62200927734375;93.07917785644531;[1]
(aaaf);02:24:25:137;191;29.01599884033203;70.59912109375;93.07917785644531;[1]
(aaaf);02:24:25:380;192;29.01599884033203;70.59912109375;92.95210266113281;[1]
(aaaf);02:24:25:629;193;28.95359992980957;70.59912109375;93.07917785644531;[1]
(aaaf);02:24:25:874;194;28.95359992980957;70.59912109375;92.95210266113281;[1]
(aaaf);02:24:26:122;195;28.95359992980957;70.59912109375;92.95210266113281;[1]
(aaaf);02:24:26:366;196;28.95359992980957;70.59912109375;92.88856506347656;[1]
(aaaf);02:24:26:611;197;29.01599884033203;70.59912109375;92.88856506347656;[1]
(aaaf);02:24:26:858;198;29.01599884033203;70.59912109375;93.01564025878906;[1]
(aaaf);02:24:27:102;199;28.95359992980957;70.59912109375;93.01564025878906;[1]
(aaaf);02:24:27:347;200;29.01599884033203;70.59912109375;93.07917785644531;[1]
(aaaf);02:24:27:595;201;28.95359992980957;70.59912109375;93.01564025878906;[1]
(aaaf);02:24:27:840;202;28.95359992980957;70.59912109375;93.01564025878906;[1]
(aaaf);02:24:28:94;203;28.95359992980957;70.59912109375;93.07917785644531;[1]
(aaaf);02:24:28:338;204;29.01599884033203;70.59912109375;92.95210266113281;[1]
(aaaf);02:24:28:582;205;29.01599884033203;70.59912109375;93.07917785644531;[1]
(aaaf);02:24:28:831;206;28.95359992980957;70.568603515625;92.95210266113281;[1]
(aaaf);02:24:29:79;207;28.95359992980957;70.568603515625;93.07917785644531;[1]
(aaaf);02:24:29:325;208;29.01599884033203;70.568603515625;92.95210266113281;[1]
(aaaf);02:24:29:573;209;29.01599884033203;70.568603515625;92.88856506347656;[1]
(aaaf);02:24:29:820;210;29.01599884033203;70.568603515625;93.07917785644531;[1]
(aaaf);02:24:30:65;211;28.95359992980957;70.568603515625;92.95210266113281;[1]
(aaaf);02:24:30:319;212;28.95359992980957;70.568603515625;93.20625305175781;[1]
(aaaf);02:24:30:568;213;28.95359992980957;70.568603515625;93.01564025878906;[1]
(aaaf);02:24:30:811;214;29.01599884033203;70.568603515625;93.01564025878906;[1]
(aaaf);02:24:31:51;215;29.01599884033203;70.568603515625;93.01564025878906;[1]
(aaaf);02:24:31:295;216;29.01599884033203;70.568603515625;93.07917785644531;[1]
(aaaf);02:24:31:539;217;29.01599884033203;70.568603515625;92.95210266113281;[1]
(aaaf);02:24:31:784;218;28.95359992980957;70.568603515625;93.07917785644531;[1]
(aaaf);02:24:32:28;219;28.95359992980957;70.568603515625;92.95210266113281;[1]
(aaaf);02:24:32:276;220;29.01599884033203;70.5380859375;93.01564025878906;[1]
(aaaf);02:24:32:525;221;29.01599884033203;70.5380859375;93.07917785644531;[1]
(aaaf);02:24:32:779;222;29.01599884033203;70.5380859375;93.07917785644531;[1]
(aaaf);02:24:33:28;223;28.95359992980957;70.5380859375;92.95210266113281;[1]
(aaaf);02:24:33:276;224;29.01599884033203;70.5380859375;92.95210266113281;[1]
(aaaf);02:24:33:525;225;28.95359992980957;70.5380859375;93.01564025878906;[1]
(aaaf);02:24:33:774;226;29.01599884033203;70.5380859375;93.07917785644531;[1]
(aaaf);02:24:34:23;227;29.01599884033203;70.5380859375;92.95210266113281;[1]
(aaaf);02:24:34:261;228;28.95359992980957;70.5380859375;93.01564025878906;[1]
(aaaf);02:24:34:500;229;29.01599884033203;70.5380859375;93.07917785644531;[1]
(aaaf);02:24:34:739;230;28.95359992980957;70.5380859375;93.07917785644531;[1]
(aaaf);02:24:34:978;231;28.95359992980957;70.5380859375;92.88856506347656;[1]
(aaaf);02:24:35:222;232;29.01599884033203;70.5380859375;93.01564025878906;[1]
(aaaf);02:24:35:467;233;29.01599884033203;70.5380859375;93.07917785644531;[1]
(aaaf);02:24:35:715;234;29.01599884033203;70.5380859375;92.88856506347656;[1]
(aaaf);02:24:35:965;235;28.95359992980957;70.5380859375;92.95210266113281;[1]
(aaaf);02:24:36:213;236;28.95359992980957;70.5380859375;93.20625305175781;[1]
(aaaf);02:24:36:461;237;29.01599884033203;70.5380859375;93.07917785644531;[1]
(aaaf);02:24:36:706;238;29.01599884033203;70.5380859375;93.07917785644531;[1]
(aaaf);02:24:36:950;239;29.01599884033203;70.507568359375;93.07917785644531;[1]
(aaaf);02:24:37:198;240;29.01599884033203;70.507568359375;93.07917785644531;[1]
(aaaf);02:24:37:443;241;28.95359992980957;70.507568359375;92.88856506347656;[1]
(aaaf);02:24:37:692;242;28.95359992980957;70.507568359375;93.07917785644531;[1]
(aaaf);02:24:37:940;243;29.01599884033203;70.507568359375;92.95210266113281;[1]
(aaaf);02:24:38:180;244;29.01599884033203;70.507568359375;92.95210266113281;[1]
(aaaf);02:24:38:425;245;29.01599884033203;70.507568359375;92.95210266113281;[1]
(aaaf);02:24:38:674;246;29.01599884033203;70.507568359375;92.95210266113281;[1]
(aaaf);02:24:38:923;247;29.01599884033203;70.507568359375;92.95210266113281;[1]
(aaaf);02:24:39:171;248;29.01599884033203;70.507568359375;92.95210266113281;[1]
(aaaf);02:24:39:419;249;29.01599884033203;70.507568359375;93.07917785644531;[1]
(aaaf);02:24:39:664;250;29.01599884033203;70.507568359375;92.95210266113281;[1]
(aaaf);02:24:39:913;251;28.95359992980957;70.507568359375;92.95210266113281;[1]
(aaaf);02:24:40:166;252;28.95359992980957;70.507568359375;93.07917785644531;[1]
(aaaf);02:24:40:416;253;29.01599884033203;70.507568359375;92.88856506347656;[1]
(aaaf);02:24:40:660;254;29.01599884033203;70.507568359375;92.95210266113281;[1]
(aaaf);02:24:40:903;255;29.01599884033203;70.507568359375;92.95210266113281;[1]
(aaaf);02:24:41:151;256;29.01599884033203;70.507568359375;92.95210266113281;[1]
(aaaf);02:24:41:395;257;28.95359992980957;70.507568359375;93.07917785644531;[1]
(aaaf);02:24:41:639;258;29.01599884033203;70.507568359375;93.01564025878906;[1]
(aaaf);02:24:41:883;259;29.01599884033203;70.507568359375;93.01564025878906;[1]
(aaaf);02:24:42:127;260;29.01599884033203;70.507568359375;93.01564025878906;[1]
(aaaf);02:24:42:381;261;28.95359992980957;70.507568359375;92.88856506347656;[1]
(aaaf);02:24:42:629;262;29.01599884033203;70.507568359375;93.07917785644531;[1]
(aaaf);02:24:42:875;263;29.01599884033203;70.507568359375;92.95210266113281;[1]
(aaaf);02:24:43:123;264;29.01599884033203;70.507568359375;93.07917785644531;[1]
(aaaf);02:24:43:363;265;29.01599884033203;70.507568359375;92.88856506347656;[1]
(aaaf);02:24:43:612;266;29.01599884033203;70.507568359375;92.95210266113281;[1]
(aaaf);02:24:43:860;267;28.95359992980957;70.507568359375;92.95210266113281;[1]
(aaaf);02:24:44:108;268;29.01599884033203;70.507568359375;92.95210266113281;[1]
(aaaf);02:24:44:353;269;29.01599884033203;70.507568359375;92.88856506347656;[1]
(aaaf);02:24:44:601;270;29.01599884033203;70.507568359375;93.01564025878906;[1]
(aaaf);02:24:44:857;271;29.01599884033203;70.507568359375;92.95210266113281;[1]
(aaaf);02:24:45:102;272;29.01599884033203;70.507568359375;93.01564025878906;[1]
(aaaf);02:24:45:347;273;29.01599884033203;70.507568359375;93.07917785644531;[1]
(aaaf);02:24:45:592;274;29.01599884033203;70.507568359375;92.95210266113281;[1]
(aaaf);02:24:45:836;275;29.01599884033203;70.507568359375;93.07917785644531;[1]
(aaaf);02:24:46:85;276;28.95359992980957;70.507568359375;92.88856506347656;[1]
(aaaf);02:24:46:334;277;29.01599884033203;70.507568359375;93.01564025878906;[1]
(aaaf);02:24:46:584;278;29.01599884033203;70.507568359375;92.95210266113281;[1]
(aaaf);02:24:46:832;279;29.01599884033203;70.507568359375;93.01564025878906;[1]
(aaaf);02:24:47:81;280;29.01599884033203;70.507568359375;93.01564025878906;[1]
(aaaf);02:24:47:330;281;29.01599884033203;70.507568359375;92.88856506347656;[1]
(aaaf);02:24:47:579;282;29.01599884033203;70.507568359375;92.95210266113281;[1]
(aaaf);02:24:47:827;283;29.07839965820312;70.507568359375;93.07917785644531;[1]
(aaaf);02:24:48:71;284;29.01599884033203;70.507568359375;93.01564025878906;[1]
(aaaf);02:24:48:314;285;29.01599884033203;70.507568359375;92.95210266113281;[1]
(aaaf);02:24:48:554;286;29.01599884033203;70.507568359375;92.95210266113281;[1]
(aaaf);02:24:48:797;287;29.01599884033203;70.507568359375;93.01564025878906;[1]
(aaaf);02:24:49:36;288;29.01599884033203;70.507568359375;93.07917785644531;[1]
(aaaf);02:24:49:280;289;29.01599884033203;70.507568359375;93.07917785644531;[1]
(aaaf);02:24:49:523;290;29.01599884033203;70.507568359375;93.01564025878906;[1]
(aaaf);02:24:49:769;291;29.01599884033203;70.507568359375;92.95210266113281;[1]
(aaaf);02:24:50:17;292;29.01599884033203;70.507568359375;93.01564025878906;[1]
(aaaf);02:24:50:261;293;29.01599884033203;70.507568359375;93.07917785644531;[1]
(aaaf);02:24:50:505;294;29.01599884033203;70.507568359375;93.07917785644531;[1]
(aaaf);02:24:50:750;295;29.01599884033203;70.507568359375;92.95210266113281;[1]
(aaaf);02:24:50:999;296;29.01599884033203;70.507568359375;92.88856506347656;[1]
(aaaf);02:24:51:247;297;29.01599884033203;70.507568359375;93.07917785644531;[1]
(aaaf);02:24:51:491;298;29.01599884033203;70.507568359375;93.01564025878906;[1]
(aaaf);02:24:51:734;299;29.01599884033203;70.507568359375;93.01564025878906;[1]
(aaaf);02:24:51:973;300;29.07839965820312;70.507568359375;93.07917785644531;[1]
(aaaf);02:24:52:218;301;29.01599884033203;70.507568359375;93.01564025878906;[1]
(aaaf);02:24:52:461;302;28.95359992980957;70.507568359375;93.01564025878906;[1]
(aaaf);02:24:52:707;303;29.01599884033203;70.507568359375;93.07917785644531;[1]
(aaaf);02:24:52:956;304;29.01599884033203;70.507568359375;92.95210266113281;[1]
(aaaf);02:24:53:204;305;29.01599884033203;70.507568359375;93.01564025878906;[1]
(aaaf);02:24:53:453;306;29.01599884033203;70.507568359375;92.95210266113281;[1]
(aaaf);02:24:53:700;307;29.01599884033203;70.507568359375;93.01564025878906;[1]
(aaaf);02:24:53:945;308;29.01599884033203;70.507568359375;93.01564025878906;[1]
(aaaf);02:24:54:191;309;29.01599884033203;70.507568359375;92.95210266113281;[1]
(aaaf);02:24:54:439;310;29.01599884033203;70.507568359375;92.95210266113281;[1]
(aaaf);02:24:54:692;311;29.01599884033203;70.507568359375;92.88856506347656;[1]
(aaaf);02:24:54:936;312;28.95359992980957;70.507568359375;93.07917785644531;[1]
(aaaf);02:24:55:181;313;29.01599884033203;70.507568359375;92.88856506347656;[1]
(aaaf);02:24:55:428;314;29.01599884033203;70.507568359375;93.01564025878906;[1]
(aaaf);02:24:55:673;315;29.01599884033203;70.507568359375;92.95210266113281;[1]
(aaaf);02:24:55:923;316;29.01599884033203;70.507568359375;93.20625305175781;[1]
(aaaf);02:24:56:166;317;29.01599884033203;70.507568359375;93.01564025878906;[1]
(aaaf);02:24:56:411;318;29.01599884033203;70.507568359375;92.95210266113281;[1]
(aaaf);02:24:56:655;319;29.01599884033203;70.507568359375;92.95210266113281;[1]
(aaaf);02:24:56:908;320;29.01599884033203;70.507568359375;93.01564025878906;[1]
(aaaf);02:24:57:158;321;29.01599884033203;70.48468017578125;93.07917785644531;[1]
(aaaf);02:24:57:406;322;29.01599884033203;70.507568359375;93.07917785644531;[1]
(aaaf);02:24:57:654;323;29.01599884033203;70.507568359375;93.07917785644531;[1]
(aaaf);02:24:57:900;324;29.01599884033203;70.507568359375;93.07917785644531;[1]
(aaaf);02:24:58:149;325;29.01599884033203;70.507568359375;92.95210266113281;[1]
(aaaf);02:24:58:397;326;29.01599884033203;70.48468017578125;92.95210266113281;[1]
(aaaf);02:24:58:644;327;29.01599884033203;70.48468017578125;93.01564025878906;[1]
(aaaf);02:24:58:888;328;29.01599884033203;70.48468017578125;93.01564025878906;[1]
(aaaf);02:24:59:132;329;29.01599884033203;70.48468017578125;93.01564025878906;[1]
(aaaf);02:24:59:382;330;29.01599884033203;70.48468017578125;93.07917785644531;[1]
(aaaf);02:24:59:626;331;29.01599884033203;70.48468017578125;92.95210266113281;[1]
(aaaf);02:24:59:875;332;29.07839965820312;70.48468017578125;93.01564025878906;[1]
(aaaf);02:25:00:124;333;29.01599884033203;70.48468017578125;92.95210266113281;[1]
(aaaf);02:25:00:374;334;29.01599884033203;70.48468017578125;92.95210266113281;[1]
(aaaf);02:25:00:622;335;29.01599884033203;70.48468017578125;93.07917785644531;[1]
(aaaf);02:25:00:872;336;29.01599884033203;70.48468017578125;93.07917785644531;[1]
(aaaf);02:25:01:119;337;29.07839965820312;70.48468017578125;93.01564025878906;[1]
(aaaf);02:25:01:362;338;29.01599884033203;70.48468017578125;93.01564025878906;[1]
(aaaf);02:25:01:607;339;29.01599884033203;70.48468017578125;92.95210266113281;[1]
(aaaf);02:25:01:856;340;29.07839965820312;70.48468017578125;93.07917785644531;[1]
(aaaf);02:25:02:101;341;29.01599884033203;70.48468017578125;93.07917785644531;[1]
(aaaf);02:25:02:349;342;29.01599884033203;70.48468017578125;92.95210266113281;[1]
(aaaf);02:25:02:592;343;29.01599884033203;70.48468017578125;93.07917785644531;[1]
(aaaf);02:25:02:836;344;29.01599884033203;70.45416259765625;93.01564025878906;[1]
(aaaf);02:25:03:81;345;29.07839965820312;70.45416259765625;92.95210266113281;[1]
(aaaf);02:25:03:332;346;29.01599884033203;70.45416259765625;92.88856506347656;[1]
(aaaf);02:25:03:579;347;29.01599884033203;70.45416259765625;93.01564025878906;[1]
(aaaf);02:25:03:829;348;29.01599884033203;70.45416259765625;92.88856506347656;[1]
(aaaf);02:25:04:77;349;29.01599884033203;70.45416259765625;92.95210266113281;[1]
(aaaf);02:25:04:326;350;29.01599884033203;70.45416259765625;93.01564025878906;[1]
(aaaf);02:25:04:575;351;29.01599884033203;70.45416259765625;92.88856506347656;[1]
(aaaf);02:25:04:824;352;29.01599884033203;70.42364501953125;93.07917785644531;[1]
(aaaf);02:25:05:72;353;29.01599884033203;70.42364501953125;92.88856506347656;[1]
(aaaf);02:25:05:317;354;29.01599884033203;70.42364501953125;92.95210266113281;[1]
(aaaf);02:25:05:566;355;29.07839965820312;70.42364501953125;93.07917785644531;[1]
(aaaf);02:25:05:815;356;29.07839965820312;70.42364501953125;92.95210266113281;[1]
(aaaf);02:25:06:63;357;29.01599884033203;70.42364501953125;93.07917785644531;[1]
(aaaf);02:25:06:307;358;29.01599884033203;70.42364501953125;93.07917785644531;[1]
(aaaf);02:25:06:560;359;29.07839965820312;70.42364501953125;93.01564025878906;[1]
(aaaf);02:25:06:803;360;29.01599884033203;70.42364501953125;93.01564025878906;[1]
(aaaf);02:25:07:48;361;29.01599884033203;70.42364501953125;93.07917785644531;[1]
(aaaf);02:25:07:293;362;29.01599884033203;70.42364501953125;93.07917785644531;[1]
(aaaf);02:25:07:543;363;29.01599884033203;70.42364501953125;92.95210266113281;[1]
(aaaf);02:25:07:792;364;29.01599884033203;70.42364501953125;92.88856506347656;[1]
(aaaf);02:25:08:40;365;29.01599884033203;70.42364501953125;93.01564025878906;[1]
(aaaf);02:25:08:288;366;29.01599884033203;70.42364501953125;93.01564025878906;[1]
(aaaf);02:25:08:531;367;29.01599884033203;70.42364501953125;93.01564025878906;[1]
(aaaf);02:25:08:776;368;29.01599884033203;70.42364501953125;93.07917785644531;[1]
(aaaf);02:25:09:26;369;29.07839965820312;70.42364501953125;92.95210266113281;[1]
(aaaf);02:25:09:273;370;29.01599884033203;70.42364501953125;93.01564025878906;[1]
(aaaf);02:25:09:518;371;29.07839965820312;70.42364501953125;92.95210266113281;[1]
(aaaf);02:25:09:768;372;29.01599884033203;70.42364501953125;93.07917785644531;[1]
(aaaf);02:25:10:16;373;29.01599884033203;70.42364501953125;93.07917785644531;[1]
(aaaf);02:25:10:265;374;29.01599884033203;70.42364501953125;92.95210266113281;[1]
(aaaf);02:25:10:508;375;29.01599884033203;70.42364501953125;93.01564025878906;[1]
(aaaf);02:25:10:754;376;29.01599884033203;70.3702392578125;92.95210266113281;[1]
(aaaf);02:25:11:3;377;29.01599884033203;70.3702392578125;92.95210266113281;[1]
(aaaf);02:25:11:251;378;29.01599884033203;70.3702392578125;93.07917785644531;[1]
(aaaf);02:25:11:500;379;29.01599884033203;70.3702392578125;92.95210266113281;[1]
(aaaf);02:25:11:750;380;29.01599884033203;70.3702392578125;92.95210266113281;[1]
(aaaf);02:25:11:999;381;29.07839965820312;70.3702392578125;92.95210266113281;[1]
(aaaf);02:25:12:247;382;29.01599884033203;70.3702392578125;93.01564025878906;[1]
(aaaf);02:25:12:497;383;29.07839965820312;70.3702392578125;92.95210266113281;[1]
(aaaf);02:25:12:745;384;29.01599884033203;70.3702392578125;93.01564025878906;[1]
(aaaf);02:25:12:993;385;29.01599884033203;70.3702392578125;93.01564025878906;[1]
(aaaf);02:25:13:243;386;29.01599884033203;70.3702392578125;92.95210266113281;[1]
(aaaf);02:25:13:491;387;29.01599884033203;70.3702392578125;92.95210266113281;[1]
(aaaf);02:25:13:745;388;29.01599884033203;70.3702392578125;92.95210266113281;[1]
(aaaf);02:25:13:994;389;29.07839965820312;70.3702392578125;92.95210266113281;[1]
(aaaf);02:25:14:243;390;29.01599884033203;70.3702392578125;92.95210266113281;[1]
(aaaf);02:25:14:490;391;29.01599884033203;70.3702392578125;93.01564025878906;[1]
(aaaf);02:25:14:734;392;29.01599884033203;70.3702392578125;93.07917785644531;[1]
(aaaf);02:25:14:978;393;29.01599884033203;70.3702392578125;93.01564025878906;[1]
(aaaf);02:25:15:222;394;29.01599884033203;70.3702392578125;93.01564025878906;[1]
(aaaf);02:25:15:467;395;29.01599884033203;70.3397216796875;92.95210266113281;[1]
(aaaf);02:25:15:717;396;29.01599884033203;70.3397216796875;92.82502746582031;[1]
(aaaf);02:25:15:964;397;29.01599884033203;70.3397216796875;93.01564025878906;[1]
(aaaf);02:25:16:212;398;29.07839965820312;70.3397216796875;93.01564025878906;[1]
(aaaf);02:25:16:458;399;29.01599884033203;70.3397216796875;92.95210266113281;[1]
(aaaf);02:25:16:702;400;29.01599884033203;70.3397216796875;92.95210266113281;[1]
