(bcaf);1;12:00:03:59;27.14399909973144;73.01763916015625;93.01564025878906;[1]
(bcaf);2;12:00:04:210;27.20639991760253;73.1015625;93.07917785644531;[1]
(bcaf);3;12:00:05:359;27.20639991760253;73.04052734375;93.01564025878906;[1]
(bcaf);4;12:00:06:509;27.20639991760253;72.95660400390625;93.01564025878906;[1]
(bcaf);5;12:00:07:660;27.268798828125;72.8726806640625;93.01564025878906;[1]
(bcaf);6;12:00:08:809;27.20639991760253;72.79638671875;92.88856506347656;[1]
(bcaf);7;12:00:09:958;27.268798828125;72.7353515625;92.88856506347656;[1]
(bcaf);8;12:00:11:114;27.268798828125;72.68194580078125;93.01564025878906;[1]
(bcaf);9;12:00:12:260;27.20639991760253;72.68194580078125;93.01564025878906;[1]
(bcaf);10;12:00:13:409;27.20639991760253;72.68194580078125;93.01564025878906;[1]
(bcaf);11;12:00:14:559;27.20639991760253;72.68194580078125;93.01564025878906;[1]
(bcaf);12;12:00:15:709;27.20639991760253;72.704833984375;93.01564025878906;[1]
(bcaf);13;12:00:16:859;27.20639991760253;72.7353515625;93.01564025878906;[1]
(bcaf);14;12:00:18:10;27.20639991760253;72.7353515625;93.01564025878906;[1]
(bcaf);15;12:00:19:166;27.268798828125;72.7353515625;93.01564025878906;[1]
(bcaf);16;12:00:20:316;27.20639991760253;72.7353515625;93.01564025878906;[1]
(bcaf);17;12:00:21:466;27.268798828125;72.7353515625;92.88856506347656;[1]
(bcaf);18;12:00:22:616;27.20639991760253;72.7353515625;93.01564025878906;[1]
(bcaf);19;12:00:23:765;27.268798828125;72.7353515625;92.88856506347656;[1]
(bcaf);20;12:00:24:911;27.268798828125;72.7353515625;93.01564025878906;[1]
(bcaf);21;12:00:26:54;27.20639991760253;72.7353515625;93.01564025878906;[1]
(bcaf);22;12:00:27:210;27.268798828125;72.765869140625;92.95210266113281;[1]
(bcaf);23;12:00:28:361;27.20639991760253;72.7353515625;93.01564025878906;[1]
(bcaf);24;12:00:29:512;27.268798828125;72.7353515625;93.01564025878906;[1]
(bcaf);25;12:00:30:661;27.268798828125;72.7353515625;92.88856506347656;[1]
(bcaf);26;12:00:31:810;27.268798828125;72.7353515625;92.76148986816406;[1]
(bcaf);27;12:00:32:961;27.268798828125;72.7353515625;92.88856506347656;[1]
(bcaf);28;12:00:34:106;27.268798828125;72.68194580078125;92.76148986816406;[1]
(bcaf);29;12:00:35:256;27.268798828125;72.68194580078125;92.88856506347656;[1]
(bcaf);30;12:00:36:401;27.268798828125;72.68194580078125;93.01564025878906;[1]
(bcaf);31;12:00:37:547;27.268798828125;72.68194580078125;92.88856506347656;[1]
(bcaf);32;12:00:38:692;27.268798828125;72.68194580078125;92.88856506347656;[1]
(bcaf);33;12:00:39:838;27.268798828125;72.68194580078125;92.88856506347656;[1]
(bcaf);34;12:00:40:983;27.268798828125;72.68194580078125;93.07917785644531;[1]
(bcaf);35;12:00:42:133;27.268798828125;72.68194580078125;92.88856506347656;[1]
(bcaf);36;12:00:43:288;27.268798828125;72.65142822265625;93.01564025878906;[1]
(bcaf);37;12:00:44:438;27.268798828125;72.65142822265625;92.88856506347656;[1]
(bcaf);38;12:00:45:587;27.268798828125;72.65142822265625;92.88856506347656;[1]
(bcaf);39;12:00:46:738;27.268798828125;72.65142822265625;92.88856506347656;[1]
(bcaf);40;12:00:47:887;27.268798828125;72.65142822265625;92.88856506347656;[1]
(bcaf);41;12:00:49:36;27.268798828125;72.65142822265625;93.01564025878906;[1]
(bcaf);42;12:00:50:187;27.3311996459961;72.65142822265625;93.01564025878906;[1]
(bcaf);43;12:00:51:343;27.268798828125;72.65142822265625;92.88856506347656;[1]
(bcaf);44;12:00:52:491;27.3311996459961;72.65142822265625;93.01564025878906;[1]
(bcaf);45;12:00:53:641;27.268798828125;72.65142822265625;92.88856506347656;[1]
(bcaf);46;12:00:54:792;27.268798828125;72.65142822265625;92.88856506347656;[1]
(bcaf);47;12:00:55:942;27.268798828125;72.65142822265625;92.88856506347656;[1]
(bcaf);48;12:00:57:91;27.268798828125;72.5980224609375;92.88856506347656;[1]
(bcaf);49;12:00:58:242;27.268798828125;72.5980224609375;92.88856506347656;[1]
(bcaf);50;12:00:59:391;27.268798828125;72.51409912109375;92.88856506347656;[1]
(bcaf);51;12:01:00:540;27.268798828125;72.48358154296875;92.82502746582031;[1]
(bcaf);52;12:01:01:684;27.3311996459961;72.460693359375;92.88856506347656;[1]
(bcaf);53;12:01:02:832;27.3311996459961;72.399658203125;93.01564025878906;[1]
(bcaf);54;12:01:03:982;27.3311996459961;72.37677001953125;92.88856506347656;[1]
(bcaf);55;12:01:05:131;27.3311996459961;72.34625244140625;92.88856506347656;[1]
(bcaf);56;12:01:06:280;27.3311996459961;72.31573486328125;93.01564025878906;[1]
(bcaf);57;12:01:07:435;27.3311996459961;72.2928466796875;93.01564025878906;[1]
(bcaf);58;12:01:08:585;27.3311996459961;72.2623291015625;92.88856506347656;[1]
(bcaf);59;12:01:09:735;27.3311996459961;72.2318115234375;92.88856506347656;[1]
(bcaf);60;12:01:10:883;27.3311996459961;72.14788818359375;93.01564025878906;[1]
(bcaf);61;12:01:12:34;27.3311996459961;72.125;92.88856506347656;[1]
(bcaf);62;12:01:13:183;27.3311996459961;72.094482421875;93.01564025878906;[1]
(bcaf);63;12:01:14:331;27.3311996459961;72.094482421875;92.76148986816406;[1]
(bcaf);64;12:01:15:485;27.3311996459961;72.10211181640625;93.07917785644531;[1]
(bcaf);65;12:01:16:634;27.3311996459961;72.06396484375;93.01564025878906;[1]
(bcaf);66;12:01:17:783;27.3311996459961;72.04107666015625;92.88856506347656;[1]
(bcaf);67;12:01:18:933;27.39359855651855;72.0792236328125;92.88856506347656;[1]
(bcaf);68;12:01:20:82;27.3311996459961;72.0792236328125;92.88856506347656;[1]
(bcaf);69;12:01:21:230;27.39359855651855;72.0792236328125;92.88856506347656;[1]
(bcaf);70;12:01:22:379;27.39359855651855;72.0487060546875;92.88856506347656;[1]
(bcaf);71;12:01:23:533;27.39359855651855;72.0487060546875;92.88856506347656;[1]
(bcaf);72;12:01:24:681;27.39359855651855;72.0487060546875;92.88856506347656;[1]
(bcaf);73;12:01:25:830;27.39359855651855;72.0487060546875;92.88856506347656;[1]
(bcaf);74;12:01:26:978;27.39359855651855;72.0487060546875;92.88856506347656;[1]
(bcaf);75;12:01:28:127;27.39359855651855;72.0487060546875;92.95210266113281;[1]
(bcaf);76;12:01:29:277;27.3311996459961;72.0487060546875;92.88856506347656;[1]
(bcaf);77;12:01:30:425;27.39359855651855;72.0487060546875;92.88856506347656;[1]
(bcaf);78;12:01:31:579;27.39359855651855;72.0181884765625;92.88856506347656;[1]
(bcaf);79;12:01:32:727;27.39359855651855;72.0181884765625;92.88856506347656;[1]
(bcaf);80;12:01:33:876;27.39359855651855;72.0181884765625;92.95210266113281;[1]
(bcaf);81;12:01:35:24;27.39359855651855;72.0181884765625;92.88856506347656;[1]
(bcaf);82;12:01:36:171;27.39359855651855;71.99530029296875;92.95210266113281;[1]
(bcaf);83;12:01:37:320;27.39359855651855;71.99530029296875;92.95210266113281;[1]
(bcaf);84;12:01:38:470;27.39359855651855;71.99530029296875;93.01564025878906;[1]
(bcaf);85;12:01:39:623;27.39359855651855;71.99530029296875;92.88856506347656;[1]
(bcaf);86;12:01:40:770;27.45599937438964;71.99530029296875;92.95210266113281;[1]
(bcaf);87;12:01:41:918;27.45599937438964;71.96478271484375;92.88856506347656;[1]
(bcaf);88;12:01:43:67;27.39359855651855;71.96478271484375;92.95210266113281;[1]
(bcaf);89;12:01:44:214;27.39359855651855;71.96478271484375;92.88856506347656;[1]
(bcaf);90;12:01:45:364;27.39359855651855;71.96478271484375;92.88856506347656;[1]
(bcaf);91;12:01:46:512;27.39359855651855;71.96478271484375;92.95210266113281;[1]
(bcaf);92;12:01:47:665;27.45599937438964;71.911376953125;92.95210266113281;[1]
(bcaf);93;12:01:48:813;27.45599937438964;71.911376953125;92.88856506347656;[1]
(bcaf);94;12:01:49:961;27.45599937438964;71.911376953125;92.76148986816406;[1]
(bcaf);95;12:01:51:109;27.45599937438964;71.911376953125;92.88856506347656;[1]
(bcaf);96;12:01:52:258;27.39359855651855;71.911376953125;92.95210266113281;[1]
(bcaf);97;12:01:53:404;27.45599937438964;71.911376953125;92.95210266113281;[1]
(bcaf);98;12:01:54:557;27.45599937438964;71.880859375;92.76148986816406;[1]
(bcaf);99;12:01:55:705;27.45599937438964;71.880859375;92.88856506347656;[1]
(bcaf);100;12:01:56:854;27.45599937438964;71.880859375;92.88856506347656;[1]
