(bcaf);07:18:41:639;1;28.70399856567382;67.6083984375;91.87194824218751;28.64159965515136;67.6083984375;91.8719482421875;[1]
(bcaf);07:18:41:950;1;28.70399856567382;66.83782958984375;91.9990234375;[1]
(bcaf);07:18:42:198;2;28.76639938354492;66.83782958984375;91.9990234375;[1]
(bcaf);07:18:42:442;3;28.70399856567382;66.83782958984375;91.93548583984375;[1]
(bcaf);07:18:42:689;4;28.70399856567382;66.83782958984375;91.9990234375;[1]
(bcaf);07:18:42:932;5;28.70399856567382;66.83782958984375;91.9990234375;[1]
(bcaf);07:18:43:174;6;28.76639938354492;66.83782958984375;91.9990234375;[1]
(bcaf);07:18:43:419;7;28.76639938354492;66.83782958984375;91.8719482421875;[1]
(bcaf);07:18:43:663;8;28.70399856567382;66.83782958984375;91.8719482421875;[1]
(bcaf);07:18:43:917;9;28.70399856567382;66.83782958984375;91.9990234375;[1]
(bcaf);07:18:44:163;10;28.70399856567382;66.83782958984375;91.80841064453125;[1]
(bcaf);07:18:44:405;11;28.76639938354492;66.83782958984375;91.9990234375;[1]
(bcaf);07:18:44:649;12;28.70399856567382;66.83782958984375;91.8719482421875;[1]
(bcaf);07:18:44:892;13;28.70399856567382;66.83782958984375;91.9990234375;[1]
(bcaf);07:18:45:138;14;28.70399856567382;66.83782958984375;91.93548583984375;[1]
(bcaf);07:18:45:384;15;28.70399856567382;66.86834716796875;91.9990234375;[1]
(bcaf);07:18:45:631;16;28.70399856567382;66.86834716796875;91.9990234375;[1]
(bcaf);07:18:45:876;17;28.70399856567382;66.89886474609375;91.8719482421875;[1]
(bcaf);07:18:46:123;18;28.70399856567382;66.89886474609375;91.93548583984375;[1]
(bcaf);07:18:46:376;19;28.76639938354492;66.89886474609375;91.8719482421875;[1]
(bcaf);07:18:46:622;20;28.70399856567382;66.89886474609375;91.9990234375;[1]
(bcaf);07:18:46:866;21;28.70399856567382;66.89886474609375;91.9990234375;[1]
(bcaf);07:18:47:111;22;28.70399856567382;66.93701171875;91.8719482421875;[1]
(bcaf);07:18:47:355;23;28.70399856567382;66.93701171875;91.8719482421875;[1]
(bcaf);07:18:47:602;24;28.70399856567382;66.93701171875;91.8719482421875;[1]
(bcaf);07:18:47:848;25;28.70399856567382;66.93701171875;91.9990234375;[1]
(bcaf);07:18:48:92;26;28.70399856567382;66.967529296875;91.9990234375;[1]
(bcaf);07:18:48:335;27;28.70399856567382;66.967529296875;91.9990234375;[1]
(bcaf);07:18:48:578;28;28.70399856567382;66.967529296875;91.8719482421875;[1]
(bcaf);07:18:48:820;29;28.70399856567382;66.967529296875;91.9990234375;[1]
(bcaf);07:18:49:69;30;28.70399856567382;66.967529296875;91.9990234375;[1]
(bcaf);07:18:49:313;31;28.70399856567382;66.967529296875;91.8719482421875;[1]
(bcaf);07:18:49:562;32;28.70399856567382;66.998046875;91.8719482421875;[1]
(bcaf);07:18:49:811;33;28.70399856567382;66.967529296875;91.8719482421875;[1]
(bcaf);07:18:50:57;34;28.70399856567382;66.998046875;91.9990234375;[1]
(bcaf);07:18:50:300;35;28.70399856567382;66.998046875;91.9990234375;[1]
(bcaf);07:18:50:544;36;28.70399856567382;66.998046875;91.8719482421875;[1]
(bcaf);07:18:50:792;37;28.70399856567382;66.998046875;91.8719482421875;[1]
(bcaf);07:18:51:36;38;28.70399856567382;66.998046875;91.8719482421875;[1]
(bcaf);07:18:51:282;39;28.70399856567382;66.998046875;91.9990234375;[1]
(bcaf);07:18:51:530;40;28.70399856567382;66.998046875;91.9990234375;[1]
(bcaf);07:18:51:774;41;28.70399856567382;66.998046875;92.06256103515625;[1]
(bcaf);07:18:52:17;42;28.70399856567382;66.998046875;91.9990234375;[1]
(bcaf);07:18:52:260;43;28.70399856567382;66.998046875;91.8719482421875;[1]
(bcaf);07:18:52:502;44;28.70399856567382;66.967529296875;91.9990234375;[1]
(bcaf);07:18:52:747;45;28.70399856567382;66.967529296875;91.8719482421875;[1]
(bcaf);07:18:52:991;46;28.70399856567382;66.967529296875;92.06256103515625;[1]
(bcaf);07:18:53:238;47;28.70399856567382;66.967529296875;91.9990234375;[1]
(bcaf);07:18:53:483;48;28.70399856567382;66.967529296875;91.8719482421875;[1]
(bcaf);07:18:53:730;49;28.70399856567382;66.967529296875;91.9990234375;[1]
(bcaf);07:18:53:982;50;28.70399856567382;66.93701171875;91.9990234375;[1]
(bcaf);07:18:54:227;51;28.70399856567382;66.93701171875;91.8719482421875;[1]
(bcaf);07:18:54:474;52;28.76639938354492;66.93701171875;91.8719482421875;[1]
(bcaf);07:18:54:719;53;28.70399856567382;66.89886474609375;91.8719482421875;[1]
(bcaf);07:18:54:965;54;28.64159965515136;66.89886474609375;91.9990234375;[1]
(bcaf);07:18:55:210;55;28.70399856567382;66.89886474609375;91.8719482421875;[1]
(bcaf);07:18:55:456;56;28.76639938354492;66.89886474609375;91.9990234375;[1]
(bcaf);07:18:55:699;57;28.70399856567382;66.89886474609375;91.9990234375;[1]
(bcaf);07:18:55:944;58;28.70399856567382;66.89886474609375;91.8719482421875;[1]
(bcaf);07:18:56:191;59;28.76639938354492;66.93701171875;91.8719482421875;[1]
(aadc);07:18:56:416;1;28.39199829101562;67.81439208984375;91.87194824218751;28.39199829101562;67.81439208984375;91.80841064453125;[1]
(bcaf);07:18:56:546;60;28.70399856567382;66.93701171875;91.8719482421875;[1]
(bcaf);07:18:56:687;61;28.70399856567382;66.93701171875;91.9990234375;[1]
(aadc);07:18:56:810;1;28.39199829101562;67.34136962890625;91.744873046875;[1]
(bcaf);07:18:56:930;62;28.70399856567382;66.93701171875;91.9990234375;[1]
(aadc);07:18:57:54;2;28.45439910888671;67.34136962890625;91.8719482421875;[1]
(bcaf);07:18:57:174;63;28.70399856567382;66.967529296875;91.8719482421875;[1]
(aadc);07:18:57:303;3;28.39199829101562;67.34136962890625;91.8719482421875;[1]
(bcaf);07:18:57:423;64;28.70399856567382;66.967529296875;91.8719482421875;[1]
(aadc);07:18:57:547;4;28.39199829101562;67.34136962890625;91.8719482421875;[1]
(bcaf);07:18:57:667;65;28.70399856567382;66.967529296875;91.9990234375;[1]
(aadc);07:18:57:791;5;28.39199829101562;67.34136962890625;91.93548583984375;[1]
(bcaf);07:18:57:911;66;28.70399856567382;66.967529296875;91.8719482421875;[1]
(aadc);07:18:58:35;6;28.39199829101562;67.34136962890625;91.80841064453125;[1]
(bcaf);07:18:58:155;67;28.76639938354492;66.998046875;91.8719482421875;[1]
(aadc);07:18:58:279;7;28.39199829101562;67.34136962890625;91.8719482421875;[1]
(bcaf);07:18:58:400;68;28.70399856567382;66.998046875;91.8719482421875;[1]
(aadc);07:18:58:523;8;28.39199829101562;67.34136962890625;91.8719482421875;[1]
(bcaf);07:18:58:643;69;28.70399856567382;66.998046875;91.9990234375;[1]
(aadc);07:18:58:767;9;28.39199829101562;67.34136962890625;91.8719482421875;[1]
(bcaf);07:18:58:891;70;28.70399856567382;66.998046875;91.9990234375;[1]
(aadc);07:18:59:11;10;28.39199829101562;67.34136962890625;91.80841064453125;[1]
(bcaf);07:18:59:133;71;28.70399856567382;66.998046875;91.9990234375;[1]
(aadc);07:18:59:255;11;28.32959938049316;67.34136962890625;91.8719482421875;[1]
(bcaf);07:18:59:380;72;28.70399856567382;66.998046875;91.9990234375;[1]
(aadc);07:18:59:504;12;28.39199829101562;67.34136962890625;91.8719482421875;[1]
(bcaf);07:18:59:624;73;28.70399856567382;66.998046875;91.9990234375;[1]
(aadc);07:18:59:748;13;28.39199829101562;67.34136962890625;91.68132781982421;[1]
(bcaf);07:18:59:868;74;28.76639938354492;66.998046875;91.8719482421875;[1]
(aadc);07:18:59:992;14;28.39199829101562;67.34136962890625;91.80841064453125;[1]
(bcaf);07:19:00:112;75;28.70399856567382;66.998046875;91.9990234375;[1]
(aadc);07:19:00:236;15;28.39199829101562;67.34136962890625;91.8719482421875;[1]
(bcaf);07:19:00:356;76;28.70399856567382;66.998046875;91.9990234375;[1]
(aadc);07:19:00:480;16;28.39199829101562;67.34136962890625;91.80841064453125;[1]
(bcaf);07:19:00:600;77;28.76639938354492;66.998046875;91.9990234375;[1]
(aadc);07:19:00:724;17;28.39199829101562;67.34136962890625;91.80841064453125;[1]
(bcaf);07:19:00:844;78;28.70399856567382;66.998046875;91.8719482421875;[1]
(aadc);07:19:00:968;18;28.39199829101562;67.34136962890625;91.8719482421875;[1]
(bcaf);07:19:01:88;79;28.76639938354492;66.998046875;91.8719482421875;[1]
(aadc);07:19:01:212;19;28.39199829101562;67.34136962890625;91.8719482421875;[1]
(bcaf);07:19:01:332;80;28.70399856567382;66.998046875;91.9990234375;[1]
(aadc);07:19:01:461;20;28.39199829101562;67.34136962890625;91.68132781982421;[1]
(bcaf);07:19:01:581;81;28.70399856567382;66.998046875;91.8719482421875;[1]
(aadc);07:19:01:705;21;28.39199829101562;67.34136962890625;91.8719482421875;[1]
(bcaf);07:19:01:825;82;28.76639938354492;66.998046875;91.8719482421875;[1]
(aadc);07:19:01:949;22;28.39199829101562;67.34136962890625;91.8719482421875;[1]
(bcaf);07:19:02:69;83;28.70399856567382;66.998046875;91.9990234375;[1]
(aadc);07:19:02:193;23;28.39199829101562;67.34136962890625;91.8719482421875;[1]
(bcaf);07:19:02:313;84;28.70399856567382;66.998046875;91.9990234375;[1]
(aadc);07:19:02:437;24;28.32959938049316;67.34136962890625;91.8719482421875;[1]
(bcaf);07:19:02:557;85;28.76639938354492;66.998046875;91.9990234375;[1]
(aadc);07:19:02:681;25;28.39199829101562;67.34136962890625;91.80841064453125;[1]
(bcaf);07:19:02:801;86;28.70399856567382;66.998046875;91.9990234375;[1]
(aadc);07:19:02:927;26;28.39199829101562;67.34136962890625;91.744873046875;[1]
(bcaf);07:19:03:45;87;28.76639938354492;66.998046875;91.9990234375;[1]
(aadc);07:19:03:173;27;28.39199829101562;67.34136962890625;91.8719482421875;[1]
(bcaf);07:19:03:294;88;28.70399856567382;66.998046875;91.9990234375;[1]
(aadc);07:19:03:423;28;28.39199829101562;67.34136962890625;91.8719482421875;[1]
(bcaf);07:19:03:543;89;28.70399856567382;66.998046875;91.9990234375;[1]
(aadc);07:19:03:671;29;28.39199829101562;67.34136962890625;91.8719482421875;[1]
(bcaf);07:19:03:792;90;28.70399856567382;66.998046875;92.06256103515625;[1]
(aadc);07:19:03:917;30;28.39199829101562;67.34136962890625;91.8719482421875;[1]
(bcaf);07:19:04:36;91;28.76639938354492;67.028564453125;91.9990234375;[1]
(aadc);07:19:04:163;31;28.39199829101562;67.34136962890625;91.8719482421875;[1]
(bcaf);07:19:04:280;92;28.76639938354492;66.998046875;91.9990234375;[1]
(aadc);07:19:04:408;32;28.39199829101562;67.34136962890625;91.8719482421875;[1]
(bcaf);07:19:04:529;93;28.70399856567382;66.998046875;91.9990234375;[1]
(aadc);07:19:04:660;33;28.32959938049316;67.34136962890625;91.8719482421875;[1]
(bcaf);07:19:04:778;94;28.76639938354492;66.998046875;91.9990234375;[1]
(aadc);07:19:04:909;34;28.39199829101562;67.34136962890625;91.8719482421875;[1]
(bcaf);07:19:05:26;95;28.70399856567382;66.998046875;91.9990234375;[1]
(aadc);07:19:05:157;35;28.39199829101562;67.34136962890625;91.8719482421875;[1]
(bcaf);07:19:05:274;96;28.70399856567382;66.998046875;91.8719482421875;[1]
(aadc);07:19:05:402;36;28.39199829101562;67.34136962890625;91.8719482421875;[1]
(bcaf);07:19:05:528;97;28.70399856567382;66.998046875;91.9990234375;[1]
(aadc);07:19:05:653;37;28.39199829101562;67.34136962890625;91.8719482421875;[1]
(bcaf);07:19:05:772;98;28.76639938354492;66.998046875;91.9990234375;[1]
(aadc);07:19:05:903;38;28.39199829101562;67.34136962890625;91.80841064453125;[1]
(bcaf);07:19:06:20;99;28.70399856567382;66.998046875;91.8719482421875;[1]
(aadc);07:19:06:151;39;28.39199829101562;67.34136962890625;91.8719482421875;[1]
(bcaf);07:19:06:270;100;28.70399856567382;66.998046875;91.9990234375;[1]
(aadc);07:19:06:402;40;28.39199829101562;67.34136962890625;91.80841064453125;[1]
(bcaf);07:19:06:524;101;28.76639938354492;66.998046875;91.8719482421875;[1]
(aadc);07:19:06:648;41;28.39199829101562;67.34136962890625;91.80841064453125;[1]
(bcaf);07:19:06:772;102;28.76639938354492;66.998046875;91.9990234375;[1]
(aadc);07:19:06:899;42;28.39199829101562;67.34136962890625;91.8719482421875;[1]
(bcaf);07:19:07:21;103;28.76639938354492;66.998046875;91.8719482421875;[1]
(aadc);07:19:07:149;43;28.39199829101562;67.34136962890625;91.8719482421875;[1]
(bcaf);07:19:07:275;104;28.76639938354492;66.998046875;91.9990234375;[1]
(aadc);07:19:07:395;44;28.39199829101562;67.3642578125;91.8719482421875;[1]
(bcaf);07:19:07:519;105;28.76639938354492;66.998046875;91.8719482421875;[1]
(aadc);07:19:07:645;45;28.39199829101562;67.34136962890625;91.8719482421875;[1]
(bcaf);07:19:07:768;106;28.76639938354492;67.028564453125;91.8719482421875;[1]
(aadc);07:19:07:894;46;28.39199829101562;67.3642578125;91.8719482421875;[1]
(bcaf);07:19:08:17;107;28.76639938354492;67.028564453125;91.8719482421875;[1]
(aadc);07:19:08:145;47;28.39199829101562;67.34136962890625;91.8719482421875;[1]
(bcaf);07:19:08:266;108;28.76639938354492;67.028564453125;91.9990234375;[1]
(aadc);07:19:08:394;48;28.39199829101562;67.3642578125;91.8719482421875;[1]
(bcaf);07:19:08:520;109;28.70399856567382;67.028564453125;91.9990234375;[1]
(bcaf);07:19:08:642;110;28.76639938354492;67.028564453125;91.9990234375;[1]
(aadc);07:19:08:764;49;28.32959938049316;67.34136962890625;91.8719482421875;[1]
(bcaf);07:19:08:885;111;28.76639938354492;67.028564453125;91.8719482421875;[1]
(aadc);07:19:09:8;50;28.39199829101562;67.3642578125;91.8719482421875;[1]
(bcaf);07:19:09:128;112;28.70399856567382;67.028564453125;91.9990234375;[1]
(aadc);07:19:09:252;51;28.39199829101562;67.3642578125;91.8719482421875;[1]
(bcaf);07:19:09:372;113;28.76639938354492;67.06671142578125;91.9990234375;[1]
(aadc);07:19:09:496;52;28.39199829101562;67.3642578125;91.8719482421875;[1]
(bcaf);07:19:09:616;114;28.76639938354492;67.06671142578125;91.8719482421875;[1]
(aadc);07:19:09:745;53;28.39199829101562;67.3642578125;91.80841064453125;[1]
(bcaf);07:19:09:865;115;28.70399856567382;67.06671142578125;91.8719482421875;[1]
(aadc);07:19:09:984;54;28.39199829101562;67.3642578125;91.8719482421875;[1]
(aadc);07:19:10:108;55;28.39199829101562;67.3642578125;91.80841064453125;[1]
(aadc);07:19:10:348;56;28.32959938049316;67.3642578125;91.8719482421875;[1]
(bcaf);07:19:10:472;116;28.76639938354492;67.06671142578125;91.8719482421875116;28.76639938354492;67.06671142578125;91.8719482421875;[1]
(aadc);07:19:10:595;57;28.39199829101562;67.3642578125;91.80841064453125;[1]
(bcaf);07:19:10:714;117;28.70399856567382;67.06671142578125;91.9990234375;[1]
(aadc);07:19:10:833;58;28.39199829101562;67.3642578125;91.80841064453125;[1]
(bcaf);07:19:10:957;118;28.76639938354492;67.06671142578125;91.9990234375;[1]
(aadc);07:19:11:76;59;28.39199829101562;67.3642578125;91.80841064453125;[1]
(bcaf);07:19:11:195;119;28.76639938354492;67.06671142578125;91.9990234375;[1]
(aadc);07:19:11:322;60;28.39199829101562;67.3642578125;91.8719482421875;[1]
(bcaf);07:19:11:439;120;28.76639938354492;67.06671142578125;91.9990234375;[1]
(aadc);07:19:11:572;61;28.39199829101562;67.3642578125;91.8719482421875;[1]
(bcaf);07:19:11:688;121;28.70399856567382;67.06671142578125;91.8719482421875;[1]
(aadc);07:19:11:820;62;28.39199829101562;67.3642578125;91.9990234375;[1]
(bcaf);07:19:11:942;122;28.70399856567382;67.06671142578125;91.8719482421875;[1]
(aadc);07:19:12:66;63;28.39199829101562;67.3642578125;91.8719482421875;[1]
(bcaf);07:19:12:186;123;28.70399856567382;67.09722900390625;91.8719482421875;[1]
(aadc);07:19:12:310;64;28.39199829101562;67.3642578125;91.80841064453125;[1]
(bcaf);07:19:12:430;124;28.76639938354492;67.09722900390625;91.9990234375;[1]
(aadc);07:19:12:549;65;28.39199829101562;67.3642578125;91.80841064453125;[1]
(bcaf);07:19:12:668;125;28.76639938354492;67.09722900390625;91.9990234375;[1]
(aadc);07:19:12:787;66;28.39199829101562;67.3642578125;91.8719482421875;[1]
(bcaf);07:19:12:906;126;28.76639938354492;67.06671142578125;91.8719482421875;[1]
(aadc);07:19:13:25;67;28.39199829101562;67.3642578125;91.8719482421875;[1]
(bcaf);07:19:13:144;127;28.76639938354492;67.06671142578125;91.9990234375;[1]
(aadc);07:19:13:269;68;28.39199829101562;67.3642578125;91.80841064453125;[1]
(bcaf);07:19:13:388;128;28.76639938354492;67.09722900390625;91.8719482421875;[1]
(aadc);07:19:13:512;69;28.32959938049316;67.3642578125;91.8719482421875;[1]
(bcaf);07:19:13:632;129;28.70399856567382;67.06671142578125;91.8719482421875;[1]
(aadc);07:19:13:756;70;28.39199829101562;67.3642578125;91.8719482421875;[1]
(bcaf);07:19:13:876;130;28.76639938354492;67.06671142578125;91.9990234375;[1]
(aadc);07:19:14:5;71;28.39199829101562;67.3642578125;91.8719482421875;[1]
(bcaf);07:19:14:125;131;28.76639938354492;67.06671142578125;91.8719482421875;[1]
(aadc);07:19:14:249;72;28.32959938049316;67.3642578125;91.8719482421875;[1]
(bcaf);07:19:14:369;132;28.76639938354492;67.06671142578125;91.9990234375;[1]
(aadc);07:19:14:493;73;28.39199829101562;67.3642578125;91.8719482421875;[1]
(bcaf);07:19:14:613;133;28.76639938354492;67.06671142578125;91.9990234375;[1]
(aadc);07:19:14:740;74;28.39199829101562;67.3642578125;91.80841064453125;[1]
(bcaf);07:19:14:857;134;28.76639938354492;67.06671142578125;91.8719482421875;[1]
(aadc);07:19:14:985;75;28.39199829101562;67.3642578125;91.8719482421875;[1]
(bcaf);07:19:15:101;135;28.76639938354492;67.06671142578125;91.9990234375;[1]
(aadc);07:19:15:231;76;28.39199829101562;67.3642578125;91.8719482421875;[1]
(bcaf);07:19:15:350;136;28.76639938354492;67.06671142578125;91.9990234375;[1]
(aadc);07:19:15:475;77;28.32959938049316;67.3642578125;91.8719482421875;[1]
(bcaf);07:19:15:594;137;28.70399856567382;67.06671142578125;91.8719482421875;[1]
(aadc);07:19:15:718;78;28.39199829101562;67.3642578125;91.8719482421875;[1]
(bcaf);07:19:15:838;138;28.70399856567382;67.06671142578125;91.8719482421875;[1]
(aadc);07:19:15:962;79;28.39199829101562;67.3642578125;91.8719482421875;[1]
(bcaf);07:19:16:87;139;28.76639938354492;67.028564453125;91.8719482421875;[1]
(aadc);07:19:16:211;80;28.45439910888671;67.3642578125;91.80841064453125;[1]
(bcaf);07:19:16:331;140;28.76639938354492;67.028564453125;91.93548583984375;[1]
(aadc);07:19:16:455;81;28.39199829101562;67.3642578125;91.8719482421875;[1]
(bcaf);07:19:16:575;141;28.76639938354492;67.028564453125;91.8719482421875;[1]
(aadc);07:19:16:699;82;28.39199829101562;67.3642578125;91.8719482421875;[1]
(bcaf);07:19:16:819;142;28.76639938354492;66.998046875;91.8719482421875;[1]
(aadc);07:19:16:943;83;28.39199829101562;67.3642578125;91.8719482421875;[1]
(bcaf);07:19:17:63;143;28.70399856567382;66.998046875;91.8719482421875;[1]
(aadc);07:19:17:187;84;28.39199829101562;67.394775390625;91.8719482421875;[1]
(bcaf);07:19:17:307;144;28.76639938354492;66.998046875;91.9990234375;[1]
(aadc);07:19:17:431;85;28.39199829101562;67.394775390625;91.8719482421875;[1]
(bcaf);07:19:17:551;145;28.76639938354492;66.998046875;91.8719482421875;[1]
(aadc);07:19:17:676;86;28.39199829101562;67.394775390625;91.8719482421875;[1]
(bcaf);07:19:17:795;146;28.76639938354492;66.967529296875;91.8719482421875;[1]
(aadc);07:19:17:922;87;28.39199829101562;67.394775390625;91.8719482421875;[1]
(bcaf);07:19:18:39;147;28.76639938354492;66.967529296875;91.9990234375;[1]
(aadc);07:19:18:168;88;28.39199829101562;67.394775390625;91.8719482421875;[1]
(bcaf);07:19:18:288;148;28.76639938354492;66.93701171875;91.8719482421875;[1]
(aadc);07:19:18:419;89;28.39199829101562;67.394775390625;91.80841064453125;[1]
(bcaf);07:19:18:537;149;28.76639938354492;66.93701171875;91.8719482421875;[1]
(aadc);07:19:18:664;90;28.32959938049316;67.394775390625;91.8719482421875;[1]
(bcaf);07:19:18:781;150;28.76639938354492;66.89886474609375;91.9990234375;[1]
(aadc);07:19:18:909;91;28.39199829101562;67.394775390625;91.8719482421875;[1]
(bcaf);07:19:19:30;151;28.76639938354492;66.86834716796875;91.8719482421875;[1]
(aadc);07:19:19:153;92;28.39199829101562;67.394775390625;91.80841064453125;[1]
(bcaf);07:19:19:274;152;28.76639938354492;66.86834716796875;91.8719482421875;[1]
(aadc);07:19:19:398;93;28.39199829101562;67.394775390625;91.8719482421875;[1]
(bcaf);07:19:19:518;153;28.76639938354492;66.83782958984375;91.8719482421875;[1]
(aadc);07:19:19:638;94;28.39199829101562;67.394775390625;91.8719482421875;[1]
(bcaf);07:19:19:757;154;28.76639938354492;66.80731201171875;91.9990234375;[1]
(aadc);07:19:19:880;95;28.39199829101562;67.394775390625;91.80841064453125;[1]
(bcaf);07:19:20:0;155;28.76639938354492;66.784423828125;91.93548583984375;[1]
(aadc);07:19:20:124;96;28.39199829101562;67.394775390625;91.80841064453125;[1]
(bcaf);07:19:20:248;156;28.76639938354492;66.784423828125;91.8719482421875;[1]
(aadc);07:19:20:368;97;28.39199829101562;67.394775390625;91.8719482421875;[1]
(bcaf);07:19:20:488;157;28.76639938354492;66.75390625;91.8719482421875;[1]
(aadc);07:19:20:613;98;28.39199829101562;67.394775390625;91.8719482421875;[1]
(bcaf);07:19:20:731;158;28.76639938354492;66.723388671875;91.9990234375;[1]
(aadc);07:19:20:862;99;28.39199829101562;67.394775390625;91.8719482421875;[1]
(bcaf);07:19:20:985;159;28.76639938354492;66.723388671875;91.8719482421875;[1]
(aadc);07:19:21:107;100;28.39199829101562;67.394775390625;91.8719482421875;[1]
(bcaf);07:19:21:225;160;28.76639938354492;66.69287109375;91.9990234375;[1]
(aadc);07:19:21:358;101;28.39199829101562;67.394775390625;91.8719482421875;[1]
(bcaf);07:19:21:483;161;28.76639938354492;66.66998291015625;91.9990234375;[1]
(aadc);07:19:21:610;102;28.39199829101562;67.394775390625;91.8719482421875;[1]
(bcaf);07:19:21:732;162;28.76639938354492;66.66998291015625;91.8719482421875;[1]
(aadc);07:19:21:855;103;28.39199829101562;67.394775390625;91.80841064453125;[1]
(bcaf);07:19:21:976;163;28.82879829406738;66.63946533203125;91.9990234375;[1]
(aadc);07:19:22:100;104;28.39199829101562;67.394775390625;91.8719482421875;[1]
(bcaf);07:19:22:225;164;28.76639938354492;66.60894775390625;91.93548583984375;[1]
(aadc);07:19:22:345;105;28.39199829101562;67.394775390625;91.9990234375;[1]
(bcaf);07:19:22:474;165;28.70399856567382;66.60894775390625;91.8719482421875;[1]
(aadc);07:19:22:594;106;28.39199829101562;67.394775390625;91.8719482421875;[1]
(bcaf);07:19:22:718;166;28.76639938354492;66.60894775390625;91.8719482421875;[1]
(aadc);07:19:22:838;107;28.39199829101562;67.394775390625;91.8719482421875;[1]
(bcaf);07:19:22:962;167;28.76639938354492;66.57843017578125;91.8719482421875;[1]
(aadc);07:19:23:82;108;28.39199829101562;67.394775390625;91.744873046875;[1]
(bcaf);07:19:23:206;168;28.82879829406738;66.57843017578125;92.06256103515625;[1]
(aadc);07:19:23:326;109;28.39199829101562;67.42529296875;91.8719482421875;[1]
(bcaf);07:19:23:450;169;28.76639938354492;66.57843017578125;91.8719482421875;[1]
(aadc);07:19:23:570;110;28.39199829101562;67.42529296875;91.8719482421875;[1]
(bcaf);07:19:23:694;170;28.76639938354492;66.5555419921875;91.8719482421875;[1]
(aadc);07:19:23:814;111;28.39199829101562;67.42529296875;91.80841064453125;[1]
(bcaf);07:19:23:938;171;28.76639938354492;66.5555419921875;91.8719482421875;[1]
(aadc);07:19:24:60;112;28.39199829101562;67.42529296875;91.8719482421875;[1]
(bcaf);07:19:24:182;172;28.76639938354492;66.5555419921875;91.8719482421875;[1]
(aadc);07:19:24:309;113;28.39199829101562;67.42529296875;91.8719482421875;[1]
(bcaf);07:19:24:436;173;28.76639938354492;66.5555419921875;91.9990234375;[1]
(aadc);07:19:24:556;114;28.39199829101562;67.42529296875;91.80841064453125;[1]
(bcaf);07:19:24:680;174;28.76639938354492;66.5555419921875;91.8719482421875;[1]
(aadc);07:19:24:800;115;28.39199829101562;67.42529296875;91.744873046875;[1]
(bcaf);07:19:24:924;175;28.76639938354492;66.5555419921875;91.8719482421875;[1]
(aadc);07:19:25:46;116;28.39199829101562;67.42529296875;91.8719482421875;[1]
(bcaf);07:19:25:167;176;28.76639938354492;66.57843017578125;91.93548583984375;[1]
(aadc);07:19:25:291;117;28.39199829101562;67.42529296875;91.80841064453125;[1]
(bcaf);07:19:25:416;177;28.76639938354492;66.5555419921875;91.8719482421875;[1]
(aadc);07:19:25:536;118;28.39199829101562;67.42529296875;91.8719482421875;[1]
(bcaf);07:19:25:660;178;28.76639938354492;66.57843017578125;91.8719482421875;[1]
(aadc);07:19:25:780;119;28.39199829101562;67.42529296875;91.80841064453125;[1]
(bcaf);07:19:25:904;179;28.76639938354492;66.57843017578125;91.8719482421875;[1]
(aadc);07:19:26:25;120;28.39199829101562;67.42529296875;91.8719482421875;[1]
(bcaf);07:19:26:148;180;28.76639938354492;66.57843017578125;91.9990234375;[1]
(aadc);07:19:26:277;121;28.39199829101562;67.47869873046875;91.8719482421875;[1]
(bcaf);07:19:26:402;181;28.76639938354492;66.57843017578125;91.9990234375;[1]
(aadc);07:19:26:527;122;28.39199829101562;67.47869873046875;91.8719482421875;[1]
(bcaf);07:19:26:651;182;28.76639938354492;66.57843017578125;91.9990234375;[1]
(aadc);07:19:26:777;123;28.39199829101562;67.47869873046875;91.80841064453125;[1]
(bcaf);07:19:26:900;183;28.76639938354492;66.60894775390625;91.9990234375;[1]
(aadc);07:19:27:27;124;28.32959938049316;67.47869873046875;91.80841064453125;[1]
(bcaf);07:19:27:149;184;28.76639938354492;66.60894775390625;91.8719482421875;[1]
(aadc);07:19:27:276;125;28.39199829101562;67.47869873046875;91.80841064453125;[1]
(bcaf);07:19:27:398;185;28.76639938354492;66.60894775390625;91.9990234375;[1]
(aadc);07:19:27:525;126;28.39199829101562;67.47869873046875;91.8719482421875;[1]
(bcaf);07:19:27:642;186;28.76639938354492;66.63946533203125;91.8719482421875;[1]
(aadc);07:19:27:771;127;28.39199829101562;67.47869873046875;91.80841064453125;[1]
(bcaf);07:19:27:891;187;28.76639938354492;66.63946533203125;91.9990234375;[1]
(aadc);07:19:28:16;128;28.39199829101562;67.47869873046875;91.8719482421875;[1]
(bcaf);07:19:28:135;188;28.76639938354492;66.66998291015625;91.8719482421875;[1]
(aadc);07:19:28:262;129;28.39199829101562;67.47869873046875;91.8719482421875;[1]
(bcaf);07:19:28:379;189;28.76639938354492;66.66998291015625;91.9990234375;[1]
(aadc);07:19:28:511;130;28.32959938049316;67.47869873046875;91.80841064453125;[1]
(bcaf);07:19:28:633;190;28.76639938354492;66.69287109375;91.9990234375;[1]
(aadc);07:19:28:761;131;28.39199829101562;67.47869873046875;91.9990234375;[1]
(bcaf);07:19:28:877;191;28.82879829406738;66.69287109375;91.9990234375;[1]
(aadc);07:19:29:6;132;28.39199829101562;67.47869873046875;91.80841064453125;[1]
(bcaf);07:19:29:126;192;28.76639938354492;66.723388671875;91.9990234375;[1]
(aadc);07:19:29:252;133;28.39199829101562;67.50921630859375;91.80841064453125;[1]
(bcaf);07:19:29:370;193;28.76639938354492;66.75390625;91.8719482421875;[1]
(aadc);07:19:29:497;134;28.39199829101562;67.50921630859375;91.8719482421875;[1]
(bcaf);07:19:29:614;194;28.76639938354492;66.75390625;91.9990234375;[1]
(aadc);07:19:29:748;135;28.39199829101562;67.50921630859375;91.8719482421875;[1]
(bcaf);07:19:29:868;195;28.76639938354492;66.784423828125;91.9990234375;[1]
(bcaf);07:19:29:997;196;28.82879829406738;66.784423828125;91.8719482421875;[1]
(aadc);07:19:30:117;136;28.39199829101562;67.50921630859375;91.80841064453125;[1]
(bcaf);07:19:30:240;197;28.76639938354492;66.80731201171875;91.9990234375;[1]
(aadc);07:19:30:361;137;28.39199829101562;67.50921630859375;91.80841064453125;[1]
(bcaf);07:19:30:486;198;28.76639938354492;66.80731201171875;91.8719482421875;[1]
(aadc);07:19:30:610;138;28.39199829101562;67.50921630859375;91.80841064453125;[1]
(bcaf);07:19:30:733;199;28.76639938354492;66.83782958984375;91.8719482421875;[1]
(aadc);07:19:30:859;139;28.39199829101562;67.50921630859375;91.8719482421875;[1]
(bcaf);07:19:30:980;200;28.76639938354492;66.83782958984375;91.9990234375;[1]
(aadc);07:19:31:102;140;28.39199829101562;67.50921630859375;91.8719482421875;[1]
(bcaf);07:19:31:229;201;28.76639938354492;66.86834716796875;91.8719482421875;[1]
(aadc);07:19:31:351;141;28.39199829101562;67.50921630859375;91.80841064453125;[1]
(bcaf);07:19:31:475;202;28.76639938354492;66.86834716796875;91.9990234375;[1]
(aadc);07:19:31:600;142;28.39199829101562;67.50921630859375;91.80841064453125;[1]
(bcaf);07:19:31:720;203;28.76639938354492;66.89886474609375;91.8719482421875;[1]
(aadc);07:19:31:844;143;28.39199829101562;67.50921630859375;91.80841064453125;[1]
(bcaf);07:19:31:968;204;28.82879829406738;66.89886474609375;91.8719482421875;[1]
(aadc);07:19:32:93;144;28.39199829101562;67.50921630859375;91.744873046875;[1]
(bcaf);07:19:32:214;205;28.76639938354492;66.89886474609375;91.9990234375;[1]
(aadc);07:19:32:337;145;28.39199829101562;67.50921630859375;91.8719482421875;[1]
(bcaf);07:19:32:462;206;28.76639938354492;66.93701171875;91.9990234375;[1]
(aadc);07:19:32:586;146;28.39199829101562;67.50921630859375;91.8719482421875;[1]
(bcaf);07:19:32:706;207;28.76639938354492;66.93701171875;91.9990234375;[1]
(aadc);07:19:32:830;147;28.39199829101562;67.50921630859375;91.9990234375;[1]
(bcaf);07:19:32:950;208;28.76639938354492;66.93701171875;91.9990234375;[1]
(aadc);07:19:33:74;148;28.39199829101562;67.50921630859375;91.8719482421875;[1]
(bcaf);07:19:33:194;209;28.76639938354492;66.967529296875;91.9990234375;[1]
(aadc);07:19:33:318;149;28.39199829101562;67.50921630859375;91.80841064453125;[1]
(bcaf);07:19:33:438;210;28.76639938354492;66.967529296875;91.9990234375;[1]
(aadc);07:19:33:562;150;28.45439910888671;67.50921630859375;91.80841064453125;[1]
(bcaf);07:19:33:682;211;28.76639938354492;66.967529296875;91.9990234375;[1]
(aadc);07:19:33:806;151;28.39199829101562;67.50921630859375;91.744873046875;[1]
(bcaf);07:19:33:926;212;28.76639938354492;66.967529296875;91.9990234375;[1]
(aadc);07:19:34:50;152;28.39199829101562;67.47869873046875;91.8719482421875;[1]
(bcaf);07:19:34:171;213;28.76639938354492;66.967529296875;91.9990234375;[1]
(aadc);07:19:34:294;153;28.39199829101562;67.47869873046875;91.80841064453125;[1]
(bcaf);07:19:34:414;214;28.76639938354492;66.967529296875;91.9990234375;[1]
(aadc);07:19:34:543;154;28.39199829101562;67.50921630859375;91.8719482421875;[1]
(bcaf);07:19:34:663;215;28.76639938354492;66.998046875;91.8719482421875;[1]
(aadc);07:19:34:787;155;28.39199829101562;67.50921630859375;91.8719482421875;[1]
(bcaf);07:19:34:907;216;28.76639938354492;66.998046875;91.8719482421875;[1]
(aadc);07:19:35:31;156;28.39199829101562;67.47869873046875;91.80841064453125;[1]
(bcaf);07:19:35:151;217;28.76639938354492;66.998046875;91.9990234375;[1]
(aadc);07:19:35:275;157;28.39199829101562;67.47869873046875;91.8719482421875;[1]
(bcaf);07:19:35:395;218;28.76639938354492;66.998046875;91.8719482421875;[1]
(aadc);07:19:35:519;158;28.45439910888671;67.47869873046875;91.8719482421875;[1]
(bcaf);07:19:35:640;219;28.82879829406738;66.998046875;91.9990234375;[1]
(aadc);07:19:35:763;159;28.39199829101562;67.50921630859375;91.80841064453125;[1]
(bcaf);07:19:35:883;220;28.82879829406738;66.998046875;91.9990234375;[1]
(aadc);07:19:36:7;160;28.32959938049316;67.47869873046875;91.8719482421875;[1]
(bcaf);07:19:36:127;221;28.76639938354492;67.028564453125;91.9990234375;[1]
(aadc);07:19:36:251;161;28.45439910888671;67.50921630859375;91.8719482421875;[1]
(bcaf);07:19:36:373;222;28.76639938354492;67.028564453125;91.9990234375;[1]
(aadc);07:19:36:495;162;28.39199829101562;67.47869873046875;91.8719482421875;[1]
(bcaf);07:19:36:620;223;28.82879829406738;67.028564453125;91.9990234375;[1]
(aadc);07:19:36:744;163;28.39199829101562;67.50921630859375;91.8719482421875;[1]
(bcaf);07:19:36:864;224;28.76639938354492;67.028564453125;91.9990234375;[1]
(aadc);07:19:36:988;164;28.39199829101562;67.50921630859375;91.8719482421875;[1]
(bcaf);07:19:37:107;225;28.76639938354492;67.06671142578125;91.9990234375;[1]
(aadc);07:19:37:226;165;28.32959938049316;67.50921630859375;91.8719482421875;[1]
(bcaf);07:19:37:346;226;28.76639938354492;67.06671142578125;91.8719482421875;[1]
(aadc);07:19:37:465;166;28.39199829101562;67.50921630859375;91.80841064453125;[1]
(bcaf);07:19:37:587;227;28.70399856567382;67.06671142578125;91.9990234375;[1]
(aadc);07:19:37:709;167;28.39199829101562;67.50921630859375;91.8719482421875;[1]
(bcaf);07:19:37:831;228;28.76639938354492;67.06671142578125;91.9990234375;[1]
(aadc);07:19:37:953;168;28.39199829101562;67.50921630859375;91.8719482421875;[1]
(bcaf);07:19:38:75;229;28.76639938354492;67.09722900390625;91.8719482421875;[1]
(aadc);07:19:38:197;169;28.39199829101562;67.50921630859375;91.80841064453125;[1]
(bcaf);07:19:38:318;230;28.76639938354492;67.09722900390625;91.9990234375;[1]
(aadc);07:19:38:447;170;28.39199829101562;67.50921630859375;91.8719482421875;[1]
(bcaf);07:19:38:571;231;28.76639938354492;67.09722900390625;91.8719482421875;[1]
(aadc);07:19:38:697;171;28.39199829101562;67.50921630859375;91.8719482421875;[1]
(bcaf);07:19:38:816;232;28.76639938354492;67.09722900390625;91.8719482421875;[1]
(aadc);07:19:38:947;172;28.39199829101562;67.50921630859375;91.8719482421875;[1]
(bcaf);07:19:39:64;233;28.76639938354492;67.09722900390625;91.9990234375;[1]
(aadc);07:19:39:197;173;28.39199829101562;67.50921630859375;91.80841064453125;[1]
(bcaf);07:19:39:318;234;28.76639938354492;67.12774658203125;91.9990234375;[1]
(aadc);07:19:39:446;174;28.39199829101562;67.50921630859375;91.8719482421875;[1]
(bcaf);07:19:39:567;235;28.76639938354492;67.12774658203125;91.9990234375;[1]
(aadc);07:19:39:695;175;28.32959938049316;67.50921630859375;91.8719482421875;[1]
(bcaf);07:19:39:816;236;28.76639938354492;67.12774658203125;91.9990234375;[1]
(aadc);07:19:39:941;176;28.39199829101562;67.50921630859375;91.8719482421875;[1]
(bcaf);07:19:40:59;237;28.76639938354492;67.12774658203125;91.9990234375;[1]
(aadc);07:19:40:191;177;28.39199829101562;67.50921630859375;91.68132781982421;[1]
(bcaf);07:19:40:316;238;28.82879829406738;67.12774658203125;91.9990234375;[1]
(aadc);07:19:40:440;178;28.39199829101562;67.50921630859375;91.8719482421875;[1]
(bcaf);07:19:40:570;239;28.76639938354492;67.12774658203125;91.9990234375;[1]
(aadc);07:19:40:690;179;28.39199829101562;67.50921630859375;91.68132781982421;[1]
(bcaf);07:19:40:814;240;28.82879829406738;67.12774658203125;91.9990234375;[1]
(aadc);07:19:40:940;180;28.39199829101562;67.50921630859375;91.8719482421875;[1]
(bcaf);07:19:41:63;241;28.76639938354492;67.12774658203125;91.8719482421875;[1]
(aadc);07:19:41:189;181;28.39199829101562;67.50921630859375;91.8719482421875;[1]
(bcaf);07:19:41:312;242;28.76639938354492;67.12774658203125;91.9990234375;[1]
(aadc);07:19:41:434;182;28.39199829101562;67.50921630859375;91.8719482421875;[1]
(bcaf);07:19:41:556;243;28.82879829406738;67.15826416015625;91.9990234375;[1]
(aadc);07:19:41:680;183;28.39199829101562;67.50921630859375;91.80841064453125;[1]
(bcaf);07:19:41:805;244;28.76639938354492;67.15826416015625;91.9990234375;[1]
(aadc);07:19:41:932;184;28.39199829101562;67.50921630859375;91.80841064453125;[1]
(bcaf);07:19:42:54;245;28.76639938354492;67.15826416015625;91.8719482421875;[1]
(aadc);07:19:42:182;185;28.39199829101562;67.50921630859375;91.8719482421875;[1]
(bcaf);07:19:42:308;246;28.82879829406738;67.15826416015625;91.9990234375;[1]
(aadc);07:19:42:432;186;28.39199829101562;67.50921630859375;91.8719482421875;[1]
(bcaf);07:19:42:561;247;28.76639938354492;67.15826416015625;91.9990234375;[1]
(aadc);07:19:42:682;187;28.39199829101562;67.50921630859375;91.8719482421875;[1]
(bcaf);07:19:42:806;248;28.76639938354492;67.15826416015625;91.9990234375;[1]
(aadc);07:19:42:931;188;28.39199829101562;67.50921630859375;91.8719482421875;[1]
(bcaf);07:19:43:50;249;28.76639938354492;67.15826416015625;91.8719482421875;[1]
(aadc);07:19:43:179;189;28.39199829101562;67.50921630859375;91.744873046875;[1]
(bcaf);07:19:43:299;250;28.76639938354492;67.15826416015625;91.8719482421875;[1]
(aadc);07:19:43:426;190;28.39199829101562;67.50921630859375;91.80841064453125;[1]
(bcaf);07:19:43:543;251;28.76639938354492;67.15826416015625;91.9990234375;[1]
(aadc);07:19:43:677;191;28.39199829101562;67.50921630859375;91.80841064453125;[1]
(bcaf);07:19:43:797;252;28.76639938354492;67.15826416015625;91.9990234375;[1]
(aadc);07:19:43:926;192;28.39199829101562;67.50921630859375;91.8719482421875;[1]
(bcaf);07:19:44:46;253;28.82879829406738;67.12774658203125;91.8719482421875;[1]
(aadc);07:19:44:177;193;28.39199829101562;67.50921630859375;91.8719482421875;[1]
(bcaf);07:19:44:294;254;28.76639938354492;67.12774658203125;91.9990234375;[1]
(aadc);07:19:44:426;194;28.39199829101562;67.50921630859375;91.8719482421875;[1]
(bcaf);07:19:44:543;255;28.76639938354492;67.12774658203125;91.9990234375;[1]
(aadc);07:19:44:675;195;28.39199829101562;67.50921630859375;91.80841064453125;[1]
(bcaf);07:19:44:797;256;28.76639938354492;67.12774658203125;91.93548583984375;[1]
(aadc);07:19:44:921;196;28.39199829101562;67.47869873046875;91.8719482421875;[1]
(bcaf);07:19:45:41;257;28.76639938354492;67.12774658203125;91.8719482421875;[1]
(aadc);07:19:45:166;197;28.39199829101562;67.47869873046875;91.8719482421875;[1]
(bcaf);07:19:45:285;258;28.76639938354492;67.09722900390625;91.9990234375;[1]
(aadc);07:19:45:418;198;28.39199829101562;67.47869873046875;91.8719482421875;[1]
(bcaf);07:19:45:539;259;28.76639938354492;67.09722900390625;91.8719482421875;[1]
(aadc);07:19:45:666;199;28.39199829101562;67.47869873046875;91.9990234375;[1]
(bcaf);07:19:45:782;260;28.76639938354492;67.09722900390625;91.9990234375;[1]
(aadc);07:19:45:911;200;28.39199829101562;67.47869873046875;91.8719482421875;[1]
(bcaf);07:19:46:30;261;28.76639938354492;67.09722900390625;91.9990234375;[1]
(aadc);07:19:46:164;201;28.39199829101562;67.47869873046875;91.80841064453125;[1]
(bcaf);07:19:46:288;262;28.76639938354492;67.09722900390625;91.8719482421875;[1]
(aadc);07:19:46:410;202;28.39199829101562;67.47869873046875;91.80841064453125;[1]
(bcaf);07:19:46:532;263;28.70399856567382;67.06671142578125;91.8719482421875;[1]
(aadc);07:19:46:661;203;28.39199829101562;67.47869873046875;91.80841064453125;[1]
(bcaf);07:19:46:786;264;28.76639938354492;67.06671142578125;91.9990234375;[1]
(aadc);07:19:46:911;204;28.39199829101562;67.47869873046875;91.80841064453125;[1]
(bcaf);07:19:47:35;265;28.76639938354492;67.06671142578125;91.8719482421875;[1]
(aadc);07:19:47:161;205;28.39199829101562;67.47869873046875;91.8719482421875;[1]
(bcaf);07:19:47:284;266;28.76639938354492;67.06671142578125;91.9990234375;[1]
(aadc);07:19:47:410;206;28.39199829101562;67.47869873046875;91.80841064453125;[1]
(bcaf);07:19:47:532;267;28.76639938354492;67.06671142578125;91.8719482421875;[1]
(aadc);07:19:47:660;207;28.39199829101562;67.47869873046875;91.8719482421875;[1]
(bcaf);07:19:47:910;268;28.76639938354492;67.06671142578125;91.9990234375268;28.76639938354492;67.06671142578125;91.8719482421875;[1]
(aadc);07:19:48:40;208;28.39199829101562;67.42529296875;91.8719482421875;[1]
(bcaf);07:19:48:160;269;28.76639938354492;67.06671142578125;91.9990234375;[1]
(aadc);07:19:48:284;209;28.39199829101562;67.42529296875;91.8719482421875;[1]
(bcaf);07:19:48:404;270;28.76639938354492;67.06671142578125;91.9990234375;[1]
(aadc);07:19:48:528;210;28.39199829101562;67.42529296875;91.8719482421875;[1]
(bcaf);07:19:48:648;271;28.76639938354492;67.06671142578125;91.8719482421875;[1]
(aadc);07:19:48:777;211;28.39199829101562;67.42529296875;91.8719482421875;[1]
(bcaf);07:19:48:897;272;28.76639938354492;67.06671142578125;91.9990234375;[1]
(aadc);07:19:49:21;212;28.39199829101562;67.42529296875;91.8719482421875;[1]
(bcaf);07:19:49:143;273;28.76639938354492;67.06671142578125;91.9990234375;[1]
(aadc);07:19:49:260;213;28.39199829101562;67.42529296875;91.8719482421875;[1]
(aadc);07:19:49:391;214;28.39199829101562;67.42529296875;91.8719482421875;[1]
(bcaf);07:19:49:509;274;28.76639938354492;67.06671142578125;91.8719482421875;[1]
(aadc);07:19:49:636;215;28.39199829101562;67.42529296875;91.8719482421875;[1]
(bcaf);07:19:49:753;275;28.76639938354492;67.06671142578125;91.9990234375;[1]
(aadc);07:19:49:880;216;28.39199829101562;67.42529296875;91.8719482421875;[1]
(bcaf);07:19:49:997;276;28.76639938354492;67.06671142578125;91.8719482421875;[1]
(aadc);07:19:50:121;217;28.39199829101562;67.42529296875;91.8719482421875;[1]
(bcaf);07:19:50:241;277;28.76639938354492;67.06671142578125;91.8719482421875;[1]
(aadc);07:19:50:365;218;28.39199829101562;67.394775390625;91.8719482421875;[1]
(bcaf);07:19:50:485;278;28.76639938354492;67.06671142578125;91.9990234375;[1]
(aadc);07:19:50:609;219;28.39199829101562;67.394775390625;91.8719482421875;[1]
(bcaf);07:19:50:729;279;28.76639938354492;67.09722900390625;91.9990234375;[1]
