(cacf);21:15:16:966;1;29.14079856872558;68.80621337890625;92.76148986816406;[1]
(cacf);21:15:17:215;2;29.07839965820312;68.80621337890625;92.88856506347656;[1]
(cacf);21:15:17:463;3;29.14079856872558;68.859619140625;92.88856506347656;[1]
(cacf);21:15:17:713;4;29.14079856872558;68.859619140625;92.88856506347656;[1]
(cacf);21:15:17:961;5;29.14079856872558;68.859619140625;92.88856506347656;[1]
(cacf);21:15:18:209;6;29.14079856872558;68.859619140625;92.88856506347656;[1]
(cacf);21:15:18:452;7;29.14079856872558;68.89013671875;93.01564025878906;[1]
(cacf);21:15:18:698;8;29.14079856872558;68.89013671875;92.76148986816406;[1]
(cacf);21:15:18:954;9;29.20319938659667;68.89013671875;92.76148986816406;[1]
(cacf);21:15:19:199;10;29.14079856872558;68.89013671875;92.88856506347656;[1]
(cacf);21:15:19:443;11;29.14079856872558;68.89013671875;92.88856506347656;[1]
(cacf);21:15:19:687;12;29.14079856872558;68.920654296875;92.76148986816406;[1]
(cacf);21:15:19:932;13;29.14079856872558;68.920654296875;92.88856506347656;[1]
(cacf);21:15:20:182;14;29.14079856872558;68.920654296875;92.88856506347656;[1]
(cacf);21:15:20:431;15;29.14079856872558;68.920654296875;92.88856506347656;[1]
(cacf);21:15:20:680;16;29.14079856872558;68.920654296875;92.76148986816406;[1]
(cacf);21:15:20:928;17;29.20319938659667;68.920654296875;92.88856506347656;[1]
(cacf);21:15:21:176;18;29.14079856872558;68.951171875;92.88856506347656;[1]
(cacf);21:15:21:421;19;29.20319938659667;68.951171875;92.88856506347656;[1]
(cacf);21:15:21:668;20;29.14079856872558;68.951171875;92.76148986816406;[1]
(cacf);21:15:21:912;21;29.14079856872558;68.951171875;92.76148986816406;[1]
(cacf);21:15:22:157;22;29.14079856872558;68.951171875;92.76148986816406;[1]
(cacf);21:15:22:402;23;29.14079856872558;68.951171875;92.88856506347656;[1]
(cacf);21:15:22:645;24;29.14079856872558;68.951171875;92.88856506347656;[1]
(cacf);21:15:22:887;25;29.20319938659667;68.951171875;93.01564025878906;[1]
(cacf);21:15:23:128;26;29.14079856872558;68.951171875;92.82502746582031;[1]
(cacf);21:15:23:367;27;29.14079856872558;68.951171875;92.76148986816406;[1]
(cacf);21:15:23:610;28;29.14079856872558;68.951171875;92.76148986816406;[1]
(cacf);21:15:23:854;29;29.14079856872558;68.951171875;92.76148986816406;[1]
(cacf);21:15:24:94;30;29.14079856872558;68.951171875;92.88856506347656;[1]
(cacf);21:15:24:338;31;29.14079856872558;68.951171875;92.76148986816406;[1]
(cacf);21:15:24:583;32;29.14079856872558;68.951171875;92.76148986816406;[1]
(cacf);21:15:24:832;33;29.14079856872558;68.951171875;92.88856506347656;[1]
(cacf);21:15:25:81;34;29.14079856872558;68.951171875;92.76148986816406;[1]
(cacf);21:15:25:329;35;29.14079856872558;68.951171875;92.88856506347656;[1]
(cacf);21:15:25:578;36;29.14079856872558;68.951171875;92.88856506347656;[1]
(cacf);21:15:25:826;37;29.20319938659667;68.951171875;92.88856506347656;[1]
(cacf);21:15:26:70;38;29.14079856872558;68.951171875;93.01564025878906;[1]
(cacf);21:15:26:319;39;29.14079856872558;68.951171875;92.76148986816406;[1]
(cacf);21:15:26:562;40;29.14079856872558;68.951171875;92.82502746582031;[1]
(cacf);21:15:26:802;41;29.14079856872558;68.951171875;92.88856506347656;[1]
(cacf);21:15:27:41;42;29.14079856872558;68.951171875;92.88856506347656;[1]
(cacf);21:15:27:289;43;29.14079856872558;68.951171875;92.88856506347656;[1]
(cacf);21:15:27:533;44;29.14079856872558;68.951171875;92.88856506347656;[1]
(cacf);21:15:27:776;45;29.14079856872558;68.951171875;93.01564025878906;[1]
(cacf);21:15:28:22;46;29.14079856872558;68.951171875;92.88856506347656;[1]
(cacf);21:15:28:270;47;29.14079856872558;68.951171875;92.76148986816406;[1]
(cacf);21:15:28:515;48;29.14079856872558;68.951171875;93.01564025878906;[1]
(cacf);21:15:28:764;49;29.14079856872558;68.951171875;92.76148986816406;[1]
(cacf);21:15:29:8;50;29.14079856872558;68.951171875;92.88856506347656;[1]
(cacf);21:15:29:252;51;29.14079856872558;68.951171875;92.88856506347656;[1]
(cacf);21:15:29:495;52;29.14079856872558;68.951171875;92.88856506347656;[1]
(cacf);21:15:29:734;53;29.14079856872558;68.951171875;92.88856506347656;[1]
(cacf);21:15:29:977;54;29.07839965820312;68.951171875;92.88856506347656;[1]
(cacf);21:15:30:222;55;29.14079856872558;68.951171875;92.88856506347656;[1]
(cacf);21:15:30:470;56;29.14079856872558;68.951171875;92.88856506347656;[1]
(cacf);21:15:30:714;57;29.07839965820312;68.951171875;92.88856506347656;[1]
(cacf);21:15:30:959;58;29.07839965820312;68.951171875;92.88856506347656;[1]
(cacf);21:15:31:207;59;29.14079856872558;68.951171875;92.76148986816406;[1]
(cacf);21:15:31:451;60;29.07839965820312;68.951171875;92.88856506347656;[1]
(cacf);21:15:31:695;61;29.14079856872558;68.951171875;92.88856506347656;[1]
(cacf);21:15:31:943;62;29.14079856872558;68.951171875;92.76148986816406;[1]
(cacf);21:15:32:182;63;29.14079856872558;68.951171875;92.88856506347656;[1]
(cacf);21:15:32:420;64;29.07839965820312;68.951171875;93.01564025878906;[1]
(cacf);21:15:32:661;65;29.14079856872558;68.951171875;92.76148986816406;[1]
(cacf);21:15:32:901;66;29.14079856872558;68.951171875;92.76148986816406;[1]
(cacf);21:15:33:144;67;29.14079856872558;68.951171875;92.76148986816406;[1]
(cacf);21:15:33:397;68;29.14079856872558;68.97406005859375;92.88856506347656;[1]
(cacf);21:15:33:643;69;29.14079856872558;68.97406005859375;92.76148986816406;[1]
(cacf);21:15:33:891;70;29.14079856872558;68.97406005859375;92.88856506347656;[1]
(cacf);21:15:34:139;71;29.14079856872558;68.97406005859375;92.76148986816406;[1]
(cacf);21:15:34:384;72;29.14079856872558;68.97406005859375;92.76148986816406;[1]
(cacf);21:15:34:632;73;29.14079856872558;68.97406005859375;92.76148986816406;[1]
(cacf);21:15:34:876;74;29.07839965820312;68.97406005859375;92.76148986816406;[1]
(cacf);21:15:35:127;75;29.14079856872558;68.97406005859375;92.88856506347656;[1]
(cacf);21:15:35:375;76;29.14079856872558;68.97406005859375;92.76148986816406;[1]
(cacf);21:15:35:623;77;29.14079856872558;68.97406005859375;93.01564025878906;[1]
(cacf);21:15:35:877;78;29.14079856872558;69.00457763671875;92.88856506347656;[1]
(cacf);21:15:36:127;79;29.14079856872558;68.97406005859375;92.76148986816406;[1]
(cacf);21:15:36:370;80;29.14079856872558;69.00457763671875;92.88856506347656;[1]
(cacf);21:15:36:613;81;29.14079856872558;69.00457763671875;92.76148986816406;[1]
(cacf);21:15:36:852;82;29.14079856872558;69.00457763671875;93.01564025878906;[1]
(cacf);21:15:37:93;83;29.14079856872558;69.00457763671875;92.76148986816406;[1]
(cacf);21:15:37:336;84;29.07839965820312;69.00457763671875;92.76148986816406;[1]
(cacf);21:15:37:580;85;29.14079856872558;69.00457763671875;92.88856506347656;[1]
(cacf);21:15:37:823;86;29.07839965820312;69.00457763671875;92.82502746582031;[1]
(cacf);21:15:38:63;87;29.14079856872558;69.00457763671875;92.88856506347656;[1]
(cacf);21:15:38:311;88;29.07839965820312;69.00457763671875;92.88856506347656;[1]
(cacf);21:15:38:556;89;29.14079856872558;69.00457763671875;92.76148986816406;[1]
(cacf);21:15:38:800;90;29.07839965820312;69.00457763671875;92.88856506347656;[1]
(cacf);21:15:39:49;91;29.14079856872558;69.03509521484375;92.88856506347656;[1]
(cacf);21:15:39:298;92;29.14079856872558;69.03509521484375;92.88856506347656;[1]
(cacf);21:15:39:547;93;29.14079856872558;69.03509521484375;92.88856506347656;[1]
(cacf);21:15:39:794;94;29.14079856872558;69.03509521484375;92.76148986816406;[1]
(cacf);21:15:40:39;95;29.07839965820312;69.03509521484375;92.82502746582031;[1]
(cacf);21:15:40:286;96;29.07839965820312;69.03509521484375;92.63440704345703;[1]
(cacf);21:15:40:535;97;29.14079856872558;69.03509521484375;92.88856506347656;[1]
(cacf);21:15:40:780;98;29.14079856872558;69.03509521484375;92.76148986816406;[1]
(cacf);21:15:41:24;99;29.14079856872558;69.03509521484375;93.01564025878906;[1]
(cacf);21:15:41:262;100;29.14079856872558;69.0579833984375;92.88856506347656;[1]
(cacf);21:15:41:507;101;29.14079856872558;69.03509521484375;92.76148986816406;[1]
(cacf);21:15:41:746;102;29.14079856872558;69.0579833984375;92.88856506347656;[1]
(cacf);21:15:41:990;103;29.14079856872558;69.0579833984375;92.88856506347656;[1]
(cacf);21:15:42:238;104;29.07839965820312;69.0579833984375;92.88856506347656;[1]
(cacf);21:15:42:483;105;29.07839965820312;69.0579833984375;92.88856506347656;[1]
(cacf);21:15:42:733;106;29.07839965820312;69.0579833984375;92.88856506347656;[1]
(cacf);21:15:42:981;107;29.07839965820312;69.0274658203125;92.88856506347656;[1]
(cacf);21:15:43:230;108;29.14079856872558;69.0579833984375;92.76148986816406;[1]
(cacf);21:15:43:478;109;29.14079856872558;69.0579833984375;92.88856506347656;[1]
(cacf);21:15:43:728;110;29.07839965820312;69.0579833984375;92.76148986816406;[1]
(cacf);21:15:43:971;111;29.07839965820312;69.0579833984375;92.88856506347656;[1]
(cacf);21:15:44:216;112;29.14079856872558;69.0579833984375;92.88856506347656;[1]
(cacf);21:15:44:459;113;29.07839965820312;69.0579833984375;92.88856506347656;[1]
(cacf);21:15:44:709;114;29.14079856872558;69.0579833984375;92.76148986816406;[1]
(cacf);21:15:44:957;115;29.07839965820312;69.0579833984375;92.88856506347656;[1]
(cacf);21:15:45:205;116;29.14079856872558;69.0579833984375;92.88856506347656;[1]
(cacf);21:15:45:449;117;29.14079856872558;69.0579833984375;92.88856506347656;[1]
(cacf);21:15:45:693;118;29.14079856872558;69.0579833984375;92.88856506347656;[1]
(cacf);21:15:45:937;119;29.14079856872558;69.0579833984375;92.88856506347656;[1]
(cacf);21:15:46:181;120;29.14079856872558;69.0579833984375;92.69794464111328;[1]
(cacf);21:15:46:424;121;29.07839965820312;69.0579833984375;92.76148986816406;[1]
(cacf);21:15:46:668;122;29.07839965820312;69.0579833984375;93.01564025878906;[1]
(cacf);21:15:46:908;123;29.14079856872558;69.0579833984375;92.76148986816406;[1]
(cacf);21:15:47:153;124;29.14079856872558;69.0579833984375;93.01564025878906;[1]
(cacf);21:15:47:397;125;29.07839965820312;69.0579833984375;92.88856506347656;[1]
(cacf);21:15:47:640;126;29.07839965820312;69.0579833984375;92.76148986816406;[1]
(cacf);21:15:47:893;127;29.14079856872558;69.0579833984375;92.88856506347656;[1]
(cacf);21:15:48:137;128;29.14079856872558;69.0579833984375;92.76148986816406;[1]
(cacf);21:15:48:380;129;29.07839965820312;69.0579833984375;93.01564025878906;[1]
(cacf);21:15:48:625;130;29.14079856872558;69.0579833984375;92.88856506347656;[1]
(cacf);21:15:48:869;131;29.14079856872558;69.0579833984375;92.88856506347656;[1]
(cacf);21:15:49:114;132;29.14079856872558;69.0885009765625;92.82502746582031;[1]
(cacf);21:15:49:363;133;29.14079856872558;69.0885009765625;92.76148986816406;[1]
(cacf);21:15:49:612;134;29.14079856872558;69.0885009765625;92.88856506347656;[1]
(cacf);21:15:49:855;135;29.14079856872558;69.0885009765625;92.88856506347656;[1]
(cacf);21:15:50:109;136;29.07839965820312;69.0885009765625;93.01564025878906;[1]
(cacf);21:15:50:353;137;29.14079856872558;69.05035400390625;93.01564025878906;[1]
(cacf);21:15:50:596;138;29.14079856872558;69.08087158203125;92.76148986816406;[1]
(cacf);21:15:50:839;139;29.14079856872558;69.05035400390625;93.01564025878906;[1]
(cacf);21:15:51:84;140;29.14079856872558;69.05035400390625;92.88856506347656;[1]
(cacf);21:15:51:329;141;29.07839965820312;69.08087158203125;92.76148986816406;[1]
(cacf);21:15:51:579;142;29.07839965820312;69.08087158203125;92.88856506347656;[1]
(cacf);21:15:51:828;143;29.07839965820312;69.08087158203125;92.88856506347656;[1]
(cacf);21:15:52:76;144;29.14079856872558;69.08087158203125;92.88856506347656;[1]
(cacf);21:15:52:324;145;29.07839965820312;69.1190185546875;92.69794464111328;[1]
(cacf);21:15:52:580;146;29.07839965820312;69.1190185546875;92.88856506347656;[1]
(cacf);21:15:52:828;147;29.07839965820312;69.08087158203125;92.76148986816406;[1]
(cacf);21:15:53:76;148;29.07839965820312;69.08087158203125;92.76148986816406;[1]
(cacf);21:15:53:324;149;29.07839965820312;69.08087158203125;92.76148986816406;[1]
(cacf);21:15:53:569;150;29.14079856872558;69.08087158203125;92.88856506347656;[1]
(cacf);21:15:53:819;151;29.14079856872558;69.08087158203125;92.88856506347656;[1]
(cacf);21:15:54:68;152;29.14079856872558;69.08087158203125;92.88856506347656;[1]
(cacf);21:15:54:315;153;29.14079856872558;69.08087158203125;92.76148986816406;[1]
(cacf);21:15:54:560;154;29.14079856872558;69.08087158203125;92.76148986816406;[1]
(cacf);21:15:54:808;155;29.07839965820312;69.08087158203125;92.88856506347656;[1]
(cacf);21:15:55:63;156;29.14079856872558;69.08087158203125;92.88856506347656;[1]
(cacf);21:15:55:311;157;29.07839965820312;69.08087158203125;92.69794464111328;[1]
(cacf);21:15:55:561;158;29.07839965820312;69.1190185546875;92.88856506347656;[1]
(cacf);21:15:55:810;159;29.14079856872558;69.08087158203125;92.88856506347656;[1]
(cacf);21:15:56:58;160;29.14079856872558;69.08087158203125;93.01564025878906;[1]
(cacf);21:15:56:308;161;29.07839965820312;69.08087158203125;92.88856506347656;[1]
(cacf);21:15:56:556;162;29.07839965820312;69.08087158203125;92.88856506347656;[1]
(cacf);21:15:56:804;163;29.14079856872558;69.08087158203125;92.88856506347656;[1]
(cacf);21:15:57:48;164;29.14079856872558;69.08087158203125;92.76148986816406;[1]
(cacf);21:15:57:296;165;29.07839965820312;69.08087158203125;92.88856506347656;[1]
(cacf);21:15:57:541;166;29.07839965820312;69.08087158203125;92.63440704345703;[1]
(cacf);21:15:57:785;167;29.14079856872558;69.08087158203125;92.76148986816406;[1]
(cacf);21:15:58:30;168;29.14079856872558;69.08087158203125;92.76148986816406;[1]
(cacf);21:15:58:277;169;29.07839965820312;69.08087158203125;92.76148986816406;[1]
(cacf);21:15:58:522;170;29.14079856872558;69.08087158203125;92.76148986816406;[1]
(cacf);21:15:58:766;171;29.14079856872558;69.08087158203125;92.88856506347656;[1]
(cacf);21:15:59:16;172;29.14079856872558;69.08087158203125;92.88856506347656;[1]
(cacf);21:15:59:264;173;29.14079856872558;69.08087158203125;92.88856506347656;[1]
(cacf);21:15:59:512;174;29.14079856872558;69.08087158203125;92.88856506347656;[1]
(cacf);21:15:59:760;175;29.14079856872558;69.1190185546875;93.01564025878906;[1]
(cacf);21:16:00:5;176;29.07839965820312;69.08087158203125;92.88856506347656;[1]
(cacf);21:16:00:255;177;29.14079856872558;69.05035400390625;92.63440704345703;[1]
(cacf);21:16:00:503;178;29.14079856872558;69.05035400390625;92.88856506347656;[1]
(cacf);21:16:00:753;179;29.07839965820312;69.08087158203125;92.76148986816406;[1]
(cacf);21:16:01:1;180;29.14079856872558;69.05035400390625;92.88856506347656;[1]
(cacf);21:16:01:252;181;29.14079856872558;69.05035400390625;92.88856506347656;[1]
(cacf);21:16:01:500;182;29.14079856872558;69.05035400390625;92.76148986816406;[1]
(cacf);21:16:01:749;183;29.14079856872558;69.05035400390625;92.88856506347656;[1]
(cacf);21:16:01:998;184;29.14079856872558;69.0274658203125;92.88856506347656;[1]
(cacf);21:16:02:241;185;29.07839965820312;69.0274658203125;92.82502746582031;[1]
(cacf);21:16:02:485;186;29.14079856872558;69.0274658203125;92.76148986816406;[1]
(cacf);21:16:02:728;187;29.07839965820312;69.0274658203125;92.88856506347656;[1]
(cacf);21:16:02:966;188;29.14079856872558;69.0274658203125;93.01564025878906;[1]
(cacf);21:16:03:206;189;29.14079856872558;69.0274658203125;92.88856506347656;[1]
(cacf);21:16:03:445;190;29.14079856872558;69.0274658203125;92.88856506347656;[1]
(cacf);21:16:03:690;191;29.14079856872558;69.0274658203125;92.88856506347656;[1]
(cacf);21:16:03:933;192;29.07839965820312;69.0274658203125;92.88856506347656;[1]
(cacf);21:16:04:177;193;29.07839965820312;69.0274658203125;92.88856506347656;[1]
(cacf);21:16:04:431;194;29.14079856872558;69.0274658203125;92.63440704345703;[1]
(cacf);21:16:04:679;195;29.14079856872558;69.0274658203125;92.69794464111328;[1]
(cacf);21:16:04:918;196;29.14079856872558;69.0274658203125;92.76148986816406;[1]
(cacf);21:16:05:158;197;29.07839965820312;69.0274658203125;92.88856506347656;[1]
(cacf);21:16:05:401;198;29.07839965820312;69.0274658203125;92.82502746582031;[1]
(cacf);21:16:05:645;199;29.07839965820312;69.0579833984375;92.88856506347656;[1]
(cacf);21:16:05:890;200;29.07839965820312;69.0274658203125;92.95210266113281;[1]
(cacf);21:16:06:133;201;29.14079856872558;69.0274658203125;92.76148986816406;[1]
(cacf);21:16:06:377;202;29.14079856872558;69.0274658203125;93.01564025878906;[1]
(cacf);21:16:06:622;203;29.14079856872558;69.0274658203125;92.88856506347656;[1]
(cacf);21:16:06:874;204;29.14079856872558;69.0274658203125;92.76148986816406;[1]
(cacf);21:16:07:120;205;29.14079856872558;69.0274658203125;92.95210266113281;[1]
(cacf);21:16:07:364;206;29.14079856872558;69.0274658203125;92.76148986816406;[1]
(cacf);21:16:07:607;207;29.14079856872558;69.0274658203125;92.88856506347656;[1]
(cacf);21:16:07:852;208;29.07839965820312;69.0274658203125;92.76148986816406;[1]
(cacf);21:16:08:95;209;29.14079856872558;69.0274658203125;92.88856506347656;[1]
(cacf);21:16:08:338;210;29.14079856872558;69.0274658203125;92.88856506347656;[1]
(cacf);21:16:08:578;211;29.14079856872558;69.0274658203125;92.88856506347656;[1]
(cacf);21:16:08:822;212;29.14079856872558;69.0274658203125;92.76148986816406;[1]
(cacf);21:16:09:66;213;29.07839965820312;69.0274658203125;92.76148986816406;[1]
(cacf);21:16:09:318;214;29.14079856872558;68.9969482421875;93.01564025878906;[1]
(cacf);21:16:09:564;215;29.14079856872558;68.9969482421875;92.88856506347656;[1]
(cacf);21:16:09:813;216;29.14079856872558;68.9969482421875;92.76148986816406;[1]
(cacf);21:16:10:61;217;29.14079856872558;68.9969482421875;92.88856506347656;[1]
(cacf);21:16:10:311;218;29.14079856872558;68.9969482421875;92.95210266113281;[1]
(cacf);21:16:10:560;219;29.14079856872558;68.9969482421875;92.88856506347656;[1]
(cacf);21:16:10:809;220;29.14079856872558;68.9969482421875;92.88856506347656;[1]
(cacf);21:16:11:57;221;29.14079856872558;68.9969482421875;93.01564025878906;[1]
(cacf);21:16:11:306;222;29.14079856872558;68.9969482421875;92.69794464111328;[1]
(cacf);21:16:11:555;223;29.14079856872558;68.9969482421875;92.82502746582031;[1]
(cacf);21:16:11:808;224;29.14079856872558;68.9969482421875;92.63440704345703;[1]
(cacf);21:16:12:58;225;29.14079856872558;68.9969482421875;92.82502746582031;[1]
(cacf);21:16:12:305;226;29.14079856872558;68.9969482421875;93.01564025878906;[1]
(cacf);21:16:12:554;227;29.14079856872558;69.03509521484375;92.69794464111328;[1]
(cacf);21:16:12:799;228;29.14079856872558;68.9969482421875;92.63440704345703;[1]
(cacf);21:16:13:46;229;29.14079856872558;68.9969482421875;92.88856506347656;[1]
(cacf);21:16:13:290;230;29.14079856872558;68.9969482421875;92.76148986816406;[1]
(cacf);21:16:13:535;231;29.14079856872558;69.03509521484375;92.88856506347656;[1]
(cacf);21:16:13:779;232;29.14079856872558;68.9969482421875;92.88856506347656;[1]
(cacf);21:16:14:33;233;29.14079856872558;68.9969482421875;92.76148986816406;[1]
(cacf);21:16:14:282;234;29.14079856872558;68.9969482421875;92.88856506347656;[1]
(cacf);21:16:14:532;235;29.20319938659667;68.9969482421875;92.88856506347656;[1]
(cacf);21:16:14:780;236;29.14079856872558;68.9969482421875;92.88856506347656;[1]
(cacf);21:16:15:28;237;29.14079856872558;68.9969482421875;92.88856506347656;[1]
(cacf);21:16:15:272;238;29.14079856872558;68.9969482421875;92.88856506347656;[1]
(cacf);21:16:15:521;239;29.14079856872558;68.9969482421875;92.76148986816406;[1]
(cacf);21:16:15:769;240;29.14079856872558;69.03509521484375;92.82502746582031;[1]
(cacf);21:16:16:14;241;29.14079856872558;68.9969482421875;92.88856506347656;[1]
(cacf);21:16:16:263;242;29.14079856872558;69.03509521484375;92.88856506347656;[1]
(cacf);21:16:16:516;243;29.07839965820312;68.9969482421875;92.76148986816406;[1]
(cacf);21:16:16:760;244;29.14079856872558;68.9969482421875;92.76148986816406;[1]
(cacf);21:16:17:11;245;29.07839965820312;69.03509521484375;92.76148986816406;[1]
(cacf);21:16:17:259;246;29.14079856872558;68.9969482421875;92.88856506347656;[1]
(cacf);21:16:17:508;247;29.14079856872558;69.03509521484375;92.88856506347656;[1]
(cacf);21:16:17:757;248;29.14079856872558;68.9969482421875;92.88856506347656;[1]
(cacf);21:16:18:5;249;29.20319938659667;69.03509521484375;92.88856506347656;[1]
(cacf);21:16:18:254;250;29.14079856872558;68.9969482421875;93.01564025878906;[1]
(cacf);21:16:18:503;251;29.14079856872558;68.9969482421875;92.88856506347656;[1]
(cacf);21:16:18:751;252;29.14079856872558;68.9969482421875;92.88856506347656;[1]
(cacf);21:16:19:7;253;29.14079856872558;69.03509521484375;92.82502746582031;[1]
(cacf);21:16:19:255;254;29.14079856872558;68.9969482421875;92.88856506347656;[1]
(cacf);21:16:19:502;255;29.14079856872558;68.9969482421875;93.01564025878906;[1]
(cacf);21:16:19:745;256;29.14079856872558;68.9969482421875;93.01564025878906;[1]
(cacf);21:16:19:990;257;29.14079856872558;68.9969482421875;92.88856506347656;[1]
(cacf);21:16:20:240;258;29.14079856872558;69.03509521484375;92.63440704345703;[1]
(cacf);21:16:20:488;259;29.14079856872558;68.9969482421875;93.01564025878906;[1]
(cacf);21:16:20:733;260;29.14079856872558;68.9969482421875;92.88856506347656;[1]
(cacf);21:16:20:982;261;29.14079856872558;69.03509521484375;92.88856506347656;[1]
(cacf);21:16:21:235;262;29.14079856872558;69.03509521484375;93.01564025878906;[1]
(cacf);21:16:21:485;263;29.07839965820312;69.03509521484375;92.88856506347656;[1]
(cacf);21:16:21:733;264;29.14079856872558;68.9969482421875;92.76148986816406;[1]
(cacf);21:16:21:983;265;29.14079856872558;68.9969482421875;92.76148986816406;[1]
(cacf);21:16:22:232;266;29.14079856872558;68.9969482421875;92.88856506347656;[1]
(cacf);21:16:22:480;267;29.14079856872558;68.9969482421875;92.69794464111328;[1]
(cacf);21:16:22:728;268;29.14079856872558;68.9969482421875;92.76148986816406;[1]
(cacf);21:16:22:972;269;29.14079856872558;69.03509521484375;92.82502746582031;[1]
(cacf);21:16:23:222;270;29.14079856872558;69.03509521484375;92.76148986816406;[1]
(cacf);21:16:23:470;271;29.14079856872558;69.03509521484375;92.76148986816406;[1]
(cacf);21:16:23:723;272;29.14079856872558;68.9969482421875;92.88856506347656;[1]
(cacf);21:16:23:967;273;29.14079856872558;69.03509521484375;92.88856506347656;[1]
(cacf);21:16:24:211;274;29.14079856872558;69.03509521484375;92.88856506347656;[1]
(cacf);21:16:24:461;275;29.14079856872558;69.03509521484375;92.88856506347656;[1]
(cacf);21:16:24:709;276;29.14079856872558;68.9969482421875;92.88856506347656;[1]
(cacf);21:16:24:960;277;29.14079856872558;69.03509521484375;92.88856506347656;[1]
(cacf);21:16:25:208;278;29.07839965820312;69.03509521484375;92.88856506347656;[1]
(cacf);21:16:25:457;279;29.14079856872558;69.03509521484375;92.76148986816406;[1]
(cacf);21:16:25:706;280;29.14079856872558;69.03509521484375;92.88856506347656;[1]
(cacf);21:16:25:959;281;29.14079856872558;69.03509521484375;92.88856506347656;[1]
(cacf);21:16:26:208;282;29.14079856872558;69.03509521484375;92.88856506347656;[1]
(cacf);21:16:26:456;283;29.14079856872558;69.03509521484375;92.88856506347656;[1]
(cacf);21:16:26:705;284;29.14079856872558;69.03509521484375;93.01564025878906;[1]
(cacf);21:16:26:949;285;29.20319938659667;69.03509521484375;92.69794464111328;[1]
(cacf);21:16:27:193;286;29.14079856872558;69.03509521484375;92.76148986816406;[1]
(cacf);21:16:27:438;287;29.14079856872558;69.03509521484375;92.76148986816406;[1]
(cacf);21:16:27:685;288;29.14079856872558;69.03509521484375;92.88856506347656;[1]
(cacf);21:16:27:929;289;29.14079856872558;69.03509521484375;92.76148986816406;[1]
(cacf);21:16:28:173;290;29.14079856872558;69.03509521484375;92.82502746582031;[1]
(cacf);21:16:28:422;291;29.14079856872558;69.03509521484375;92.88856506347656;[1]
(cacf);21:16:28:667;292;29.14079856872558;69.03509521484375;92.88856506347656;[1]
(cacf);21:16:28:914;293;29.14079856872558;69.03509521484375;93.01564025878906;[1]
(cacf);21:16:29:160;294;29.14079856872558;69.03509521484375;92.88856506347656;[1]
(cacf);21:16:29:409;295;29.14079856872558;69.03509521484375;92.88856506347656;[1]
(cacf);21:16:29:658;296;29.14079856872558;69.03509521484375;92.88856506347656;[1]
(cacf);21:16:29:906;297;29.14079856872558;69.03509521484375;92.88856506347656;[1]
(cacf);21:16:30:155;298;29.14079856872558;69.03509521484375;93.01564025878906;[1]
(cacf);21:16:30:398;299;29.14079856872558;69.03509521484375;92.88856506347656;[1]
(cacf);21:16:30:643;300;29.14079856872558;69.03509521484375;92.88856506347656;[1]
(cacf);21:16:30:898;301;29.14079856872558;69.03509521484375;92.88856506347656;[1]
(cacf);21:16:31:146;302;29.14079856872558;69.03509521484375;92.88856506347656;[1]
(cacf);21:16:31:396;303;29.14079856872558;69.03509521484375;92.88856506347656;[1]
(cacf);21:16:31:645;304;29.20319938659667;69.03509521484375;92.88856506347656;[1]
(cacf);21:16:31:893;305;29.14079856872558;69.03509521484375;92.76148986816406;[1]
(cacf);21:16:32:142;306;29.14079856872558;69.03509521484375;92.76148986816406;[1]
(cacf);21:16:32:389;307;29.14079856872558;69.03509521484375;93.01564025878906;[1]
(cacf);21:16:32:634;308;29.14079856872558;69.03509521484375;92.88856506347656;[1]
(cacf);21:16:32:884;309;29.14079856872558;69.03509521484375;92.76148986816406;[1]
(cacf);21:16:33:138;310;29.14079856872558;69.03509521484375;92.88856506347656;[1]
(cacf);21:16:33:385;311;29.20319938659667;69.03509521484375;92.88856506347656;[1]
(cacf);21:16:33:628;312;29.14079856872558;69.03509521484375;93.01564025878906;[1]
(cacf);21:16:33:874;313;29.14079856872558;69.03509521484375;92.88856506347656;[1]
(cacf);21:16:34:121;314;29.20319938659667;69.03509521484375;93.01564025878906;[1]
(cacf);21:16:34:366;315;29.20319938659667;69.00457763671875;92.88856506347656;[1]
(cacf);21:16:34:617;316;29.14079856872558;69.03509521484375;92.88856506347656;[1]
(cacf);21:16:34:860;317;29.14079856872558;69.00457763671875;92.88856506347656;[1]
(cacf);21:16:35:104;318;29.14079856872558;69.00457763671875;92.76148986816406;[1]
(cacf);21:16:35:348;319;29.20319938659667;69.00457763671875;92.88856506347656;[1]
(cacf);21:16:35:597;320;29.14079856872558;69.00457763671875;92.88856506347656;[1]
(cacf);21:16:35:841;321;29.14079856872558;69.00457763671875;92.76148986816406;[1]
(cacf);21:16:36:84;322;29.14079856872558;69.00457763671875;92.63440704345703;[1]
(cacf);21:16:36:328;323;29.14079856872558;69.00457763671875;92.88856506347656;[1]
(cacf);21:16:36:578;324;29.14079856872558;69.00457763671875;92.88856506347656;[1]
(cacf);21:16:36:821;325;29.14079856872558;69.00457763671875;92.95210266113281;[1]
(cacf);21:16:37:64;326;29.20319938659667;69.00457763671875;92.76148986816406;[1]
(cacf);21:16:37:307;327;29.14079856872558;69.00457763671875;92.88856506347656;[1]
(cacf);21:16:37:546;328;29.14079856872558;69.00457763671875;92.88856506347656;[1]
(cacf);21:16:37:789;329;29.14079856872558;69.00457763671875;92.88856506347656;[1]
(cacf);21:16:38:29;330;29.14079856872558;69.00457763671875;92.76148986816406;[1]
(cacf);21:16:38:268;331;29.20319938659667;69.00457763671875;92.76148986816406;[1]
(cacf);21:16:38:507;332;29.14079856872558;69.00457763671875;93.01564025878906;[1]
(cacf);21:16:38:750;333;29.14079856872558;69.00457763671875;93.01564025878906;[1]
(cacf);21:16:38:996;334;29.14079856872558;69.00457763671875;92.76148986816406;[1]
(cacf);21:16:39:244;335;29.14079856872558;69.00457763671875;92.88856506347656;[1]
(cacf);21:16:39:489;336;29.14079856872558;69.00457763671875;92.82502746582031;[1]
(cacf);21:16:39:732;337;29.20319938659667;69.00457763671875;92.88856506347656;[1]
(cacf);21:16:39:975;338;29.14079856872558;69.00457763671875;92.76148986816406;[1]
(cacf);21:16:40:223;339;29.20319938659667;68.97406005859375;92.69794464111328;[1]
(cacf);21:16:40:469;340;29.20319938659667;68.97406005859375;92.88856506347656;[1]
(cacf);21:16:40:718;341;29.14079856872558;68.97406005859375;92.88856506347656;[1]
(cacf);21:16:40:965;342;29.14079856872558;68.97406005859375;93.01564025878906;[1]
(cacf);21:16:41:210;343;29.14079856872558;68.97406005859375;92.69794464111328;[1]
(cacf);21:16:41:454;344;29.14079856872558;68.97406005859375;92.82502746582031;[1]
(cacf);21:16:41:698;345;29.14079856872558;68.97406005859375;92.76148986816406;[1]
(cacf);21:16:41:949;346;29.20319938659667;68.97406005859375;92.88856506347656;[1]
(cacf);21:16:42:197;347;29.14079856872558;68.97406005859375;92.82502746582031;[1]
(cacf);21:16:42:445;348;29.20319938659667;68.97406005859375;93.01564025878906;[1]
(cacf);21:16:42:699;349;29.20319938659667;68.97406005859375;92.88856506347656;[1]
(cacf);21:16:42:948;350;29.20319938659667;68.97406005859375;93.01564025878906;[1]
(cacf);21:16:43:196;351;29.20319938659667;68.97406005859375;92.88856506347656;[1]
(cacf);21:16:43:446;352;29.20319938659667;68.97406005859375;92.88856506347656;[1]
(cacf);21:16:43:689;353;29.14079856872558;68.951171875;92.88856506347656;[1]
(cacf);21:16:43:933;354;29.20319938659667;68.97406005859375;92.76148986816406;[1]
(cacf);21:16:44:183;355;29.14079856872558;68.951171875;92.76148986816406;[1]
(cacf);21:16:44:431;356;29.20319938659667;68.951171875;93.01564025878906;[1]
(cacf);21:16:44:675;357;29.20319938659667;68.951171875;92.76148986816406;[1]
(cacf);21:16:44:923;358;29.14079856872558;68.951171875;93.01564025878906;[1]
(cacf);21:16:45:167;359;29.20319938659667;68.951171875;92.76148986816406;[1]
(cacf);21:16:45:411;360;29.14079856872558;68.951171875;92.76148986816406;[1]
(cacf);21:16:45:655;361;29.14079856872558;68.951171875;92.88856506347656;[1]
(cacf);21:16:45:900;362;29.14079856872558;68.951171875;92.76148986816406;[1]
(cacf);21:16:46:140;363;29.20319938659667;68.951171875;92.88856506347656;[1]
(cacf);21:16:46:384;364;29.20319938659667;68.951171875;92.88856506347656;[1]
(cacf);21:16:46:627;365;29.14079856872558;68.951171875;92.82502746582031;[1]
(cacf);21:16:46:871;366;29.14079856872558;68.951171875;92.76148986816406;[1]
(cacf);21:16:47:114;367;29.14079856872558;68.951171875;92.88856506347656;[1]
(cacf);21:16:47:357;368;29.20319938659667;68.951171875;92.76148986816406;[1]
(cacf);21:16:47:602;369;29.20319938659667;68.951171875;93.01564025878906;[1]
(cacf);21:16:47:845;370;29.20319938659667;68.951171875;92.76148986816406;[1]
(cacf);21:16:48:90;371;29.14079856872558;68.951171875;92.69794464111328;[1]
(cacf);21:16:48:340;372;29.20319938659667;68.951171875;92.76148986816406;[1]
(cacf);21:16:48:588;373;29.14079856872558;68.951171875;92.88856506347656;[1]
(cacf);21:16:48:836;374;29.20319938659667;68.951171875;92.76148986816406;[1]
(cacf);21:16:49:81;375;29.20319938659667;68.951171875;92.88856506347656;[1]
(cacf);21:16:49:331;376;29.20319938659667;68.951171875;92.82502746582031;[1]
(cacf);21:16:49:575;377;29.14079856872558;68.951171875;92.88856506347656;[1]
(cacf);21:16:49:828;378;29.20319938659667;68.920654296875;92.88856506347656;[1]
(cacf);21:16:50:77;379;29.14079856872558;68.920654296875;92.88856506347656;[1]
(cacf);21:16:50:327;380;29.20319938659667;68.951171875;92.88856506347656;[1]
(cacf);21:16:50:576;381;29.14079856872558;68.920654296875;92.88856506347656;[1]
(cacf);21:16:50:824;382;29.20319938659667;68.920654296875;92.76148986816406;[1]
(cacf);21:16:51:73;383;29.14079856872558;68.920654296875;92.88856506347656;[1]
(cacf);21:16:51:322;384;29.20319938659667;68.920654296875;92.76148986816406;[1]
(cacf);21:16:51:571;385;29.14079856872558;68.920654296875;92.88856506347656;[1]
(cacf);21:16:51:819;386;29.14079856872558;68.920654296875;92.76148986816406;[1]
(cacf);21:16:52:67;387;29.20319938659667;68.920654296875;92.76148986816406;[1]
(cacf);21:16:52:316;388;29.20319938659667;68.920654296875;92.76148986816406;[1]
(cacf);21:16:52:565;389;29.20319938659667;68.920654296875;92.88856506347656;[1]
(cacf);21:16:52:810;390;29.20319938659667;68.920654296875;92.88856506347656;[1]
(cacf);21:16:53:58;391;29.14079856872558;68.920654296875;92.88856506347656;[1]
(cacf);21:16:53:301;392;29.14079856872558;68.920654296875;92.76148986816406;[1]
(cacf);21:16:53:544;393;29.20319938659667;68.920654296875;93.01564025878906;[1]
(cacf);21:16:53:790;394;29.20319938659667;68.920654296875;92.76148986816406;[1]
(cacf);21:16:54:34;395;29.20319938659667;68.920654296875;92.88856506347656;[1]
(cacf);21:16:54:278;396;29.20319938659667;68.920654296875;93.01564025878906;[1]
(cacf);21:16:54:521;397;29.20319938659667;68.920654296875;92.88856506347656;[1]
(cacf);21:16:54:765;398;29.20319938659667;68.920654296875;92.88856506347656;[1]
(cacf);21:16:55:9;399;29.20319938659667;68.920654296875;92.76148986816406;[1]
(cacf);21:16:55:253;400;29.20319938659667;68.920654296875;92.82502746582031;[1]
(cacf);21:16:55:498;401;29.20319938659667;68.920654296875;92.76148986816406;[1]
(cacf);21:16:55:746;402;29.14079856872558;68.920654296875;92.88856506347656;[1]
(cacf);21:16:55:990;403;29.26559829711914;68.920654296875;92.88856506347656;[1]
(cacf);21:16:56:229;404;29.20319938659667;68.89013671875;92.88856506347656;[1]
(cacf);21:16:56:469;405;29.20319938659667;68.89013671875;92.63440704345703;[1]
(cacf);21:16:56:717;406;29.20319938659667;68.89013671875;92.76148986816406;[1]
(cacf);21:16:56:962;407;29.20319938659667;68.89013671875;92.88856506347656;[1]
(cacf);21:16:57:215;408;29.20319938659667;68.89013671875;92.88856506347656;[1]
(cacf);21:16:57:458;409;29.20319938659667;68.89013671875;93.01564025878906;[1]
(cacf);21:16:57:704;410;29.20319938659667;68.89013671875;92.76148986816406;[1]
(cacf);21:16:57:952;411;29.20319938659667;68.89013671875;92.88856506347656;[1]
(cacf);21:16:58:196;412;29.20319938659667;68.89013671875;93.01564025878906;[1]
(cacf);21:16:58:439;413;29.20319938659667;68.89013671875;92.76148986816406;[1]
(cacf);21:16:58:684;414;29.14079856872558;68.89013671875;92.82502746582031;[1]
(cacf);21:16:58:926;415;29.20319938659667;68.89013671875;92.76148986816406;[1]
(cacf);21:16:59:166;416;29.20319938659667;68.89013671875;92.76148986816406;[1]
(cacf);21:16:59:415;417;29.20319938659667;68.89013671875;92.88856506347656;[1]
(cacf);21:16:59:665;418;29.20319938659667;68.89013671875;92.76148986816406;[1]
(cacf);21:16:59:913;419;29.20319938659667;68.89013671875;92.88856506347656;[1]
(cacf);21:17:00:161;420;29.20319938659667;68.89013671875;92.76148986816406;[1]
(cacf);21:17:00:405;421;29.20319938659667;68.89013671875;92.76148986816406;[1]
(cacf);21:17:00:649;422;29.20319938659667;68.89013671875;92.88856506347656;[1]
(cacf);21:17:00:893;423;29.20319938659667;68.89013671875;92.88856506347656;[1]
(cacf);21:17:01:137;424;29.20319938659667;68.89013671875;92.88856506347656;[1]
(cacf);21:17:01:381;425;29.20319938659667;68.89013671875;93.01564025878906;[1]
(cacf);21:17:01:625;426;29.20319938659667;68.89013671875;93.01564025878906;[1]
(cacf);21:17:01:875;427;29.20319938659667;68.89013671875;92.88856506347656;[1]
(cacf);21:17:02:125;428;29.20319938659667;68.89013671875;92.88856506347656;[1]
(cacf);21:17:02:373;429;29.20319938659667;68.89013671875;92.88856506347656;[1]
(cacf);21:17:02:621;430;29.20319938659667;68.89013671875;93.01564025878906;[1]
(cacf);21:17:02:864;431;29.20319938659667;68.89013671875;92.88856506347656;[1]
(cacf);21:17:03:108;432;29.20319938659667;68.89013671875;92.88856506347656;[1]
(cacf);21:17:03:353;433;29.20319938659667;68.89013671875;92.88856506347656;[1]
(cacf);21:17:03:597;434;29.20319938659667;68.89013671875;92.88856506347656;[1]
(cacf);21:17:03:845;435;29.20319938659667;68.89013671875;92.76148986816406;[1]
(cacf);21:17:04:89;436;29.20319938659667;68.89013671875;92.88856506347656;[1]
(cacf);21:17:04:334;437;29.20319938659667;68.89013671875;92.88856506347656;[1]
(cacf);21:17:04:582;438;29.20319938659667;68.89013671875;92.76148986816406;[1]
(cacf);21:17:04:822;439;29.20319938659667;68.89013671875;92.88856506347656;[1]
(cacf);21:17:05:71;440;29.20319938659667;68.89013671875;92.88856506347656;[1]
(cacf);21:17:05:320;441;29.20319938659667;68.89013671875;92.88856506347656;[1]
(cacf);21:17:05:568;442;29.20319938659667;68.89013671875;92.88856506347656;[1]
(cacf);21:17:05:813;443;29.20319938659667;68.89013671875;92.88856506347656;[1]
(cacf);21:17:06:61;444;29.20319938659667;68.89013671875;92.88856506347656;[1]
(cacf);21:17:06:311;445;29.20319938659667;68.89013671875;92.88856506347656;[1]
(cacf);21:17:06:560;446;29.20319938659667;68.859619140625;92.88856506347656;[1]
(cacf);21:17:06:813;447;29.20319938659667;68.89013671875;92.76148986816406;[1]
(cacf);21:17:07:63;448;29.20319938659667;68.89013671875;92.88856506347656;[1]
(cacf);21:17:07:311;449;29.20319938659667;68.89013671875;93.01564025878906;[1]
(cacf);21:17:07:560;450;29.20319938659667;68.89013671875;92.76148986816406;[1]
(cacf);21:17:07:804;451;29.20319938659667;68.859619140625;92.76148986816406;[1]
(cacf);21:17:08:51;452;29.20319938659667;68.859619140625;93.01564025878906;[1]
(cacf);21:17:08:296;453;29.20319938659667;68.859619140625;92.88856506347656;[1]
(cacf);21:17:08:540;454;29.20319938659667;68.89013671875;92.88856506347656;[1]
(cacf);21:17:08:790;455;29.20319938659667;68.859619140625;92.88856506347656;[1]
(cacf);21:17:09:44;456;29.20319938659667;68.859619140625;92.88856506347656;[1]
(cacf);21:17:09:292;457;29.20319938659667;68.859619140625;92.63440704345703;[1]
(cacf);21:17:09:536;458;29.20319938659667;68.859619140625;92.76148986816406;[1]
(cacf);21:17:09:784;459;29.26559829711914;68.859619140625;92.88856506347656;[1]
(cacf);21:17:10:29;460;29.20319938659667;68.859619140625;92.88856506347656;[1]
(cacf);21:17:10:279;461;29.20319938659667;68.859619140625;92.88856506347656;[1]
(cacf);21:17:10:522;462;29.20319938659667;68.859619140625;92.88856506347656;[1]
(cacf);21:17:10:766;463;29.20319938659667;68.859619140625;92.88856506347656;[1]
(cacf);21:17:11:16;464;29.26559829711914;68.859619140625;92.88856506347656;[1]
(cacf);21:17:11:264;465;29.20319938659667;68.859619140625;92.88856506347656;[1]
(cacf);21:17:11:517;466;29.20319938659667;68.859619140625;92.76148986816406;[1]
(cacf);21:17:11:761;467;29.20319938659667;68.859619140625;92.88856506347656;[1]
(cacf);21:17:12:5;468;29.20319938659667;68.859619140625;92.88856506347656;[1]
(cacf);21:17:12:255;469;29.26559829711914;68.859619140625;92.76148986816406;[1]
(cacf);21:17:12:504;470;29.26559829711914;68.859619140625;92.88856506347656;[1]
(cacf);21:17:12:753;471;29.20319938659667;68.859619140625;92.88856506347656;[1]
(cacf);21:17:13:1;472;29.20319938659667;68.859619140625;92.88856506347656;[1]
(cacf);21:17:13:244;473;29.26559829711914;68.859619140625;92.88856506347656;[1]
(cacf);21:17:13:484;474;29.20319938659667;68.859619140625;92.88856506347656;[1]
(cacf);21:17:13:732;475;29.26559829711914;68.859619140625;92.76148986816406;[1]
(cacf);21:17:13:988;476;29.20319938659667;68.859619140625;92.88856506347656;[1]
(cacf);21:17:14:237;477;29.26559829711914;68.859619140625;92.76148986816406;[1]
(cacf);21:17:14:485;478;29.20319938659667;68.859619140625;92.88856506347656;[1]
(cacf);21:17:14:734;479;29.20319938659667;68.859619140625;92.88856506347656;[1]
(cacf);21:17:14:981;480;29.26559829711914;68.859619140625;92.76148986816406;[1]
(cacf);21:17:15:225;481;29.20319938659667;68.859619140625;93.01564025878906;[1]
(cacf);21:17:15:470;482;29.20319938659667;68.859619140625;92.88856506347656;[1]
(cacf);21:17:15:718;483;29.20319938659667;68.859619140625;92.88856506347656;[1]
(cacf);21:17:15:962;484;29.20319938659667;68.859619140625;92.88856506347656;[1]
(cacf);21:17:16:201;485;29.20319938659667;68.859619140625;92.88856506347656;[1]
(cacf);21:17:16:446;486;29.26559829711914;68.859619140625;92.88856506347656;[1]
(cacf);21:17:16:693;487;29.26559829711914;68.859619140625;93.01564025878906;[1]
(cacf);21:17:16:939;488;29.20319938659667;68.859619140625;92.95210266113281;[1]
(cacf);21:17:17:189;489;29.26559829711914;68.859619140625;92.88856506347656;[1]
(cacf);21:17:17:437;490;29.20319938659667;68.859619140625;92.88856506347656;[1]
(cacf);21:17:17:686;491;29.26559829711914;68.859619140625;92.76148986816406;[1]
(cacf);21:17:17:934;492;29.20319938659667;68.859619140625;92.76148986816406;[1]
(cacf);21:17:18:179;493;29.26559829711914;68.859619140625;92.88856506347656;[1]
(cacf);21:17:18:427;494;29.20319938659667;68.859619140625;92.76148986816406;[1]
(cacf);21:17:18:676;495;29.26559829711914;68.859619140625;92.76148986816406;[1]
(cacf);21:17:18:920;496;29.20319938659667;68.859619140625;92.76148986816406;[1]
(cacf);21:17:19:165;497;29.26559829711914;68.859619140625;92.88856506347656;[1]
(cacf);21:17:19:409;498;29.20319938659667;68.859619140625;92.76148986816406;[1]
(cacf);21:17:19:657;499;29.20319938659667;68.859619140625;92.88856506347656;[1]
(cacf);21:17:19:905;500;29.26559829711914;68.859619140625;92.88856506347656;[1]
(cacf);21:17:20:150;501;29.20319938659667;68.859619140625;92.63440704345703;[1]
(cacf);21:17:20:397;502;29.20319938659667;68.859619140625;92.88856506347656;[1]
(cacf);21:17:20:641;503;29.26559829711914;68.859619140625;92.76148986816406;[1]
(cacf);21:17:20:885;504;29.26559829711914;68.859619140625;92.76148986816406;[1]
(cacf);21:17:21:135;505;29.26559829711914;68.859619140625;92.76148986816406;[1]
(cacf);21:17:21:384;506;29.26559829711914;68.859619140625;92.88856506347656;[1]
(cacf);21:17:21:629;507;29.20319938659667;68.859619140625;92.88856506347656;[1]
(cacf);21:17:21:877;508;29.20319938659667;68.859619140625;92.88856506347656;[1]
(cacf);21:17:22:121;509;29.20319938659667;68.859619140625;92.88856506347656;[1]
(cacf);21:17:22:369;510;29.20319938659667;68.859619140625;92.88856506347656;[1]
(cacf);21:17:22:608;511;29.26559829711914;68.859619140625;92.76148986816406;[1]
(cacf);21:17:22:848;512;29.26559829711914;68.859619140625;92.88856506347656;[1]
(cacf);21:17:23:96;513;29.26559829711914;68.859619140625;92.76148986816406;[1]
(cacf);21:17:23:340;514;29.26559829711914;68.859619140625;92.76148986816406;[1]
(cacf);21:17:23:589;515;29.26559829711914;68.859619140625;92.88856506347656;[1]
(cacf);21:17:23:839;516;29.26559829711914;68.859619140625;92.88856506347656;[1]
(cacf);21:17:24:86;517;29.26559829711914;68.859619140625;92.88856506347656;[1]
(cacf);21:17:24:331;518;29.20319938659667;68.859619140625;92.88856506347656;[1]
(cacf);21:17:24:575;519;29.26559829711914;68.80621337890625;92.76148986816406;[1]
(cacf);21:17:24:825;520;29.26559829711914;68.859619140625;92.88856506347656;[1]
(cacf);21:17:25:74;521;29.26559829711914;68.80621337890625;92.76148986816406;[1]
(cacf);21:17:25:322;522;29.26559829711914;68.80621337890625;92.76148986816406;[1]
(cacf);21:17:25:566;523;29.26559829711914;68.80621337890625;92.76148986816406;[1]
(cacf);21:17:25:814;524;29.26559829711914;68.80621337890625;92.76148986816406;[1]
(cacf);21:17:26:64;525;29.26559829711914;68.80621337890625;92.76148986816406;[1]
(cacf);21:17:26:312;526;29.26559829711914;68.80621337890625;92.88856506347656;[1]
(cacf);21:17:26:562;527;29.26559829711914;68.80621337890625;92.76148986816406;[1]
(cacf);21:17:26:810;528;29.26559829711914;68.80621337890625;92.88856506347656;[1]
(cacf);21:17:27:61;529;29.26559829711914;68.80621337890625;92.88856506347656;[1]
(cacf);21:17:27:309;530;29.20319938659667;68.80621337890625;92.82502746582031;[1]
(cacf);21:17:27:558;531;29.26559829711914;68.80621337890625;92.88856506347656;[1]
(cacf);21:17:27:805;532;29.26559829711914;68.80621337890625;92.88856506347656;[1]
(cacf);21:17:28:49;533;29.26559829711914;68.80621337890625;92.76148986816406;[1]
(cacf);21:17:28:298;534;29.26559829711914;68.80621337890625;92.88856506347656;[1]
(cacf);21:17:28:541;535;29.26559829711914;68.80621337890625;93.01564025878906;[1]
(cacf);21:17:28:785;536;29.26559829711914;68.80621337890625;93.01564025878906;[1]
(cacf);21:17:29:30;537;29.26559829711914;68.80621337890625;92.88856506347656;[1]
(cacf);21:17:29:274;538;29.26559829711914;68.80621337890625;92.76148986816406;[1]
(cacf);21:17:29:519;539;29.26559829711914;68.80621337890625;92.88856506347656;[1]
(cacf);21:17:29:768;540;29.20319938659667;68.80621337890625;92.88856506347656;[1]
(cacf);21:17:30:17;541;29.26559829711914;68.80621337890625;92.76148986816406;[1]
(cacf);21:17:30:266;542;29.26559829711914;68.80621337890625;92.88856506347656;[1]
(cacf);21:17:30:513;543;29.26559829711914;68.77569580078125;92.76148986816406;[1]
(cacf);21:17:30:762;544;29.26559829711914;68.77569580078125;92.88856506347656;[1]
(cacf);21:17:31:5;545;29.26559829711914;68.77569580078125;93.01564025878906;[1]
(cacf);21:17:31:250;546;29.26559829711914;68.77569580078125;92.76148986816406;[1]
(cacf);21:17:31:495;547;29.26559829711914;68.77569580078125;92.88856506347656;[1]
(cacf);21:17:31:744;548;29.26559829711914;68.77569580078125;92.88856506347656;[1]
(cacf);21:17:31:992;549;29.26559829711914;68.77569580078125;92.88856506347656;[1]
(cacf);21:17:32:237;550;29.26559829711914;68.77569580078125;92.76148986816406;[1]
(cacf);21:17:32:486;551;29.26559829711914;68.77569580078125;93.01564025878906;[1]
(cacf);21:17:32:735;552;29.26559829711914;68.77569580078125;93.01564025878906;[1]
(cacf);21:17:32:984;553;29.26559829711914;68.77569580078125;92.76148986816406;[1]
(cacf);21:17:33:237;554;29.26559829711914;68.77569580078125;92.88856506347656;[1]
(cacf);21:17:33:481;555;29.26559829711914;68.77569580078125;92.76148986816406;[1]
(cacf);21:17:33:725;556;29.26559829711914;68.77569580078125;92.76148986816406;[1]
(cacf);21:17:33:970;557;29.26559829711914;68.77569580078125;92.76148986816406;[1]
(cacf);21:17:34:218;558;29.26559829711914;68.77569580078125;92.88856506347656;[1]
(cacf);21:17:34:468;559;29.26559829711914;68.77569580078125;92.88856506347656;[1]
(cacf);21:17:34:717;560;29.26559829711914;68.77569580078125;92.69794464111328;[1]
(cacf);21:17:34:965;561;29.26559829711914;68.77569580078125;92.76148986816406;[1]
(cacf);21:17:35:213;562;29.26559829711914;68.7528076171875;92.63440704345703;[1]
(cacf);21:17:35:468;563;29.26559829711914;68.7528076171875;92.88856506347656;[1]
(cacf);21:17:35:717;564;29.26559829711914;68.7528076171875;92.76148986816406;[1]
(cacf);21:17:35:965;565;29.26559829711914;68.7528076171875;92.88856506347656;[1]
(cacf);21:17:36:215;566;29.26559829711914;68.7528076171875;92.88856506347656;[1]
(cacf);21:17:36:462;567;29.26559829711914;68.7528076171875;92.76148986816406;[1]
(cacf);21:17:36:707;568;29.26559829711914;68.7528076171875;92.88856506347656;[1]
(cacf);21:17:36:957;569;29.26559829711914;68.7528076171875;92.88856506347656;[1]
(cacf);21:17:37:205;570;29.26559829711914;68.7528076171875;92.76148986816406;[1]
(cacf);21:17:37:450;571;29.26559829711914;68.7528076171875;92.88856506347656;[1]
(cacf);21:17:37:698;572;29.26559829711914;68.7528076171875;92.88856506347656;[1]
(cacf);21:17:37:953;573;29.26559829711914;68.7528076171875;92.88856506347656;[1]
(cacf);21:17:38:201;574;29.26559829711914;68.7528076171875;92.76148986816406;[1]
(cacf);21:17:38:449;575;29.26559829711914;68.7528076171875;92.76148986816406;[1]
(cacf);21:17:38:694;576;29.26559829711914;68.7528076171875;92.88856506347656;[1]
(cacf);21:17:38:943;577;29.26559829711914;68.7528076171875;92.76148986816406;[1]
(cacf);21:17:39:192;578;29.26559829711914;68.7222900390625;92.88856506347656;[1]
(cacf);21:17:39:439;579;29.26559829711914;68.7222900390625;92.88856506347656;[1]
(cacf);21:17:39:683;580;29.26559829711914;68.7222900390625;92.76148986816406;[1]
(cacf);21:17:39:928;581;29.26559829711914;68.7222900390625;92.95210266113281;[1]
(cacf);21:17:40:172;582;29.26559829711914;68.7222900390625;92.88856506347656;[1]
(cacf);21:17:40:427;583;29.26559829711914;68.7222900390625;92.76148986816406;[1]
(cacf);21:17:40:676;584;29.26559829711914;68.7222900390625;92.88856506347656;[1]
(cacf);21:17:40:925;585;29.26559829711914;68.7222900390625;92.76148986816406;[1]
(cacf);21:17:41:174;586;29.26559829711914;68.7222900390625;92.88856506347656;[1]
(cacf);21:17:41:423;587;29.26559829711914;68.7222900390625;92.76148986816406;[1]
(cacf);21:17:41:672;588;29.26559829711914;68.7222900390625;92.88856506347656;[1]
(cacf);21:17:41:920;589;29.26559829711914;68.7222900390625;92.76148986816406;[1]
(cacf);21:17:42:168;590;29.26559829711914;68.7222900390625;92.76148986816406;[1]
(cacf);21:17:42:412;591;29.26559829711914;68.7222900390625;92.76148986816406;[1]
(cacf);21:17:42:662;592;29.32799911499023;68.7222900390625;92.76148986816406;[1]
(cacf);21:17:42:915;593;29.32799911499023;68.7222900390625;92.88856506347656;[1]
(cacf);21:17:43:163;594;29.26559829711914;68.7222900390625;92.76148986816406;[1]
(cacf);21:17:43:407;595;29.26559829711914;68.6917724609375;92.88856506347656;[1]
(cacf);21:17:43:651;596;29.26559829711914;68.7222900390625;92.88856506347656;[1]
(cacf);21:17:43:895;597;29.26559829711914;68.6917724609375;92.76148986816406;[1]
(cacf);21:17:44:140;598;29.26559829711914;68.6917724609375;92.76148986816406;[1]
(cacf);21:17:44:390;599;29.26559829711914;68.6917724609375;92.88856506347656;[1]
(cacf);21:17:44:639;600;29.26559829711914;68.6917724609375;92.76148986816406;[1]
(cacf);21:17:44:888;601;29.32799911499023;68.6917724609375;92.76148986816406;[1]
(cacf);21:17:45:141;602;29.26559829711914;68.6917724609375;92.88856506347656;[1]
(cacf);21:17:45:390;603;29.26559829711914;68.6917724609375;92.63440704345703;[1]
(cacf);21:17:45:638;604;29.26559829711914;68.6917724609375;92.88856506347656;[1]
(cacf);21:17:45:886;605;29.32799911499023;68.6917724609375;92.88856506347656;[1]
(cacf);21:17:46:130;606;29.26559829711914;68.6917724609375;92.63440704345703;[1]
(cacf);21:17:46:375;607;29.32799911499023;68.6917724609375;92.88856506347656;[1]
(cacf);21:17:46:625;608;29.26559829711914;68.6917724609375;92.88856506347656;[1]
(cacf);21:17:46:873;609;29.26559829711914;68.6917724609375;92.76148986816406;[1]
(cacf);21:17:47:120;610;29.26559829711914;68.6917724609375;92.88856506347656;[1]
(cacf);21:17:47:364;611;29.32799911499023;68.6917724609375;92.76148986816406;[1]
(cacf);21:17:47:613;612;29.26559829711914;68.6917724609375;92.88856506347656;[1]
(cacf);21:17:47:858;613;29.32799911499023;68.6917724609375;92.88856506347656;[1]
(cacf);21:17:48:108;614;29.26559829711914;68.6917724609375;92.88856506347656;[1]
(cacf);21:17:48:357;615;29.32799911499023;68.6917724609375;92.76148986816406;[1]
(cacf);21:17:48:605;616;29.32799911499023;68.6917724609375;92.76148986816406;[1]
(cacf);21:17:48:855;617;29.26559829711914;68.6917724609375;92.88856506347656;[1]
(cacf);21:17:49:104;618;29.26559829711914;68.6917724609375;92.88856506347656;[1]
(cacf);21:17:49:352;619;29.32799911499023;68.6917724609375;93.01564025878906;[1]
(cacf);21:17:49:601;620;29.26559829711914;68.6917724609375;92.63440704345703;[1]
(cacf);21:17:49:849;621;29.26559829711914;68.6917724609375;92.63440704345703;[1]
(cacf);21:17:50:98;622;29.32799911499023;68.6917724609375;92.76148986816406;[1]
(cacf);21:17:50:349;623;29.32799911499023;68.6917724609375;92.88856506347656;[1]
(cacf);21:17:50:597;624;29.32799911499023;68.6917724609375;92.88856506347656;[1]
(cacf);21:17:50:846;625;29.32799911499023;68.6917724609375;92.95210266113281;[1]
(cacf);21:17:51:94;626;29.32799911499023;68.6917724609375;92.76148986816406;[1]
(cacf);21:17:51:338;627;29.32799911499023;68.6917724609375;92.76148986816406;[1]
(cacf);21:17:51:586;628;29.32799911499023;68.6917724609375;92.88856506347656;[1]
(cacf);21:17:51:831;629;29.32799911499023;68.6917724609375;92.88856506347656;[1]
(cacf);21:17:52:81;630;29.32799911499023;68.6917724609375;92.76148986816406;[1]
(cacf);21:17:52:330;631;29.32799911499023;68.6917724609375;92.88856506347656;[1]
(cacf);21:17:52:583;632;29.32799911499023;68.6917724609375;92.76148986816406;[1]
(cacf);21:17:52:832;633;29.32799911499023;68.6917724609375;92.88856506347656;[1]
(cacf);21:17:53:80;634;29.32799911499023;68.6917724609375;92.76148986816406;[1]
(cacf);21:17:53:325;635;29.32799911499023;68.6917724609375;92.88856506347656;[1]
(cacf);21:17:53:573;636;29.32799911499023;68.6917724609375;92.88856506347656;[1]
(cacf);21:17:53:817;637;29.32799911499023;68.6917724609375;92.63440704345703;[1]
(cacf);21:17:54:67;638;29.32799911499023;68.6917724609375;92.76148986816406;[1]
(cacf);21:17:54:316;639;29.26559829711914;68.6917724609375;92.76148986816406;[1]
(cacf);21:17:54:564;640;29.32799911499023;68.6917724609375;92.88856506347656;[1]
(cacf);21:17:54:812;641;29.32799911499023;68.6917724609375;92.76148986816406;[1]
(cacf);21:17:55:61;642;29.32799911499023;68.6917724609375;93.07917785644531;[1]
(cacf);21:17:55:306;643;29.32799911499023;68.6917724609375;92.76148986816406;[1]
(cacf);21:17:55:554;644;29.32799911499023;68.6917724609375;92.76148986816406;[1]
(cacf);21:17:55:798;645;29.32799911499023;68.6917724609375;92.76148986816406;[1]
(cacf);21:17:56:49;646;29.32799911499023;68.6917724609375;92.88856506347656;[1]
(cacf);21:17:56:297;647;29.32799911499023;68.6917724609375;92.76148986816406;[1]
(cacf);21:17:56:546;648;29.32799911499023;68.6917724609375;92.95210266113281;[1]
(cacf);21:17:56:794;649;29.32799911499023;68.6917724609375;92.76148986816406;[1]
(cacf);21:17:57:44;650;29.32799911499023;68.6917724609375;92.95210266113281;[1]
(cacf);21:17:57:297;651;29.26559829711914;68.6917724609375;92.88856506347656;[1]
(cacf);21:17:57:547;652;29.32799911499023;68.6917724609375;92.88856506347656;[1]
(cacf);21:17:57:795;653;29.32799911499023;68.6917724609375;92.88856506347656;[1]
(cacf);21:17:58:45;654;29.32799911499023;68.6917724609375;92.95210266113281;[1]
(cacf);21:17:58:293;655;29.32799911499023;68.6917724609375;92.63440704345703;[1]
(cacf);21:17:58:542;656;29.32799911499023;68.6917724609375;92.76148986816406;[1]
(cacf);21:17:58:790;657;29.32799911499023;68.66888427734375;92.76148986816406;[1]
(cacf);21:17:59:35;658;29.26559829711914;68.66888427734375;92.88856506347656;[1]
(cacf);21:17:59:283;659;29.32799911499023;68.66888427734375;92.76148986816406;[1]
(cacf);21:17:59:528;660;29.32799911499023;68.66888427734375;92.88856506347656;[1]
(cacf);21:17:59:781;661;29.32799911499023;68.66888427734375;92.88856506347656;[1]
(cacf);21:18:00:31;662;29.32799911499023;68.66888427734375;92.88856506347656;[1]
(cacf);21:18:00:279;663;29.32799911499023;68.66888427734375;92.88856506347656;[1]
(cacf);21:18:00:529;664;29.26559829711914;68.66888427734375;92.88856506347656;[1]
(cacf);21:18:00:776;665;29.32799911499023;68.66888427734375;92.82502746582031;[1]
(cacf);21:18:01:25;666;29.32799911499023;68.66888427734375;93.01564025878906;[1]
(cacf);21:18:01:268;667;29.32799911499023;68.66888427734375;93.01564025878906;[1]
(cacf);21:18:01:513;668;29.32799911499023;68.66888427734375;92.88856506347656;[1]
(cacf);21:18:01:757;669;29.32799911499023;68.66888427734375;92.95210266113281;[1]
(cacf);21:18:02:0;670;29.32799911499023;68.66888427734375;92.76148986816406;[1]
(cacf);21:18:02:249;671;29.32799911499023;68.66888427734375;92.76148986816406;[1]
(cacf);21:18:02:493;672;29.32799911499023;68.66888427734375;92.76148986816406;[1]
(cacf);21:18:02:737;673;29.32799911499023;68.66888427734375;92.88856506347656;[1]
(cacf);21:18:02:981;674;29.32799911499023;68.66888427734375;92.82502746582031;[1]
(cacf);21:18:03:225;675;29.32799911499023;68.66888427734375;92.88856506347656;[1]
(cacf);21:18:03:469;676;29.32799911499023;68.66888427734375;92.88856506347656;[1]
(cacf);21:18:03:719;677;29.32799911499023;68.66888427734375;92.63440704345703;[1]
(cacf);21:18:03:967;678;29.32799911499023;68.63836669921875;92.76148986816406;[1]
(cacf);21:18:04:210;679;29.32799911499023;68.63836669921875;92.63440704345703;[1]
(cacf);21:18:04:454;680;29.26559829711914;68.63836669921875;92.76148986816406;[1]
(cacf);21:18:04:703;681;29.32799911499023;68.63836669921875;92.76148986816406;[1]
(cacf);21:18:04:946;682;29.32799911499023;68.63836669921875;93.01564025878906;[1]
(cacf);21:18:05:191;683;29.32799911499023;68.63836669921875;92.88856506347656;[1]
(cacf);21:18:05:436;684;29.32799911499023;68.63836669921875;92.88856506347656;[1]
(cacf);21:18:05:680;685;29.32799911499023;68.63836669921875;92.63440704345703;[1]
(cacf);21:18:05:925;686;29.32799911499023;68.63836669921875;92.76148986816406;[1]
(cacf);21:18:06:173;687;29.32799911499023;68.63836669921875;92.76148986816406;[1]
(cacf);21:18:06:417;688;29.32799911499023;68.63836669921875;92.76148986816406;[1]
(cacf);21:18:06:665;689;29.32799911499023;68.63836669921875;92.76148986816406;[1]
(cacf);21:18:06:914;690;29.32799911499023;68.63836669921875;92.63440704345703;[1]
(cacf);21:18:07:158;691;29.32799911499023;68.63836669921875;92.76148986816406;[1]
(cacf);21:18:07:402;692;29.32799911499023;68.63836669921875;92.76148986816406;[1]
(cacf);21:18:07:646;693;29.32799911499023;68.63836669921875;92.76148986816406;[1]
(cacf);21:18:07:890;694;29.32799911499023;68.60784912109375;92.76148986816406;[1]
(cacf);21:18:08:135;695;29.32799911499023;68.60784912109375;92.88856506347656;[1]
(cacf);21:18:08:382;696;29.32799911499023;68.60784912109375;92.88856506347656;[1]
(cacf);21:18:08:627;697;29.32799911499023;68.60784912109375;92.88856506347656;[1]
(cacf);21:18:08:870;698;29.32799911499023;68.60784912109375;93.01564025878906;[1]
(cacf);21:18:09:115;699;29.32799911499023;68.60784912109375;92.82502746582031;[1]
(cacf);21:18:09:368;700;29.39039993286132;68.60784912109375;92.76148986816406;[1]
(cacf);21:18:09:612;701;29.32799911499023;68.60784912109375;92.88856506347656;[1]
(cacf);21:18:09:856;702;29.32799911499023;68.60784912109375;92.76148986816406;[1]
(cacf);21:18:10:100;703;29.32799911499023;68.60784912109375;92.76148986816406;[1]
(cacf);21:18:10:345;704;29.32799911499023;68.60784912109375;92.88856506347656;[1]
(cacf);21:18:10:593;705;29.32799911499023;68.60784912109375;92.63440704345703;[1]
(cacf);21:18:10:838;706;29.32799911499023;68.60784912109375;92.76148986816406;[1]
(cacf);21:18:11:86;707;29.32799911499023;68.60784912109375;92.76148986816406;[1]
(cacf);21:18:11:331;708;29.32799911499023;68.60784912109375;92.76148986816406;[1]
(cacf);21:18:11:579;709;29.32799911499023;68.60784912109375;92.76148986816406;[1]
(cacf);21:18:11:828;710;29.32799911499023;68.5849609375;93.01564025878906;[1]
(cacf);21:18:12:71;711;29.32799911499023;68.5849609375;92.76148986816406;[1]
(cacf);21:18:12:316;712;29.32799911499023;68.5849609375;92.76148986816406;[1]
(cacf);21:18:12:555;713;29.39039993286132;68.5849609375;92.63440704345703;[1]
(cacf);21:18:12:798;714;29.26559829711914;68.5849609375;92.88856506347656;[1]
(cacf);21:18:13:42;715;29.32799911499023;68.615478515625;92.76148986816406;[1]
(cacf);21:18:13:286;716;29.32799911499023;68.5849609375;92.88856506347656;[1]
(cacf);21:18:13:530;717;29.32799911499023;68.5849609375;92.88856506347656;[1]
(cacf);21:18:13:774;718;29.32799911499023;68.5849609375;92.88856506347656;[1]
(cacf);21:18:14:22;719;29.32799911499023;68.5849609375;92.76148986816406;[1]
(cacf);21:18:14:267;720;29.32799911499023;68.615478515625;92.76148986816406;[1]
(cacf);21:18:14:517;721;29.32799911499023;68.615478515625;92.76148986816406;[1]
(cacf);21:18:14:766;722;29.32799911499023;68.615478515625;92.76148986816406;[1]
(cacf);21:18:15:14;723;29.32799911499023;68.5849609375;92.82502746582031;[1]
(cacf);21:18:15:258;724;29.32799911499023;68.615478515625;92.76148986816406;[1]
(cacf);21:18:15:501;725;29.39039993286132;68.5849609375;92.76148986816406;[1]
(cacf);21:18:15:740;726;29.32799911499023;68.615478515625;92.76148986816406;[1]
(cacf);21:18:15:984;727;29.32799911499023;68.554443359375;92.76148986816406;[1]
(cacf);21:18:16:228;728;29.32799911499023;68.59259033203125;92.76148986816406;[1]
(cacf);21:18:16:478;729;29.32799911499023;68.59259033203125;92.88856506347656;[1]
(cacf);21:18:16:728;730;29.32799911499023;68.554443359375;92.88856506347656;[1]
(cacf);21:18:16:976;731;29.32799911499023;68.554443359375;92.76148986816406;[1]
(cacf);21:18:17:225;732;29.32799911499023;68.554443359375;92.76148986816406;[1]
(cacf);21:18:17:473;733;29.32799911499023;68.554443359375;92.88856506347656;[1]
(cacf);21:18:17:717;734;29.39039993286132;68.554443359375;92.76148986816406;[1]
(cacf);21:18:17:962;735;29.32799911499023;68.59259033203125;92.76148986816406;[1]
(cacf);21:18:18:209;736;29.32799911499023;68.554443359375;92.88856506347656;[1]
(cacf);21:18:18:453;737;29.32799911499023;68.59259033203125;92.76148986816406;[1]
(cacf);21:18:18:698;738;29.32799911499023;68.554443359375;92.82502746582031;[1]
(cacf);21:18:18:952;739;29.32799911499023;68.59259033203125;92.63440704345703;[1]
(cacf);21:18:19:201;740;29.32799911499023;68.59259033203125;92.76148986816406;[1]
(cacf);21:18:19:450;741;29.32799911499023;68.59259033203125;92.88856506347656;[1]
(cacf);21:18:19:700;742;29.32799911499023;68.59259033203125;92.76148986816406;[1]
(cacf);21:18:19:948;743;29.32799911499023;68.59259033203125;92.76148986816406;[1]
(cacf);21:18:20:197;744;29.32799911499023;68.53155517578125;92.76148986816406;[1]
(cacf);21:18:20:445;745;29.32799911499023;68.53155517578125;92.76148986816406;[1]
(cacf);21:18:20:690;746;29.32799911499023;68.53155517578125;92.76148986816406;[1]
(cacf);21:18:20:938;747;29.32799911499023;68.53155517578125;92.88856506347656;[1]
(cacf);21:18:21:188;748;29.39039993286132;68.53155517578125;92.76148986816406;[1]
(cacf);21:18:21:442;749;29.32799911499023;68.53155517578125;92.76148986816406;[1]
(cacf);21:18:21:691;750;29.32799911499023;68.53155517578125;92.88856506347656;[1]
(cacf);21:18:21:939;751;29.32799911499023;68.53155517578125;92.76148986816406;[1]
(cacf);21:18:22:183;752;29.32799911499023;68.53155517578125;92.76148986816406;[1]
(cacf);21:18:22:431;753;29.32799911499023;68.53155517578125;92.82502746582031;[1]
(cacf);21:18:22:681;754;29.32799911499023;68.53155517578125;92.88856506347656;[1]
(cacf);21:18:22:929;755;29.32799911499023;68.53155517578125;92.88856506347656;[1]
(cacf);21:18:23:173;756;29.32799911499023;68.53155517578125;92.76148986816406;[1]
(cacf);21:18:23:417;757;29.32799911499023;68.53155517578125;92.88856506347656;[1]
(cacf);21:18:23:667;758;29.32799911499023;68.53155517578125;92.76148986816406;[1]
(cacf);21:18:23:920;759;29.32799911499023;68.53155517578125;92.76148986816406;[1]
(cacf);21:18:24:169;760;29.32799911499023;68.5086669921875;92.82502746582031;[1]
(cacf);21:18:24:417;761;29.32799911499023;68.5086669921875;92.88856506347656;[1]
(cacf);21:18:24:661;762;29.39039993286132;68.5086669921875;92.76148986816406;[1]
(cacf);21:18:24:905;763;29.32799911499023;68.5086669921875;92.88856506347656;[1]
(cacf);21:18:25:150;764;29.39039993286132;68.5086669921875;92.76148986816406;[1]
(cacf);21:18:25:395;765;29.32799911499023;68.5086669921875;92.82502746582031;[1]
(cacf);21:18:25:642;766;29.39039993286132;68.5086669921875;92.76148986816406;[1]
(cacf);21:18:25:887;767;29.39039993286132;68.5086669921875;92.76148986816406;[1]
(cacf);21:18:26:139;768;29.39039993286132;68.5086669921875;92.76148986816406;[1]
(cacf);21:18:26:384;769;29.39039993286132;68.5086669921875;92.95210266113281;[1]
(cacf);21:18:26:628;770;29.32799911499023;68.5086669921875;92.76148986816406;[1]
(cacf);21:18:26:873;771;29.32799911499023;68.5086669921875;92.76148986816406;[1]
(cacf);21:18:27:121;772;29.39039993286132;68.5086669921875;92.76148986816406;[1]
(cacf);21:18:27:365;773;29.39039993286132;68.5086669921875;92.76148986816406;[1]
(cacf);21:18:27:609;774;29.32799911499023;68.5086669921875;92.63440704345703;[1]
(cacf);21:18:27:857;775;29.32799911499023;68.5086669921875;92.76148986816406;[1]
(cacf);21:18:28:101;776;29.39039993286132;68.5086669921875;92.76148986816406;[1]
(cacf);21:18:28:346;777;29.32799911499023;68.5086669921875;92.95210266113281;[1]
(cacf);21:18:28:601;778;29.39039993286132;68.5086669921875;92.76148986816406;[1]
(cacf);21:18:28:848;779;29.32799911499023;68.5086669921875;92.76148986816406;[1]
(cacf);21:18:29:93;780;29.32799911499023;68.5086669921875;92.76148986816406;[1]
(cacf);21:18:29:342;781;29.32799911499023;68.5086669921875;92.69794464111328;[1]
(cacf);21:18:29:592;782;29.39039993286132;68.5086669921875;92.88856506347656;[1]
(cacf);21:18:29:839;783;29.39039993286132;68.5086669921875;93.01564025878906;[1]
(cacf);21:18:30:88;784;29.39039993286132;68.5086669921875;92.88856506347656;[1]
(cacf);21:18:30:338;785;29.32799911499023;68.5086669921875;92.76148986816406;[1]
(cacf);21:18:30:586;786;29.39039993286132;68.5086669921875;92.76148986816406;[1]
(cacf);21:18:30:830;787;29.39039993286132;68.5086669921875;92.76148986816406;[1]
(cacf);21:18:31:83;788;29.39039993286132;68.5086669921875;92.76148986816406;[1]
(cacf);21:18:31:327;789;29.39039993286132;68.5086669921875;92.76148986816406;[1]
(cacf);21:18:31:571;790;29.39039993286132;68.5086669921875;92.76148986816406;[1]
(cacf);21:18:31:816;791;29.39039993286132;68.5086669921875;92.76148986816406;[1]
(cacf);21:18:32:66;792;29.32799911499023;68.5086669921875;92.88856506347656;[1]
(cacf);21:18:32:314;793;29.39039993286132;68.5086669921875;92.76148986816406;[1]
(cacf);21:18:32:562;794;29.39039993286132;68.5086669921875;92.88856506347656;[1]
(cacf);21:18:32:806;795;29.39039993286132;68.5086669921875;92.76148986816406;[1]
(cacf);21:18:33:50;796;29.32799911499023;68.5086669921875;92.82502746582031;[1]
(cacf);21:18:33:294;797;29.32799911499023;68.5086669921875;92.76148986816406;[1]
(cacf);21:18:33:539;798;29.32799911499023;68.5086669921875;92.76148986816406;[1]
(cacf);21:18:33:787;799;29.39039993286132;68.5086669921875;92.76148986816406;[1]
(cacf);21:18:34:31;800;29.39039993286132;68.5086669921875;92.63440704345703;[1]
