(bcaf);1192;12:27:11:670;28.70399856567382;73.9407958984375;92.76148986816406;[1]
(bcaf);1193;12:31:27:12;29.32799911499023;72.48358154296875;92.88856506347656;[1]
(bcaf);1194;12:31:28:162;29.26559829711914;72.48358154296875;92.88856506347656;[1]
(bcaf);1195;12:31:29:313;29.32799911499023;72.48358154296875;92.88856506347656;[1]
(bcaf);1196;12:31:30:468;29.26559829711914;72.45306396484375;93.01564025878906;[1]
(bcaf);1197;12:31:31:620;29.32799911499023;72.45306396484375;92.76148986816406;[1]
(bcaf);1198;12:31:32:771;29.32799911499023;72.43017578125;93.01564025878906;[1]
(bcaf);1199;12:31:33:921;29.26559829711914;72.43017578125;92.88856506347656;[1]
(bcaf);1200;12:31:35:70;29.32799911499023;72.399658203125;92.88856506347656;[1]
(bcaf);1201;12:31:36:220;29.32799911499023;72.399658203125;92.88856506347656;[1]
(bcaf);1202;12:31:37:372;29.26559829711914;72.399658203125;93.01564025878906;[1]
(bcaf);1203;12:31:38:527;29.32799911499023;72.399658203125;93.01564025878906;[1]
(bcaf);1204;12:31:39:677;29.32799911499023;72.369140625;92.88856506347656;[1]
(bcaf);1205;12:31:40:827;29.26559829711914;72.369140625;92.88856506347656;[1]
(bcaf);1206;12:31:41:978;29.32799911499023;72.369140625;92.88856506347656;[1]
(bcaf);1207;12:31:43:128;29.32799911499023;72.369140625;92.88856506347656;[1]
(bcaf);1208;12:31:44:277;29.32799911499023;72.369140625;92.88856506347656;[1]
(bcaf);1209;12:31:45:428;29.32799911499023;72.34625244140625;92.88856506347656;[1]
(bcaf);1210;12:31:46:585;29.32799911499023;72.34625244140625;93.01564025878906;[1]
(bcaf);1211;12:31:47:734;29.32799911499023;72.28521728515625;92.88856506347656;[1]
(bcaf);1212;12:31:48:886;29.32799911499023;72.28521728515625;92.88856506347656;[1]
(bcaf);1213;12:31:50:35;29.32799911499023;72.28521728515625;93.01564025878906;[1]
(bcaf);1214;12:31:51:187;29.32799911499023;72.28521728515625;92.88856506347656;[1]
(bcaf);1215;12:31:52:336;29.32799911499023;72.28521728515625;93.01564025878906;[1]
(bcaf);1216;12:31:53:488;29.32799911499023;72.2623291015625;92.88856506347656;[1]
(bcaf);1217;12:31:54:644;29.32799911499023;72.2623291015625;93.01564025878906;[1]
(bcaf);1218;12:31:55:794;29.32799911499023;72.28521728515625;93.01564025878906;[1]
(bcaf);1219;12:31:56:943;29.32799911499023;72.28521728515625;92.88856506347656;[1]
(bcaf);1220;12:31:58:93;29.26559829711914;72.28521728515625;92.88856506347656;[1]
(bcaf);1221;12:31:59:243;29.32799911499023;72.34625244140625;92.88856506347656;[1]
(bcaf);1222;12:32:00:393;29.26559829711914;72.369140625;92.88856506347656;[1]
(bcaf);1223;12:32:01:543;29.32799911499023;72.369140625;92.88856506347656;[1]
(bcaf);1224;12:32:02:699;29.26559829711914;72.369140625;92.88856506347656;[1]
(bcaf);1225;12:32:03:850;29.26559829711914;72.399658203125;92.88856506347656;[1]
(bcaf);1226;12:32:05:1;29.26559829711914;72.399658203125;92.88856506347656;[1]
(bcaf);1227;12:32:06:150;29.32799911499023;72.399658203125;92.88856506347656;[1]
(bcaf);1228;12:32:07:301;29.32799911499023;72.399658203125;92.88856506347656;[1]
(bcaf);1229;12:32:08:453;29.26559829711914;72.399658203125;92.88856506347656;[1]
(bcaf);1230;12:32:09:602;29.32799911499023;72.369140625;92.88856506347656;[1]
(bcaf);1231;12:32:10:756;29.32799911499023;72.369140625;93.01564025878906;[1]
(bcaf);1232;12:32:11:907;29.32799911499023;72.369140625;92.88856506347656;[1]
(bcaf);1233;12:32:13:57;29.26559829711914;72.369140625;92.88856506347656;[1]
(bcaf);1234;12:32:14:208;29.32799911499023;72.34625244140625;92.88856506347656;[1]
(bcaf);1235;12:32:15:360;29.32799911499023;72.34625244140625;92.88856506347656;[1]
(bcaf);1236;12:32:16:509;29.32799911499023;72.34625244140625;93.01564025878906;[1]
(bcaf);1237;12:32:17:661;29.32799911499023;72.34625244140625;93.01564025878906;[1]
(bcaf);1238;12:32:18:817;29.26559829711914;72.34625244140625;92.88856506347656;[1]
(bcaf);1239;12:32:19:967;29.32799911499023;72.34625244140625;92.88856506347656;[1]
(bcaf);1240;12:32:21:117;29.26559829711914;72.34625244140625;92.88856506347656;[1]
(bcaf);1241;12:32:22:267;29.32799911499023;72.34625244140625;93.01564025878906;[1]
(bcaf);1242;12:32:23:416;29.26559829711914;72.34625244140625;92.88856506347656;[1]
(bcaf);1243;12:32:24:567;29.26559829711914;72.34625244140625;92.88856506347656;[1]
(bcaf);1244;12:32:25:718;29.32799911499023;72.34625244140625;93.01564025878906;[1]
(bcaf);1245;12:32:26:873;29.32799911499023;72.369140625;92.88856506347656;[1]
(bcaf);1246;12:32:28:23;29.32799911499023;72.369140625;92.88856506347656;[1]
(bcaf);1247;12:32:29:174;29.26559829711914;72.369140625;93.07917785644531;[1]
(bcaf);1248;12:32:30:324;29.32799911499023;72.369140625;92.88856506347656;[1]
(bcaf);1249;12:32:31:474;29.26559829711914;72.369140625;93.01564025878906;[1]
(bcaf);1250;12:32:32:625;29.26559829711914;72.369140625;93.01564025878906;[1]
(bcaf);1251;12:32:33:777;29.26559829711914;72.369140625;93.01564025878906;[1]
(bcaf);1252;12:32:34:932;29.26559829711914;72.369140625;93.01564025878906;[1]
(bcaf);1253;12:32:36:82;29.26559829711914;72.369140625;92.88856506347656;[1]
(bcaf);1254;12:32:37:232;29.26559829711914;72.369140625;93.01564025878906;[1]
(bcaf);1255;12:32:38:384;29.26559829711914;72.369140625;92.88856506347656;[1]
(bcaf);1256;12:32:39:534;29.26559829711914;72.369140625;92.88856506347656;[1]
(bcaf);1257;12:32:40:683;29.26559829711914;72.369140625;93.01564025878906;[1]
(bcaf);1258;12:32:41:834;29.26559829711914;72.399658203125;92.88856506347656;[1]
(bcaf);1259;12:32:42:990;29.26559829711914;72.399658203125;93.01564025878906;[1]
(bcaf);1260;12:32:44:141;29.26559829711914;72.399658203125;92.88856506347656;[1]
(bcaf);1261;12:32:45:291;29.26559829711914;72.399658203125;92.88856506347656;[1]
(bcaf);1262;12:32:46:440;29.26559829711914;72.43017578125;93.01564025878906;[1]
(bcaf);1263;12:32:47:591;29.26559829711914;72.43017578125;93.01564025878906;[1]
(bcaf);1264;12:32:48:741;29.26559829711914;72.45306396484375;92.88856506347656;[1]
(bcaf);1265;12:32:49:893;29.26559829711914;72.45306396484375;92.76148986816406;[1]
(bcaf);1266;12:32:51:47;29.26559829711914;72.48358154296875;92.88856506347656;[1]
(bcaf);1267;12:32:52:196;29.20319938659667;72.48358154296875;93.01564025878906;[1]
(bcaf);1268;12:32:53:347;29.20319938659667;72.51409912109375;93.01564025878906;[1]
(bcaf);1269;12:32:54:498;29.26559829711914;72.51409912109375;92.88856506347656;[1]
(bcaf);1270;12:32:55:650;29.26559829711914;72.51409912109375;93.01564025878906;[1]
(bcaf);1271;12:32:56:799;29.20319938659667;72.51409912109375;93.01564025878906;[1]
(bcaf);1272;12:32:57:948;29.20319938659667;72.51409912109375;92.76148986816406;[1]
(bcaf);1273;12:32:59:104;29.26559829711914;72.51409912109375;92.82502746582031;[1]
(bcaf);1274;12:33:00:255;29.20319938659667;72.51409912109375;92.88856506347656;[1]
(bcaf);1275;12:33:01:406;29.26559829711914;72.51409912109375;92.88856506347656;[1]
(bcaf);1276;12:33:02:557;29.20319938659667;72.51409912109375;93.01564025878906;[1]
(bcaf);1277;12:33:03:707;29.20319938659667;72.54461669921875;93.01564025878906;[1]
(bcaf);1278;12:33:04:856;29.20319938659667;72.54461669921875;92.95210266113281;[1]
(bcaf);1279;12:33:06:13;29.26559829711914;72.5675048828125;92.88856506347656;[1]
(bcaf);1280;12:33:07:163;29.20319938659667;72.5675048828125;93.01564025878906;[1]
(bcaf);1281;12:33:08:313;29.20319938659667;72.5675048828125;92.88856506347656;[1]
(bcaf);1282;12:33:09:463;29.20319938659667;72.5675048828125;93.01564025878906;[1]
(bcaf);1283;12:33:10:613;29.20319938659667;72.5675048828125;92.88856506347656;[1]
(bcaf);1284;12:33:11:764;29.20319938659667;72.5675048828125;93.01564025878906;[1]
(bcaf);1285;12:33:12:914;29.20319938659667;72.5675048828125;92.88856506347656;[1]
(bcaf);1286;12:33:14:69;29.20319938659667;72.5675048828125;93.01564025878906;[1]
(bcaf);1287;12:33:15:220;29.20319938659667;72.5980224609375;92.82502746582031;[1]
(bcaf);1288;12:33:16:370;29.20319938659667;72.5980224609375;93.01564025878906;[1]
(bcaf);1289;12:33:17:521;29.20319938659667;72.55987548828125;92.95210266113281;[1]
(bcaf);1290;12:33:18:670;29.20319938659667;72.5980224609375;92.88856506347656;[1]
(bcaf);1291;12:33:19:821;29.20319938659667;72.5980224609375;93.01564025878906;[1]
(bcaf);1292;12:33:20:972;29.20319938659667;72.65142822265625;93.01564025878906;[1]
(bcaf);1293;12:33:22:127;29.14079856872558;72.62091064453125;92.88856506347656;[1]
(bcaf);1294;12:33:23:279;29.14079856872558;72.643798828125;92.88856506347656;[1]
(bcaf);1295;12:33:24:428;29.20319938659667;72.643798828125;93.01564025878906;[1]
(bcaf);1296;12:33:25:577;29.14079856872558;72.643798828125;93.01564025878906;[1]
(bcaf);1297;12:33:26:728;29.14079856872558;72.643798828125;93.01564025878906;[1]
(bcaf);1298;12:33:27:878;29.14079856872558;72.643798828125;93.01564025878906;[1]
(bcaf);1299;12:33:29:29;29.14079856872558;72.643798828125;93.01564025878906;[1]
(bcaf);1300;12:33:30:186;29.20319938659667;72.643798828125;92.88856506347656;[1]
(bcaf);1301;12:33:31:335;29.20319938659667;72.643798828125;92.88856506347656;[1]
(bcaf);1302;12:33:32:485;29.14079856872558;72.643798828125;92.88856506347656;[1]
(bcaf);1303;12:33:33:636;29.14079856872558;72.67431640625;93.01564025878906;[1]
(bcaf);1304;12:33:34:788;29.14079856872558;72.67431640625;92.88856506347656;[1]
(bcaf);1305;12:33:35:938;29.20319938659667;72.67431640625;92.82502746582031;[1]
(bcaf);1306;12:33:37:88;29.20319938659667;72.704833984375;92.88856506347656;[1]
(bcaf);1307;12:33:38:242;29.14079856872558;72.704833984375;93.01564025878906;[1]
(bcaf);1308;12:33:39:393;29.14079856872558;72.72772216796875;92.88856506347656;[1]
(bcaf);1309;12:33:40:545;29.14079856872558;72.72772216796875;93.01564025878906;[1]
(bcaf);1310;12:33:41:695;29.14079856872558;72.75823974609375;92.95210266113281;[1]
(bcaf);1311;12:33:42:846;29.14079856872558;72.75823974609375;92.88856506347656;[1]
(bcaf);1312;12:33:43:996;29.14079856872558;72.75823974609375;92.88856506347656;[1]
(bcaf);1313;12:33:45:147;29.14079856872558;72.75823974609375;93.01564025878906;[1]
(bcaf);1314;12:33:46:302;29.14079856872558;72.78875732421875;93.01564025878906;[1]
(bcaf);1315;12:33:47:451;29.07839965820312;72.78875732421875;92.88856506347656;[1]
(bcaf);1316;12:33:48:603;29.14079856872558;72.78875732421875;93.01564025878906;[1]
(bcaf);1317;12:33:49:754;29.07839965820312;72.78875732421875;92.82502746582031;[1]
(bcaf);1318;12:33:50:904;29.14079856872558;72.78875732421875;92.88856506347656;[1]
(bcaf);1319;12:33:52:54;29.14079856872558;72.8116455078125;92.82502746582031;[1]
(bcaf);1320;12:33:53:207;29.14079856872558;72.8116455078125;93.01564025878906;[1]
(bcaf);1321;12:33:54:358;29.07839965820312;72.8421630859375;93.01564025878906;[1]
(bcaf);1322;12:33:55:509;29.07839965820312;72.8421630859375;93.01564025878906;[1]
(bcaf);1323;12:33:56:659;29.14079856872558;72.8421630859375;92.82502746582031;[1]
(bcaf);1324;12:33:57:811;29.07839965820312;72.8726806640625;92.82502746582031;[1]
(bcaf);1325;12:33:58:960;29.07839965820312;72.8726806640625;92.82502746582031;[1]
(bcaf);1326;12:34:00:111;29.07839965820312;72.8726806640625;92.95210266113281;[1]
(bcaf);1327;12:34:01:265;29.07839965820312;72.8726806640625;93.01564025878906;[1]
(bcaf);1328;12:34:02:417;29.14079856872558;72.8726806640625;93.01564025878906;[1]
(bcaf);1329;12:34:03:568;29.07839965820312;72.89556884765625;92.95210266113281;[1]
(bcaf);1330;12:34:04:718;29.07839965820312;72.89556884765625;92.88856506347656;[1]
(bcaf);1331;12:34:05:868;29.07839965820312;72.89556884765625;93.01564025878906;[1]
(bcaf);1332;12:34:07:19;29.07839965820312;72.89556884765625;92.88856506347656;[1]
(bcaf);1333;12:34:08:170;29.07839965820312;72.95660400390625;92.88856506347656;[1]
(bcaf);1334;12:34:09:324;29.07839965820312;72.95660400390625;92.95210266113281;[1]
(bcaf);1335;12:34:10:475;29.01599884033203;72.9794921875;93.01564025878906;[1]
(bcaf);1336;12:34:11:626;29.07839965820312;73.010009765625;93.01564025878906;[1]
(bcaf);1337;12:34:12:778;29.07839965820312;73.04052734375;93.01564025878906;[1]
(bcaf);1338;12:34:13:928;29.07839965820312;73.04052734375;93.01564025878906;[1]
(bcaf);1339;12:34:15:79;29.07839965820312;73.04052734375;92.82502746582031;[1]
(bcaf);1340;12:34:16:229;29.01599884033203;73.04052734375;93.01564025878906;[1]
(bcaf);1341;12:34:17:385;29.07839965820312;73.04052734375;92.82502746582031;[1]
(bcaf);1342;12:34:18:535;29.07839965820312;73.04052734375;92.88856506347656;[1]
(bcaf);1343;12:34:19:684;29.07839965820312;73.04052734375;92.95210266113281;[1]
(bcaf);1344;12:34:20:836;29.01599884033203;73.04052734375;93.01564025878906;[1]
(bcaf);1345;12:34:21:985;29.01599884033203;73.04052734375;93.01564025878906;[1]
(bcaf);1346;12:34:23:137;29.07839965820312;73.04052734375;93.01564025878906;[1]
(bcaf);1347;12:34:24:287;29.07839965820312;73.06341552734375;92.95210266113281;[1]
(bcaf);1348;12:34:25:441;29.01599884033203;73.06341552734375;93.01564025878906;[1]
(bcaf);1349;12:34:26:592;29.01599884033203;73.06341552734375;92.82502746582031;[1]
(bcaf);1350;12:34:27:742;29.01599884033203;73.06341552734375;92.82502746582031;[1]
(bcaf);1351;12:34:28:893;29.01599884033203;73.06341552734375;93.01564025878906;[1]
(bcaf);1352;12:34:30:44;29.01599884033203;73.06341552734375;92.88856506347656;[1]
(bcaf);1353;12:34:31:194;29.01599884033203;73.06341552734375;92.88856506347656;[1]
(bcaf);1354;12:34:32:344;29.01599884033203;73.06341552734375;93.01564025878906;[1]
(bcaf);1355;12:34:33:501;29.07839965820312;73.06341552734375;92.88856506347656;[1]
(bcaf);1356;12:34:34:652;29.07839965820312;73.06341552734375;92.88856506347656;[1]
(bcaf);1357;12:34:35:803;29.01599884033203;73.06341552734375;93.01564025878906;[1]
(bcaf);1358;12:34:36:952;29.01599884033203;73.06341552734375;92.95210266113281;[1]
(bcaf);1359;12:34:38:102;29.01599884033203;73.06341552734375;92.88856506347656;[1]
(bcaf);1360;12:34:39:253;29.01599884033203;73.06341552734375;93.01564025878906;[1]
(bcaf);1361;12:34:40:404;29.01599884033203;73.06341552734375;92.88856506347656;[1]
(bcaf);1362;12:34:41:554;29.01599884033203;73.06341552734375;92.95210266113281;[1]
(bcaf);1363;12:34:42:705;29.01599884033203;73.09393310546875;92.82502746582031;[1]
(bcaf);1364;12:34:43:855;29.01599884033203;73.12445068359375;92.82502746582031;[1]
(bcaf);1365;12:34:45:7;29.01599884033203;73.12445068359375;92.82502746582031;[1]
(bcaf);1366;12:34:46:157;29.01599884033203;73.12445068359375;93.01564025878906;[1]
(bcaf);1367;12:34:47:307;29.01599884033203;73.12445068359375;93.01564025878906;[1]
(bcaf);1368;12:34:48:459;29.01599884033203;73.1473388671875;92.95210266113281;[1]
(bcaf);1369;12:34:49:614;29.01599884033203;73.1473388671875;92.88856506347656;[1]
(bcaf);1370;12:34:50:764;29.01599884033203;73.10919189453125;92.82502746582031;[1]
(bcaf);1371;12:34:51:913;29.01599884033203;73.13970947265625;92.95210266113281;[1]
(bcaf);1372;12:34:53:63;29.01599884033203;73.13970947265625;93.01564025878906;[1]
(bcaf);1373;12:34:54:214;28.95359992980957;73.1778564453125;93.01564025878906;[1]
(bcaf);1374;12:34:55:365;29.01599884033203;73.13970947265625;93.01564025878906;[1]
(bcaf);1375;12:34:56:516;29.01599884033203;73.13970947265625;92.95210266113281;[1]
(bcaf);1376;12:34:57:672;29.01599884033203;73.13970947265625;92.82502746582031;[1]
(bcaf);1377;12:34:58:821;29.01599884033203;73.13970947265625;92.95210266113281;[1]
(bcaf);1378;12:34:59:973;29.01599884033203;73.13970947265625;92.82502746582031;[1]
(bcaf);1379;12:35:01:122;28.95359992980957;73.13970947265625;92.95210266113281;[1]
(bcaf);1380;12:35:02:274;29.01599884033203;73.13970947265625;93.01564025878906;[1]
(bcaf);1381;12:35:03:423;29.01599884033203;73.16259765625;93.01564025878906;[1]
(bcaf);1382;12:35:04:577;29.01599884033203;73.16259765625;92.88856506347656;[1]
(bcaf);1383;12:35:05:729;28.95359992980957;73.2236328125;93.01564025878906;[1]
(bcaf);1384;12:35:06:880;28.95359992980957;73.2236328125;92.95210266113281;[1]
(bcaf);1385;12:35:08:31;28.95359992980957;73.2236328125;92.95210266113281;[1]
(bcaf);1386;12:35:09:180;28.95359992980957;73.2236328125;92.82502746582031;[1]
(bcaf);1387;12:35:10:330;28.95359992980957;73.2236328125;92.82502746582031;[1]
(bcaf);1388;12:35:11:480;28.95359992980957;73.2236328125;92.82502746582031;[1]
(bcaf);1389;12:35:12:636;28.95359992980957;73.2236328125;92.88856506347656;[1]
(bcaf);1390;12:35:13:788;28.95359992980957;73.24652099609375;92.82502746582031;[1]
(bcaf);1391;12:35:14:939;28.95359992980957;73.24652099609375;92.82502746582031;[1]
(bcaf);1392;12:35:16:89;28.95359992980957;73.27703857421875;92.82502746582031;[0]
