(aaaf);2;24.71039962768554;46.63519287109375;92.31671142578125
(aaaf);1;24.5231990814209;52.25042724609375;92.31671142578125
(aaaf);3;24.71039962768554;46.63519287109375;92.3802490234375
(aaaf);2;24.64799880981445;51.18231201171875;92.44378662109375
(aaaf);4;24.71039962768554;46.63519287109375;92.253173828125
(aaaf);3;24.64799880981445;51.18231201171875;92.31671142578125
(aaaf);5;24.71039962768554;46.63519287109375;92.253173828125
(aaaf);4;24.64799880981445;51.18231201171875;92.50733184814453
(aaaf);6;24.71039962768554;46.67333984375;92.253173828125
(aaaf);5;24.64799880981445;51.18231201171875;92.18963623046875
(aaaf);7;24.71039962768554;46.67333984375;92.253173828125
(aaaf);6;24.64799880981445;51.18231201171875;92.3802490234375
(aaaf);8;24.772798538208;46.63519287109375;92.253173828125
(aaaf);7;24.71039962768554;51.18231201171875;92.31671142578125
(aaaf);9;24.71039962768554;46.60467529296875;92.253173828125
(aaaf);8;24.71039962768554;51.1441650390625;92.31671142578125
(aaaf);10;24.71039962768554;46.57415771484375;92.253173828125
(aaaf);9;24.71039962768554;51.1136474609375;92.50733184814453
(aaaf);10;24.71039962768554;51.1136474609375;92.44378662109375
(aaaf);11;24.71039962768554;46.57415771484375;92.44378662109375
(aaaf);11;24.64799880981445;51.07550048828125;92.31671142578125
(aaaf);12;24.71039962768554;46.5360107421875;92.253173828125
(aaaf);12;24.71039962768554;51.07550048828125;92.31671142578125
(aaaf);13;24.772798538208;46.5360107421875;92.253173828125
(aaaf);13;24.71039962768554;51.04498291015625;92.3802490234375
(aaaf);14;24.772798538208;46.5054931640625;92.3802490234375
(aaaf);14;24.71039962768554;51.07550048828125;92.31671142578125
(aaaf);15;24.772798538208;46.5360107421875;92.3802490234375
(aaaf);15;24.71039962768554;51.07550048828125;92.31671142578125
(aaaf);16;24.772798538208;46.5360107421875;92.253173828125
(aaaf);16;24.772798538208;51.07550048828125;92.31671142578125
(aaaf);17;24.772798538208;46.5360107421875;92.253173828125
(aaaf);17;24.71039962768554;51.07550048828125;92.3802490234375
(aaaf);18;24.772798538208;46.5360107421875;92.253173828125
(aaaf);18;24.71039962768554;51.07550048828125;92.18963623046875
(aaaf);19;24.772798538208;46.5360107421875;92.253173828125
(aaaf);19;24.71039962768554;51.07550048828125;92.44378662109375
(aaaf);20;24.772798538208;46.5360107421875;92.253173828125
(aaaf);20;24.772798538208;51.07550048828125;92.50733184814453
(aaaf);21;24.772798538208;46.5360107421875;92.253173828125
(aaaf);21;24.772798538208;51.07550048828125;92.44378662109375
(aaaf);22;24.772798538208;46.5360107421875;92.253173828125
(aaaf);22;24.772798538208;51.07550048828125;92.18963623046875
(aaaf);23;24.71039962768554;46.5360107421875;92.253173828125
(aaaf);23;24.772798538208;51.07550048828125;92.31671142578125
(aaaf);24;24.772798538208;46.5360107421875;92.253173828125
(aaaf);24;24.772798538208;51.037353515625;92.44378662109375
(aaaf);25;24.71039962768554;46.4749755859375;92.253173828125
(aaaf);25;24.772798538208;51.0068359375;92.44378662109375
(aaaf);26;24.772798538208;46.4749755859375;92.253173828125
(aaaf);26;24.772798538208;50.96868896484375;92.31671142578125
(aaaf);27;24.772798538208;46.40631103515625;92.253173828125
(aaaf);27;24.772798538208;50.96868896484375;92.31671142578125
(aaaf);28;24.71039962768554;46.40631103515625;92.3802490234375
(aaaf);28;24.772798538208;50.96868896484375;92.31671142578125
(aaaf);29;24.71039962768554;46.40631103515625;92.253173828125
(aaaf);29;24.772798538208;50.96868896484375;92.44378662109375
(aaaf);30;24.71039962768554;46.4749755859375;92.253173828125
(aaaf);30;24.772798538208;50.96868896484375;92.3802490234375
(aaaf);31;24.772798538208;46.4749755859375;92.3802490234375
(aaaf);31;24.8351993560791;50.9305419921875;92.31671142578125
(aaaf);32;24.772798538208;46.4749755859375;92.253173828125
(aaaf);32;24.772798538208;50.9305419921875;92.31671142578125
(aaaf);33;24.71039962768554;46.40631103515625;92.18963623046875
(aaaf);33;24.8351993560791;50.9305419921875;92.31671142578125
(aaaf);34;24.71039962768554;46.40631103515625;92.253173828125
(aaaf);34;24.772798538208;50.9305419921875;92.3802490234375
(aaaf);35;24.71039962768554;46.40631103515625;92.253173828125
(aaaf);35;24.8351993560791;50.9305419921875;92.31671142578125
(aaaf);36;24.772798538208;46.40631103515625;92.06256103515625
(aaaf);36;24.8351993560791;50.9305419921875;92.3802490234375
(aaaf);37;24.772798538208;46.4749755859375;92.253173828125
(aaaf);37;24.8351993560791;50.9305419921875;92.3802490234375
(aaaf);38;24.772798538208;46.4749755859375;92.18963623046875
(aaaf);38;24.8351993560791;50.96868896484375;92.3802490234375
(aaaf);39;24.772798538208;46.5054931640625;92.253173828125
(aaaf);39;24.8351993560791;50.9305419921875;92.31671142578125
(aaaf);40;24.772798538208;46.5054931640625;92.253173828125
(aaaf);40;24.8976001739502;50.9305419921875;92.44378662109375
(aaaf);41;24.772798538208;46.5360107421875;92.3802490234375
(aaaf);41;24.8976001739502;50.96868896484375;92.3802490234375
(aaaf);42;24.772798538208;46.57415771484375;92.253173828125
(aaaf);42;24.8351993560791;50.96868896484375;92.3802490234375
(aaaf);43;24.772798538208;46.57415771484375;92.18963623046875
(aaaf);43;24.8351993560791;50.96868896484375;92.50733184814453
(aaaf);44;24.71039962768554;46.57415771484375;92.31671142578125
(aaaf);44;24.8351993560791;51.0068359375;92.3802490234375
(aaaf);45;24.772798538208;46.60467529296875;92.18963623046875
(aaaf);45;24.8351993560791;51.0068359375;92.50733184814453
(aaaf);46;24.772798538208;46.60467529296875;92.253173828125
(aaaf);46;24.8351993560791;51.0068359375;92.3802490234375
(aaaf);47;24.71039962768554;46.60467529296875;92.253173828125
(aaaf);47;24.8351993560791;51.0068359375;92.3802490234375
(aaaf);48;24.71039962768554;46.63519287109375;92.253173828125
(aaaf);48;24.8976001739502;51.037353515625;92.31671142578125
(aaaf);49;24.71039962768554;46.67333984375;92.253173828125
(aaaf);49;24.8976001739502;51.037353515625;92.06256103515625
(aaaf);50;24.71039962768554;46.67333984375;92.253173828125
(aaaf);50;24.8976001739502;51.07550048828125;92.50733184814453
(aaaf);51;24.71039962768554;46.703857421875;92.253173828125
(aaaf);51;24.8976001739502;51.07550048828125;92.3802490234375
(aaaf);52;24.71039962768554;46.67333984375;92.31671142578125
(aaaf);52;24.8976001739502;51.07550048828125;92.3802490234375
(aaaf);53;24.71039962768554;46.67333984375;92.253173828125
(aaaf);53;24.8976001739502;51.037353515625;92.50733184814453
(aaaf);54;24.71039962768554;46.67333984375;92.31671142578125
(aaaf);54;24.8976001739502;51.037353515625;92.44378662109375
(aaaf);55;24.71039962768554;46.67333984375;92.3802490234375
(aaaf);55;24.8351993560791;51.037353515625;92.31671142578125
(aaaf);56;24.71039962768554;46.67333984375;92.253173828125
(aaaf);56;24.8976001739502;51.0068359375;92.18963623046875
(aaaf);57;24.71039962768554;46.63519287109375;92.3802490234375
(aaaf);57;24.8976001739502;50.96868896484375;92.253173828125
(aaaf);58;24.64799880981445;46.57415771484375;92.253173828125
(aaaf);58;24.8976001739502;50.9305419921875;92.31671142578125
(aaaf);59;24.71039962768554;46.5054931640625;92.3802490234375
(aaaf);59;24.8351993560791;50.9000244140625;92.3802490234375
(aaaf);60;24.64799880981445;46.5054931640625;92.253173828125
(aaaf);60;24.8976001739502;50.86187744140625;92.3802490234375
(aaaf);61;24.64799880981445;46.4749755859375;92.253173828125
(aaaf);61;24.8351993560791;50.86187744140625;92.31671142578125
(aaaf);62;24.71039962768554;46.40631103515625;92.3802490234375
(aaaf);62;24.8976001739502;50.83135986328125;92.50733184814453
(aaaf);63;24.71039962768554;46.40631103515625;92.18963623046875
(aaaf);63;24.8351993560791;50.83135986328125;92.18963623046875
(aaaf);64;24.71039962768554;46.40631103515625;92.253173828125
(aaaf);64;24.8976001739502;50.793212890625;92.3802490234375
(aaaf);65;24.64799880981445;46.3681640625;92.253173828125
(aaaf);65;24.8976001739502;50.793212890625;92.31671142578125
(aaaf);66;24.64799880981445;46.40631103515625;92.1260986328125
(aaaf);66;24.8976001739502;50.7626953125;92.253173828125
(aaaf);67;24.71039962768554;46.40631103515625;92.31671142578125
(aaaf);67;24.8976001739502;50.7626953125;92.253173828125
(aaaf);68;24.64799880981445;46.40631103515625;92.253173828125
(aaaf);68;24.8976001739502;50.7626953125;92.253173828125
(aaaf);69;24.64799880981445;46.4749755859375;92.18963623046875
(aaaf);69;24.8976001739502;50.7626953125;92.253173828125
(aaaf);70;24.71039962768554;46.4749755859375;92.253173828125
(aaaf);70;24.8976001739502;50.7626953125;92.253173828125
(aaaf);71;24.71039962768554;46.4749755859375;92.253173828125
(aaaf);71;24.8976001739502;50.7626953125;92.253173828125
(aaaf);72;24.71039962768554;46.4749755859375;92.253173828125
(aaaf);72;24.8976001739502;50.793212890625;92.3802490234375
(aaaf);73;24.71039962768554;46.4749755859375;92.253173828125
(aaaf);73;24.8976001739502;50.793212890625;92.3802490234375
(aaaf);74;24.71039962768554;46.5054931640625;92.253173828125
(aaaf);74;24.8976001739502;50.793212890625;92.31671142578125
(aaaf);75;24.64799880981445;46.5360107421875;92.253173828125
(aaaf);75;24.8976001739502;50.793212890625;92.31671142578125
(aaaf);76;24.71039962768554;46.5360107421875;92.3802490234375
(aaaf);76;24.8976001739502;50.82373046875;92.253173828125
(aaaf);77;24.71039962768554;46.57415771484375;92.253173828125
(aaaf);77;24.95999908447265;50.82373046875;92.18963623046875
(aaaf);78;24.64799880981445;46.57415771484375;92.253173828125
(aaaf);78;24.95999908447265;50.86187744140625;92.31671142578125
(aaaf);79;24.71039962768554;46.57415771484375;92.3802490234375
(aaaf);79;24.95999908447265;50.86187744140625;92.18963623046875
(aaaf);80;24.71039962768554;46.57415771484375;92.253173828125
(aaaf);80;24.95999908447265;50.86187744140625;92.3802490234375
(aaaf);81;24.71039962768554;46.57415771484375;92.253173828125
(aaaf);81;24.95999908447265;50.82373046875;92.3802490234375
(aaaf);82;24.64799880981445;46.57415771484375;92.253173828125
(aaaf);82;24.95999908447265;50.82373046875;92.3802490234375
(aaaf);83;24.71039962768554;46.60467529296875;92.253173828125
(aaaf);83;24.95999908447265;50.86187744140625;92.18963623046875
(aaaf);84;24.71039962768554;46.63519287109375;92.253173828125
(aaaf);84;24.95999908447265;50.86187744140625;92.18963623046875
(aaaf);85;24.64799880981445;46.67333984375;92.253173828125
(aaaf);85;24.95999908447265;50.89239501953125;92.253173828125
(aaaf);86;24.71039962768554;46.703857421875;92.253173828125
(aaaf);86;24.95999908447265;50.89239501953125;92.50733184814453
(aaaf);87;24.64799880981445;46.734375;92.253173828125
(aaaf);87;24.95999908447265;50.9305419921875;92.31671142578125
(aaaf);88;24.64799880981445;46.734375;92.253173828125
(aaaf);88;24.95999908447265;50.9305419921875;92.3802490234375
(aaaf);89;24.64799880981445;46.734375;92.253173828125
(aaaf);89;24.95999908447265;50.89239501953125;92.3802490234375
(aaaf);90;24.64799880981445;46.703857421875;92.3802490234375
(aaaf);90;24.95999908447265;50.86187744140625;92.50733184814453
(aaaf);91;24.64799880981445;46.703857421875;92.3802490234375
(aaaf);91;24.95999908447265;50.82373046875;92.3802490234375
(aaaf);92;24.64799880981445;46.67333984375;92.3802490234375
(aaaf);92;24.95999908447265;50.82373046875;92.31671142578125
(aaaf);93;24.64799880981445;46.67333984375;92.18963623046875
(aaaf);93;24.95999908447265;50.82373046875;92.3802490234375
(aaaf);94;24.64799880981445;46.67333984375;92.18963623046875
(aaaf);94;24.95999908447265;50.793212890625;92.253173828125
(aaaf);95;24.71039962768554;46.63519287109375;92.253173828125
(aaaf);95;24.95999908447265;50.793212890625;92.3802490234375
(aaaf);96;24.64799880981445;46.60467529296875;92.253173828125
(aaaf);96;24.95999908447265;50.75506591796875;92.31671142578125
(aaaf);97;24.64799880981445;46.57415771484375;92.18963623046875
(aaaf);97;24.95999908447265;50.75506591796875;92.3802490234375
(aaaf);98;24.64799880981445;46.57415771484375;92.253173828125
(aaaf);98;24.95999908447265;50.72454833984375;92.3802490234375
(aaaf);99;24.64799880981445;46.57415771484375;92.253173828125
(aaaf);99;24.95999908447265;50.72454833984375;92.31671142578125
(aaaf);100;24.71039962768554;46.57415771484375;92.253173828125
(aaaf);100;24.95999908447265;50.6864013671875;92.3802490234375
(aaaf);101;24.64799880981445;46.57415771484375;92.253173828125
(aaaf);101;25.02239990234375;50.6864013671875;92.31671142578125
(aaaf);102;24.71039962768554;46.57415771484375;92.253173828125
(aaaf);102;25.02239990234375;50.6864013671875;92.31671142578125
(aaaf);103;24.64799880981445;46.57415771484375;92.253173828125
(aaaf);103;25.02239990234375;50.6558837890625;92.18963623046875
(aaaf);104;24.71039962768554;46.57415771484375;92.253173828125
(aaaf);104;24.95999908447265;50.6558837890625;92.3802490234375
(aaaf);105;24.64799880981445;46.57415771484375;92.18963623046875
(aaaf);105;24.95999908447265;50.6558837890625;92.31671142578125
(aaaf);106;24.64799880981445;46.60467529296875;92.18963623046875
(aaaf);106;24.95999908447265;50.6558837890625;92.253173828125
(aaaf);107;24.64799880981445;46.63519287109375;92.253173828125
(aaaf);107;24.95999908447265;50.6864013671875;92.3802490234375
(aaaf);108;24.64799880981445;46.63519287109375;92.253173828125
(aaaf);108;24.95999908447265;50.6864013671875;92.3802490234375
(aaaf);109;24.64799880981445;46.63519287109375;92.253173828125
(aaaf);109;25.02239990234375;50.72454833984375;92.3802490234375
(aaaf);110;24.71039962768554;46.63519287109375;92.3802490234375
(aaaf);110;25.02239990234375;50.6864013671875;92.3802490234375
(aaaf);111;24.71039962768554;46.63519287109375;92.253173828125
(aaaf);111;25.02239990234375;50.6864013671875;92.3802490234375
(aaaf);112;24.64799880981445;46.63519287109375;92.253173828125
(aaaf);112;25.02239990234375;50.72454833984375;92.253173828125
(aaaf);113;24.64799880981445;46.63519287109375;92.18963623046875
(aaaf);113;25.02239990234375;50.72454833984375;92.18963623046875
(aaaf);114;24.64799880981445;46.63519287109375;92.253173828125
(aaaf);114;25.02239990234375;50.72454833984375;92.253173828125
(aaaf);115;24.64799880981445;46.67333984375;92.31671142578125
