(aaaf);1;12:00:03:59;28.07999992370605;75.2225341796875;92.82502746582031;[1]
(aaaf);1;12:00:03:59;28.07999992370605;75.2225341796875;92.82502746582031;[1]
(aaaf);1;12:00:26:147;28.2047996520996;73.2694091796875;92.69794464111328;[1]
(aaaf);1;12:00:26:147;28.2047996520996;73.2694091796875;92.69794464111328;[1]
(aaaf);1;12:00:26:474;28.2047996520996;73.2694091796875;92.82502746582031;[1]
(aaaf);1;12:00:26:474;28.2047996520996;73.2694091796875;92.82502746582031;[1]
(aaaf);1;12:00:26:802;28.2047996520996;73.2388916015625;92.82502746582031;[1]
(aaaf);1;12:00:26:802;28.2047996520996;73.2388916015625;92.82502746582031;[1]
(aaaf);1;12:00:27:130;28.2047996520996;73.2388916015625;92.82502746582031;[1]
(aaaf);1;12:00:27:130;28.2047996520996;73.2388916015625;92.82502746582031;[1]
(aaaf);1;12:00:27:458;28.2047996520996;73.2083740234375;92.82502746582031;[1]
(aaaf);1;12:00:27:458;28.2047996520996;73.2083740234375;92.82502746582031;[1]
(aaaf);1;12:00:27:786;28.2047996520996;73.2083740234375;92.82502746582031;[1]
(aaaf);1;12:00:27:786;28.2047996520996;73.2083740234375;92.82502746582031;[1]
(aaaf);1;12:00:28:114;28.2047996520996;73.2083740234375;92.82502746582031;[1]
(aaaf);1;12:00:28:114;28.2047996520996;73.2083740234375;92.82502746582031;[1]
(aaaf);1;12:00:28:442;28.2047996520996;73.2083740234375;92.69794464111328;[1]
(aaaf);1;12:00:28:442;28.2047996520996;73.2083740234375;92.69794464111328;[1]
(aaaf);1;12:00:28:770;28.2047996520996;73.2388916015625;92.76148986816406;[1]
(aaaf);1;12:00:28:770;28.2047996520996;73.2388916015625;92.76148986816406;[1]
(aaaf);1;12:00:29:97;28.2047996520996;73.2388916015625;92.76148986816406;[1]
(aaaf);1;12:00:29:97;28.2047996520996;73.2388916015625;92.76148986816406;[1]
(aaaf);1;12:00:29:425;28.2047996520996;73.2388916015625;92.82502746582031;[1]
(aaaf);1;12:00:29:425;28.2047996520996;73.2388916015625;92.82502746582031;[1]
(aaaf);1;12:00:29:753;28.2047996520996;73.2388916015625;92.82502746582031;[1]
(aaaf);1;12:00:29:753;28.2047996520996;73.2388916015625;92.82502746582031;[1]
(aaaf);1;12:00:30:81;28.2047996520996;73.2388916015625;92.76148986816406;[1]
(aaaf);1;12:00:30:81;28.2047996520996;73.2388916015625;92.76148986816406;[1]
(aaaf);1;12:00:30:409;28.2047996520996;73.2694091796875;92.82502746582031;[1]
(aaaf);1;12:00:30:409;28.2047996520996;73.2694091796875;92.82502746582031;[1]
(aaaf);1;12:00:30:736;28.2047996520996;73.2694091796875;92.82502746582031;[1]
(aaaf);1;12:00:30:736;28.2047996520996;73.2694091796875;92.82502746582031;[1]
(aaaf);1;12:00:31:64;28.2047996520996;73.29229736328125;92.82502746582031;[1]
(aaaf);1;12:00:31:64;28.2047996520996;73.29229736328125;92.82502746582031;[1]
(aaaf);1;12:00:31:392;28.2047996520996;73.29229736328125;92.82502746582031;[1]
(aaaf);1;12:00:31:392;28.2047996520996;73.29229736328125;92.82502746582031;[1]
(aaaf);1;12:00:31:720;28.2047996520996;73.29229736328125;92.82502746582031;[1]
(aaaf);1;12:00:31:720;28.2047996520996;73.29229736328125;92.82502746582031;[1]
(aaaf);1;12:00:32:48;28.26719856262207;73.32281494140625;92.82502746582031;[1]
(aaaf);1;12:00:32:48;28.26719856262207;73.32281494140625;92.82502746582031;[1]
(aaaf);1;12:00:32:376;28.26719856262207;73.32281494140625;92.82502746582031;[1]
(aaaf);1;12:00:32:376;28.26719856262207;73.32281494140625;92.82502746582031;[1]
(aaaf);1;12:00:32:704;28.26719856262207;73.32281494140625;92.82502746582031;[1]
(aaaf);1;12:00:32:704;28.26719856262207;73.32281494140625;92.82502746582031;[1]
(aaaf);1;12:00:33:32;28.2047996520996;73.376220703125;92.82502746582031;[1]
(aaaf);1;12:00:33:32;28.2047996520996;73.376220703125;92.82502746582031;[1]
(aaaf);1;12:00:33:355;28.26719856262207;73.376220703125;92.82502746582031;[1]
(aaaf);1;12:00:33:355;28.26719856262207;73.376220703125;92.82502746582031;[1]
(aaaf);1;12:00:33:683;28.2047996520996;73.376220703125;92.82502746582031;[1]
(aaaf);1;12:00:33:683;28.2047996520996;73.376220703125;92.82502746582031;[1]
(aaaf);1;12:00:34:11;28.2047996520996;73.376220703125;92.82502746582031;[1]
(aaaf);1;12:00:34:11;28.2047996520996;73.376220703125;92.82502746582031;[1]
(aaaf);1;12:00:34:339;28.26719856262207;73.40673828125;92.82502746582031;[1]
(aaaf);1;12:00:34:339;28.26719856262207;73.40673828125;92.82502746582031;[1]
(aaaf);1;12:00:34:666;28.2047996520996;73.40673828125;92.88856506347656;[1]
(aaaf);1;12:00:34:666;28.2047996520996;73.40673828125;92.88856506347656;[1]
(aaaf);1;12:00:34:994;28.26719856262207;73.40673828125;92.63440704345703;[1]
(aaaf);1;12:00:34:994;28.26719856262207;73.40673828125;92.63440704345703;[1]
(aaaf);1;12:00:35:317;28.26719856262207;73.40673828125;92.76148986816406;[1]
(aaaf);1;12:00:35:317;28.26719856262207;73.40673828125;92.76148986816406;[1]
(aaaf);1;12:00:35:645;28.26719856262207;73.437255859375;92.82502746582031;[1]
(aaaf);1;12:00:35:645;28.26719856262207;73.437255859375;92.82502746582031;[1]
(aaaf);1;12:00:35:973;28.26719856262207;73.437255859375;92.82502746582031;[1]
(aaaf);1;12:00:35:973;28.26719856262207;73.437255859375;92.82502746582031;[1]
(aaaf);1;12:00:36:301;28.26719856262207;73.437255859375;92.82502746582031;[1]
(aaaf);1;12:00:36:301;28.26719856262207;73.437255859375;92.82502746582031;[1]
(aaaf);1;12:00:36:628;28.26719856262207;73.437255859375;92.69794464111328;[1]
(aaaf);1;12:00:36:628;28.26719856262207;73.437255859375;92.69794464111328;[1]
(aaaf);1;12:00:36:956;28.26719856262207;73.437255859375;92.95210266113281;[1]
(aaaf);1;12:00:36:956;28.26719856262207;73.437255859375;92.95210266113281;[1]
(aaaf);1;12:00:37:284;28.2047996520996;73.437255859375;92.82502746582031;[1]
(aaaf);1;12:00:37:284;28.2047996520996;73.437255859375;92.82502746582031;[1]
(aaaf);1;12:00:37:612;28.26719856262207;73.40673828125;92.69794464111328;[1]
(aaaf);1;12:00:37:612;28.26719856262207;73.40673828125;92.69794464111328;[1]
(aaaf);1;12:00:37:935;28.26719856262207;73.44488525390625;92.82502746582031;[1]
(aaaf);1;12:00:37:935;28.26719856262207;73.44488525390625;92.82502746582031;[1]
(aaaf);1;12:00:38:263;28.26719856262207;73.40673828125;92.95210266113281;[1]
(aaaf);1;12:00:38:263;28.26719856262207;73.40673828125;92.95210266113281;[1]
(aaaf);1;12:00:38:591;28.26719856262207;73.41436767578125;92.82502746582031;[1]
(aaaf);1;12:00:38:591;28.26719856262207;73.41436767578125;92.82502746582031;[1]
(aaaf);1;12:00:38:919;28.26719856262207;73.41436767578125;92.82502746582031;[1]
(aaaf);1;12:00:38:919;28.26719856262207;73.41436767578125;92.82502746582031;[1]
(aaaf);1;12:00:39:247;28.26719856262207;73.376220703125;92.95210266113281;[1]
(aaaf);1;12:00:39:247;28.26719856262207;73.376220703125;92.95210266113281;[1]
(aaaf);1;12:00:39:570;28.26719856262207;73.3609619140625;92.69794464111328;[1]
(aaaf);1;12:00:39:570;28.26719856262207;73.3609619140625;92.69794464111328;[1]
(aaaf);1;12:00:39:898;28.26719856262207;73.3609619140625;92.69794464111328;[1]
(aaaf);1;12:00:39:898;28.26719856262207;73.3609619140625;92.69794464111328;[1]
(aaaf);1;12:00:40:226;28.26719856262207;73.3304443359375;92.69794464111328;[1]
(aaaf);1;12:00:40:226;28.26719856262207;73.3304443359375;92.69794464111328;[1]
(aaaf);1;12:00:40:554;28.26719856262207;73.3304443359375;92.76148986816406;[1]
(aaaf);1;12:00:40:554;28.26719856262207;73.3304443359375;92.76148986816406;[1]
(aaaf);1;12:00:40:882;28.26719856262207;73.3304443359375;92.82502746582031;[1]
(aaaf);1;12:00:40:882;28.26719856262207;73.3304443359375;92.82502746582031;[1]
(aaaf);1;12:00:41:210;28.26719856262207;73.30755615234375;92.82502746582031;[1]
(aaaf);1;12:00:41:210;28.26719856262207;73.30755615234375;92.82502746582031;[1]
(aaaf);1;12:00:41:536;28.26719856262207;73.30755615234375;92.82502746582031;[1]
(aaaf);1;12:00:41:536;28.26719856262207;73.30755615234375;92.82502746582031;[1]
(aaaf);1;12:00:41:864;28.26719856262207;73.27703857421875;92.69794464111328;[1]
(aaaf);1;12:00:41:864;28.26719856262207;73.27703857421875;92.69794464111328;[1]
(aaaf);1;12:00:42:193;28.32959938049316;73.27703857421875;92.82502746582031;[0]
