(bcaf);116;12:02:15:428;28.95359992980957;69.82855224609375;92.82502746582031;[1]
(bcaf);117;12:05:58:862;29.764799118042;67.2269287109375;92.76148986816406;[1]
(bcaf);118;12:06:00:12;29.764799118042;67.20404052734375;92.76148986816406;[1]
(bcaf);119;12:06:01:161;29.764799118042;67.17352294921875;92.82502746582031;[1]
(bcaf);120;12:06:02:312;29.764799118042;67.17352294921875;92.76148986816406;[1]
(bcaf);121;12:06:03:468;29.764799118042;67.1201171875;92.76148986816406;[1]
(bcaf);122;12:06:04:617;29.764799118042;67.089599609375;92.82502746582031;[1]
(bcaf);123;12:06:05:769;29.764799118042;67.03619384765625;92.82502746582031;[1]
(bcaf);124;12:06:06:918;29.82719993591308;67.03619384765625;92.63440704345703;[1]
(bcaf);125;12:06:08:70;29.764799118042;67.00567626953125;92.76148986816406;[1]
(bcaf);126;12:06:09:219;29.764799118042;66.97515869140625;92.63440704345703;[1]
(bcaf);127;12:06:10:371;29.764799118042;66.97515869140625;92.63440704345703;[1]
(bcaf);128;12:06:11:526;29.764799118042;66.94464111328125;92.76148986816406;[1]
(bcaf);129;12:06:12:676;29.764799118042;66.94464111328125;92.82502746582031;[1]
(bcaf);130;12:06:13:826;29.82719993591308;66.94464111328125;92.63440704345703;[1]
(bcaf);131;12:06:14:975;29.764799118042;66.9217529296875;92.69794464111328;[1]
(bcaf);132;12:06:16:125;29.764799118042;66.9217529296875;92.76148986816406;[1]
(bcaf);133;12:06:17:276;29.82719993591308;66.9217529296875;92.76148986816406;[1]
(bcaf);134;12:06:18:426;29.764799118042;66.8912353515625;92.76148986816406;[1]
(bcaf);135;12:06:19:582;29.764799118042;66.8912353515625;92.76148986816406;[1]
(bcaf);136;12:06:20:732;29.82719993591308;66.8912353515625;92.76148986816406;[1]
(bcaf);137;12:06:21:883;29.764799118042;66.8912353515625;92.69794464111328;[1]
(bcaf);138;12:06:23:33;29.82719993591308;66.8912353515625;92.69794464111328;[1]
(bcaf);139;12:06:24:184;29.82719993591308;66.8607177734375;92.63440704345703;[1]
(bcaf);140;12:06:25:335;29.764799118042;66.83782958984375;92.82502746582031;[1]
(bcaf);141;12:06:26:485;29.82719993591308;66.80731201171875;92.76148986816406;[1]
(bcaf);142;12:06:27:639;29.82719993591308;66.71575927734375;92.76148986816406;[1]
(bcaf);143;12:06:28:789;29.82719993591308;66.68524169921875;92.76148986816406;[1]
(bcaf);144;12:06:29:940;29.82719993591308;66.65472412109375;92.69794464111328;[1]
(bcaf);145;12:06:31:91;29.82719993591308;66.6318359375;92.76148986816406;[1]
(bcaf);146;12:06:32:241;29.82719993591308;66.6318359375;92.88856506347656;[1]
(bcaf);147;12:06:33:391;29.764799118042;66.601318359375;92.69794464111328;[1]
(bcaf);148;12:06:34:547;29.82719993591308;66.601318359375;92.69794464111328;[1]
(bcaf);149;12:06:35:698;29.82719993591308;66.601318359375;92.63440704345703;[1]
(bcaf);150;12:06:36:849;29.764799118042;66.601318359375;92.82502746582031;[1]
(bcaf);151;12:06:37:999;29.82719993591308;66.601318359375;92.82502746582031;[1]
(bcaf);152;12:06:39:148;29.82719993591308;66.601318359375;92.63440704345703;[1]
(bcaf);153;12:06:40:298;29.82719993591308;66.601318359375;92.76148986816406;[1]
(bcaf);154;12:06:41:448;29.82719993591308;66.601318359375;92.82502746582031;[1]
(bcaf);155;12:06:42:604;29.82719993591308;66.6318359375;92.76148986816406;[1]
(bcaf);156;12:06:43:754;29.82719993591308;66.6318359375;92.76148986816406;[1]
(bcaf);157;12:06:44:904;29.82719993591308;66.65472412109375;92.69794464111328;[1]
(bcaf);158;12:06:46:55;29.82719993591308;66.65472412109375;92.76148986816406;[1]
(bcaf);159;12:06:47:204;29.82719993591308;66.65472412109375;92.63440704345703;[1]
(bcaf);160;12:06:48:355;29.82719993591308;66.65472412109375;92.76148986816406;[1]
(bcaf);161;12:06:49:506;29.82719993591308;66.65472412109375;92.82502746582031;[1]
(bcaf);162;12:06:50:663;29.82719993591308;66.65472412109375;92.50733184814453;[1]
(bcaf);163;12:06:51:813;29.82719993591308;66.65472412109375;92.82502746582031;[1]
(bcaf);164;12:06:52:963;29.82719993591308;66.65472412109375;92.76148986816406;[1]
(bcaf);165;12:06:54:113;29.82719993591308;66.65472412109375;92.69794464111328;[1]
(bcaf);166;12:06:55:264;29.82719993591308;66.65472412109375;92.82502746582031;[1]
(bcaf);167;12:06:56:414;29.82719993591308;66.68524169921875;92.63440704345703;[1]
(bcaf);168;12:06:57:563;29.82719993591308;66.68524169921875;92.69794464111328;[1]
(bcaf);169;12:06:58:720;29.82719993591308;66.68524169921875;92.82502746582031;[1]
(bcaf);170;12:06:59:869;29.82719993591308;66.71575927734375;92.76148986816406;[1]
(bcaf);171;12:07:01:21;29.82719993591308;66.80731201171875;92.63440704345703;[1]
(bcaf);172;12:07:02:171;29.82719993591308;66.83782958984375;92.82502746582031;[1]
(bcaf);173;12:07:03:320;29.82719993591308;66.8607177734375;92.63440704345703;[1]
(bcaf);174;12:07:04:472;29.82719993591308;66.8912353515625;92.63440704345703;[1]
(bcaf);175;12:07:05:621;29.82719993591308;66.9217529296875;92.63440704345703;[1]
(bcaf);176;12:07:06:778;29.82719993591308;66.9217529296875;92.82502746582031;[1]
(bcaf);177;12:07:07:927;29.82719993591308;66.94464111328125;92.88856506347656;[1]
(bcaf);178;12:07:09:77;29.82719993591308;66.94464111328125;92.76148986816406;[1]
(bcaf);179;12:07:10:227;29.82719993591308;66.94464111328125;92.76148986816406;[1]
(bcaf);180;12:07:11:378;29.82719993591308;66.94464111328125;92.82502746582031;[1]
(bcaf);181;12:07:12:530;29.764799118042;66.97515869140625;92.63440704345703;[1]
(bcaf);182;12:07:13:679;29.764799118042;66.94464111328125;92.63440704345703;[1]
(bcaf);183;12:07:14:834;29.82719993591308;66.94464111328125;92.82502746582031;[1]
(bcaf);184;12:07:15:984;29.82719993591308;66.9217529296875;92.76148986816406;[1]
(bcaf);185;12:07:17:135;29.82719993591308;66.8607177734375;92.82502746582031;[1]
(bcaf);186;12:07:18:287;29.764799118042;66.80731201171875;92.82502746582031;[1]
(bcaf);187;12:07:19:437;29.82719993591308;66.77679443359375;92.76148986816406;[1]
(bcaf);188;12:07:20:587;29.82719993591308;66.71575927734375;92.63440704345703;[1]
(bcaf);189;12:07:21:741;29.764799118042;66.71575927734375;92.63440704345703;[1]
(bcaf);190;12:07:22:893;29.82719993591308;66.68524169921875;92.82502746582031;[1]
(bcaf);191;12:07:24:44;29.764799118042;66.68524169921875;92.69794464111328;[1]
(bcaf);192;12:07:25:194;29.764799118042;66.68524169921875;92.63440704345703;[1]
(bcaf);193;12:07:26:344;29.764799118042;66.71575927734375;92.69794464111328;[1]
(bcaf);194;12:07:27:494;29.82719993591308;66.71575927734375;92.69794464111328;[1]
(bcaf);195;12:07:28:645;29.764799118042;66.71575927734375;92.82502746582031;[1]
(bcaf);196;12:07:29:800;29.82719993591308;66.71575927734375;92.69794464111328;[1]
(bcaf);197;12:07:30:949;29.82719993591308;66.77679443359375;92.69794464111328;[1]
(bcaf);198;12:07:32:101;29.764799118042;66.77679443359375;92.76148986816406;[1]
(bcaf);199;12:07:33:250;29.82719993591308;66.80731201171875;92.82502746582031;[1]
(bcaf);200;12:07:34:401;29.764799118042;66.80731201171875;92.82502746582031;[1]
(bcaf);201;12:07:35:550;29.764799118042;66.80731201171875;92.76148986816406;[1]
(bcaf);202;12:07:36:701;29.764799118042;66.83782958984375;92.82502746582031;[1]
(bcaf);203;12:07:37:862;29.764799118042;66.83782958984375;92.82502746582031;[1]
(bcaf);204;12:07:39:12;29.764799118042;66.83782958984375;92.88856506347656;[1]
(bcaf);205;12:07:40:163;29.764799118042;66.83782958984375;92.69794464111328;[1]
(bcaf);206;12:07:41:313;29.764799118042;66.83782958984375;92.76148986816406;[1]
(bcaf);207;12:07:42:462;29.764799118042;66.83782958984375;92.63440704345703;[1]
(bcaf);208;12:07:43:612;29.764799118042;66.8607177734375;92.63440704345703;[1]
(bcaf);209;12:07:44:763;29.764799118042;66.8912353515625;92.69794464111328;[1]
(bcaf);210;12:07:45:919;29.764799118042;66.8912353515625;92.76148986816406;[1]
(bcaf);211;12:07:47:70;29.764799118042;66.9217529296875;92.76148986816406;[1]
(bcaf);212;12:07:48:220;29.764799118042;66.9217529296875;92.63440704345703;[1]
(bcaf);213;12:07:49:369;29.764799118042;66.9217529296875;92.63440704345703;[1]
(bcaf);214;12:07:50:520;29.764799118042;66.9217529296875;92.63440704345703;[1]
(bcaf);215;12:07:51:671;29.764799118042;66.9217529296875;92.95210266113281;[1]
