(cacf);04:27:00:671;1;31.76159858703613;58.5751953125;92.062561035156251;31.76159858703613;58.5751953125;92.1260986328125;[1]
(cacf);04:27:00:984;1;32.07360076904296;59.92559814453125;92.18963623046875;[1]
(cacf);04:27:01:232;2;32.07360076904296;59.95611572265625;92.06256103515625;[1]
(cacf);04:27:01:486;3;32.07360076904296;59.98663330078125;92.18963623046875;[1]
(cacf);04:27:01:730;4;32.07360076904296;59.98663330078125;92.06256103515625;[1]
(cacf);04:27:01:978;5;32.07360076904296;59.98663330078125;92.06256103515625;[1]
(cacf);04:27:02:222;6;32.07360076904296;59.95611572265625;92.18963623046875;[1]
(cacf);04:27:02:466;7;32.01119995117187;59.92559814453125;92.18963623046875;[1]
(aaaf);04:27:02:592;1;32.63520050048828;51.708740234375;92.12609863281251;32.63520050048828;51.94525146484375;92.253173828125;[1]
(cacf);04:27:02:716;8;32.1359977722168;59.92559814453125;92.18963623046875;[1]
(aaaf);04:27:02:883;1;32.8223991394043;51.15179443359375;91.9990234375;[1]
(cacf);04:27:03:0;9;32.1359977722168;59.89508056640625;92.06256103515625;[1]
(aaaf);04:27:03:132;2;32.8223991394043;51.15179443359375;92.06256103515625;[1]
(cacf);04:27:03:248;10;32.07360076904296;59.86456298828125;92.06256103515625;[1]
(aaaf);04:27:03:378;3;32.8223991394043;51.18994140625;92.1260986328125;[1]
(cacf);04:27:03:498;11;32.07360076904296;59.89508056640625;92.18963623046875;[1]
(aaaf);04:27:03:624;4;32.8223991394043;51.15179443359375;92.06256103515625;[1]
(cacf);04:27:03:741;12;32.1359977722168;59.83404541015625;92.18963623046875;[1]
(aaaf);04:27:03:872;5;32.8223991394043;51.15179443359375;92.1260986328125;[1]
(cacf);04:27:03:990;13;32.1359977722168;59.80352783203125;92.18963623046875;[1]
(aaaf);04:27:04:115;6;32.8223991394043;51.12127685546875;92.18963623046875;[1]
(cacf);04:27:04:234;14;32.1359977722168;59.77301025390625;92.06256103515625;[1]
(aaaf);04:27:04:359;7;32.8223991394043;51.12127685546875;92.1260986328125;[1]
(cacf);04:27:04:478;15;32.07360076904296;59.71197509765625;91.93548583984375;[1]
(aaaf);04:27:04:603;8;32.8223991394043;51.12127685546875;92.18963623046875;[1]
(cacf);04:27:04:722;16;32.1359977722168;59.6280517578125;92.18963623046875;[1]
(aaaf);04:27:04:856;9;32.8223991394043;51.15179443359375;92.1260986328125;[1]
(cacf);04:27:04:981;17;32.1359977722168;59.5364990234375;92.18963623046875;[1]
(aaaf);04:27:05:101;10;32.8223991394043;51.18994140625;92.1260986328125;[1]
(cacf);04:27:05:225;18;32.1359977722168;59.4754638671875;92.18963623046875;[1]
(aaaf);04:27:05:345;11;32.8223991394043;51.18994140625;92.1260986328125;[1]
(cacf);04:27:05:474;19;32.1359977722168;59.3839111328125;92.18963623046875;[1]
(aaaf);04:27:05:594;12;32.8223991394043;51.220458984375;92.06256103515625;[1]
(cacf);04:27:05:718;20;32.1359977722168;59.2923583984375;92.1260986328125;[1]
(aaaf);04:27:05:838;13;32.8223991394043;51.220458984375;92.18963623046875;[1]
(cacf);04:27:05:962;21;32.1359977722168;59.17791748046875;92.18963623046875;[1]
(aaaf);04:27:06:82;14;32.8847999572754;51.25860595703125;91.9990234375;[1]
(cacf);04:27:06:206;22;32.1359977722168;59.08636474609375;92.253173828125;[1]
(aaaf);04:27:06:326;15;32.8847999572754;51.25860595703125;92.06256103515625;[1]
(cacf);04:27:06:450;23;32.1359977722168;58.99481201171875;92.18963623046875;[1]
(aaaf);04:27:06:570;16;32.8847999572754;51.28912353515625;92.06256103515625;[1]
(cacf);04:27:06:694;24;32.1359977722168;58.93377685546875;92.18963623046875;[1]
(aaaf);04:27:06:814;17;32.8223991394043;51.28912353515625;92.18963623046875;[1]
(cacf);04:27:06:938;25;32.1359977722168;58.87274169921875;92.06256103515625;[1]
(aaaf);04:27:07:58;18;32.8223991394043;51.28912353515625;92.18963623046875;[1]
(cacf);04:27:07:182;26;32.1359977722168;58.81170654296875;92.18963623046875;[1]
(aaaf);04:27:07:302;19;32.8847999572754;51.3272705078125;92.18963623046875;[1]
(cacf);04:27:07:426;27;32.1983985900879;58.78118896484375;92.18963623046875;[1]
(aaaf);04:27:07:551;20;32.8223991394043;51.3272705078125;92.18963623046875;[1]
(cacf);04:27:07:675;28;32.1983985900879;58.75830078125;92.18963623046875;[1]
(aaaf);04:27:07:795;21;32.8847999572754;51.3577880859375;92.06256103515625;[1]
(cacf);04:27:07:919;29;32.1359977722168;58.697265625;92.18963623046875;[1]
(aaaf);04:27:08:39;22;32.8847999572754;51.3577880859375;92.18963623046875;[1]
(cacf);04:27:08:163;30;32.1983985900879;58.666748046875;91.93548583984375;[1]
(aaaf);04:27:08:283;23;32.8847999572754;51.39593505859375;92.18963623046875;[1]
(cacf);04:27:08:407;31;32.1983985900879;58.63623046875;92.06256103515625;[1]
(aaaf);04:27:08:527;24;32.8847999572754;51.42645263671875;91.9990234375;[1]
(cacf);04:27:08:651;32;32.1983985900879;58.605712890625;92.06256103515625;[1]
(aaaf);04:27:08:771;25;32.8847999572754;51.4951171875;92.18963623046875;[1]
(cacf);04:27:08:895;33;32.1983985900879;58.605712890625;92.06256103515625;[1]
(bcaf);04:27:09:15;1;31.82399940490722;56.6678466796875;92.12609863281251;31.88639831542968;56.6983642578125;91.9990234375;[1]
(aaaf);04:27:09:144;26;32.8847999572754;51.53326416015625;92.06256103515625;[1]
(bcaf);04:27:09:264;1;31.94879913330078;58.75830078125;92.18963623046875;[1]
(aaaf);04:27:09:388;27;32.8847999572754;51.56378173828125;92.06256103515625;[1]
(cacf);04:27:09:513;34;32.1983985900879;58.5751953125;92.0625610351562534;32.1983985900879;58.5751953125;92.18963623046875;[1]
(aaaf);04:27:09:642;28;32.8223991394043;51.59429931640625;92.18963623046875;[1]
(bcaf);04:27:09:762;2;32.01119995117187;58.78118896484375;92.316711425781252;32.01119995117187;58.84222412109375;92.1260986328125;[1]
(aaaf);04:27:09:891;29;32.8847999572754;51.6324462890625;92.06256103515625;[1]
(bcaf);04:27:10:11;3;32.01119995117187;58.87274169921875;92.18963623046875;[1]
(aaaf);04:27:10:135;30;32.8847999572754;51.6629638671875;92.18963623046875;[1]
(bcaf);04:27:10:255;4;32.01119995117187;58.87274169921875;91.9990234375;[1]
(aaaf);04:27:10:379;31;32.8847999572754;51.6629638671875;92.18963623046875;[1]
(bcaf);04:27:10:499;5;32.01119995117187;58.87274169921875;92.1260986328125;[1]
(aaaf);04:27:10:623;32;32.8847999572754;51.70111083984375;92.18963623046875;[1]
(bcaf);04:27:10:743;6;32.01119995117187;58.87274169921875;92.253173828125;[1]
(aaaf);04:27:10:867;33;32.8847999572754;51.769775390625;92.06256103515625;[1]
(bcaf);04:27:10:987;7;32.01119995117187;58.90325927734375;92.253173828125;[1]
(aaaf);04:27:11:111;34;32.8847999572754;51.80029296875;92.18963623046875;[1]
(bcaf);04:27:11:231;8;32.01119995117187;58.9566650390625;92.1260986328125;[1]
(aaaf);04:27:11:355;35;32.94720077514648;51.86895751953125;92.18963623046875;[1]
(bcaf);04:27:11:475;9;31.94879913330078;58.9871826171875;92.06256103515625;[1]
(aaaf);04:27:11:604;36;32.8847999572754;51.9071044921875;92.18963623046875;[1]
(bcaf);04:27:11:724;10;32.01119995117187;59.0177001953125;92.1260986328125;[1]
(aaaf);04:27:11:848;37;32.8847999572754;51.9071044921875;92.1260986328125;[1]
(bcaf);04:27:11:968;11;32.01119995117187;59.0177001953125;92.06256103515625;[1]
(aaaf);04:27:12:92;38;32.94720077514648;51.9376220703125;92.06256103515625;[1]
(bcaf);04:27:12:212;12;31.94879913330078;58.9871826171875;92.1260986328125;[1]
(aaaf);04:27:12:336;39;32.94720077514648;51.97576904296875;92.06256103515625;[1]
(bcaf);04:27:12:456;13;31.94879913330078;58.87274169921875;92.1260986328125;[1]
(aaaf);04:27:12:580;40;32.94720077514648;52.00628662109375;92.18963623046875;[1]
(bcaf);04:27:12:702;14;32.01119995117187;58.81170654296875;91.9990234375;[1]
(aaaf);04:27:12:819;41;32.94720077514648;52.04443359375;92.18963623046875;[1]
(bcaf);04:27:12:945;15;32.01119995117187;58.78118896484375;92.1260986328125;[1]
(aaaf);04:27:13:63;42;32.94720077514648;52.074951171875;92.06256103515625;[1]
(bcaf);04:27:13:192;16;32.01119995117187;58.78118896484375;92.253173828125;[1]
(aaaf);04:27:13:312;43;32.94720077514648;52.10546875;92.06256103515625;[1]
(bcaf);04:27:13:435;17;32.01119995117187;58.81170654296875;92.253173828125;[1]
(aaaf);04:27:13:560;44;32.94720077514648;52.10546875;92.06256103515625;[1]
(bcaf);04:27:13:685;18;32.01119995117187;58.84222412109375;92.31671142578125;[1]
(aaaf);04:27:13:805;45;32.94720077514648;52.12835693359375;92.1260986328125;[1]
(bcaf);04:27:13:929;19;31.94879913330078;58.87274169921875;92.1260986328125;[1]
(aaaf);04:27:14:49;46;32.94720077514648;52.12835693359375;92.18963623046875;[1]
(bcaf);04:27:14:173;20;31.94879913330078;58.87274169921875;92.1260986328125;[1]
(aaaf);04:27:14:293;47;32.94720077514648;52.074951171875;92.18963623046875;[1]
(bcaf);04:27:14:417;21;32.01119995117187;58.87274169921875;92.18963623046875;[1]
(aaaf);04:27:14:537;48;32.94720077514648;52.06732177734375;92.06256103515625;[1]
(bcaf);04:27:14:663;22;31.94879913330078;58.87274169921875;92.18963623046875;[1]
(aaaf);04:27:14:781;49;32.94720077514648;52.03680419921875;92.06256103515625;[1]
(bcaf);04:27:14:910;23;32.01119995117187;58.84222412109375;92.18963623046875;[1]
(aaaf);04:27:15:30;50;32.94720077514648;51.9986572265625;92.06256103515625;[1]
(bcaf);04:27:15:154;24;32.01119995117187;58.78118896484375;91.9990234375;[1]
(aaaf);04:27:15:274;51;32.94720077514648;51.9681396484375;92.1260986328125;[1]
(bcaf);04:27:15:398;25;32.01119995117187;58.727783203125;92.31671142578125;[1]
(aaaf);04:27:15:518;52;32.94720077514648;51.9681396484375;92.06256103515625;[1]
(bcaf);04:27:15:647;26;32.01119995117187;58.666748046875;92.18963623046875;[1]
(aaaf);04:27:15:767;53;33.00959777832031;51.92999267578125;92.18963623046875;[1]
(bcaf);04:27:15:891;27;32.01119995117187;58.61334228515625;92.1260986328125;[1]
(aaaf);04:27:16:11;54;32.94720077514648;51.89947509765625;92.18963623046875;[1]
(bcaf);04:27:16:137;28;32.01119995117187;58.58282470703125;91.9990234375;[1]
(aaaf);04:27:16:255;55;32.94720077514648;51.830810546875;92.18963623046875;[1]
(bcaf);04:27:16:385;29;32.01119995117187;58.52178955078125;92.18963623046875;[1]
(aaaf);04:27:16:504;56;33.00959777832031;51.79266357421875;92.18963623046875;[1]
(bcaf);04:27:16:629;30;32.01119995117187;58.4989013671875;92.1260986328125;[1]
(aaaf);04:27:16:748;57;32.94720077514648;51.76214599609375;92.06256103515625;[1]
(bcaf);04:27:16:876;31;32.07360076904296;58.4683837890625;91.9990234375;[1]
(aaaf);04:27:16:997;58;33.00959777832031;51.7239990234375;92.18963623046875;[1]
(bcaf);04:27:17:124;32;31.94879913330078;58.4378662109375;91.9990234375;[1]
(aaaf);04:27:17:241;59;33.00959777832031;51.6934814453125;92.18963623046875;[1]
(aadc);04:27:17:365;1;31.88639831542968;54.78338623046875;92.062561035156251;31.88639831542968;54.75286865234375;91.9990234375;[1]
(bcaf);04:27:17:490;33;32.01119995117187;58.4073486328125;92.1260986328125;[1]
(bcaf);04:27:17:621;34;32.01119995117187;58.3768310546875;92.1260986328125;[1]
(aadc);04:27:17:738;1;32.1359977722168;55.28692626953125;92.1260986328125;[1]
(bcaf);04:27:17:868;35;32.01119995117187;58.35394287109375;92.18963623046875;[1]
(aadc);04:27:17:987;2;32.1359977722168;55.25640869140625;92.18963623046875;[1]
(bcaf);04:27:18:112;36;32.01119995117187;58.32342529296875;92.1260986328125;[1]
(aadc);04:27:18:232;3;32.1359977722168;55.22589111328125;92.06256103515625;[1]
(bcaf);04:27:18:360;37;32.01119995117187;58.26239013671875;92.06256103515625;[1]
(aadc);04:27:18:480;4;32.1359977722168;55.19537353515625;92.1260986328125;[1]
(bcaf);04:27:18:612;38;32.07360076904296;58.23187255859375;92.18963623046875;[1]
(aadc);04:27:18:734;5;32.1359977722168;55.19537353515625;92.18963623046875;[1]
(bcaf);04:27:18:856;39;32.01119995117187;58.178466796875;92.18963623046875;[1]
(aadc);04:27:18:978;6;32.1359977722168;55.19537353515625;92.1260986328125;[1]
(bcaf);04:27:19:99;40;32.01119995117187;58.117431640625;92.06256103515625;[1]
(aadc);04:27:19:222;7;32.1359977722168;55.1419677734375;92.1260986328125;[1]
(bcaf);04:27:19:346;41;32.01119995117187;58.0869140625;92.18963623046875;[1]
(aadc);04:27:19:471;8;32.1359977722168;55.1114501953125;92.18963623046875;[1]
(bcaf);04:27:19:591;42;32.07360076904296;58.06402587890625;92.18963623046875;[1]
(aadc);04:27:19:720;9;32.1359977722168;55.0809326171875;91.9990234375;[1]
(bcaf);04:27:19:840;43;32.07360076904296;58.03350830078125;92.1260986328125;[1]
(aadc);04:27:19:964;10;32.1359977722168;55.0198974609375;91.8719482421875;[1]
(bcaf);04:27:20:84;44;32.01119995117187;57.97247314453125;92.18963623046875;[1]
(aadc);04:27:20:208;11;32.1359977722168;54.9893798828125;92.06256103515625;[1]
(bcaf);04:27:20:328;45;32.01119995117187;57.94195556640625;92.1260986328125;[1]
(aadc);04:27:20:452;12;32.1359977722168;54.8978271484375;92.06256103515625;[1]
(bcaf);04:27:20:583;45;32.01119995117187;57.94195556640625;92.126098632812545;32.07360076904296;57.8885498046875;92.18963623046875;[1]
(aadc);04:27:20:716;13;32.07360076904296;54.8673095703125;92.18963623046875;[1]
(bcaf);04:27:20:836;46;32.07360076904296;57.77410888671875;92.18963623046875;[1]
(aadc);04:27:20:960;14;32.1359977722168;54.8673095703125;91.9990234375;[1]
(bcaf);04:27:21:80;47;32.07360076904296;57.65966796875;92.06256103515625;[1]
(aadc);04:27:21:204;15;32.07360076904296;54.84442138671875;92.1260986328125;[1]
(bcaf);04:27:21:327;48;32.07360076904296;57.54522705078125;92.06256103515625;[1]
(bcaf);04:27:21:453;48;32.07360076904296;57.54522705078125;92.06256103515625;[1]
(bcaf);04:27:21:579;48;32.07360076904296;57.54522705078125;92.0625610351562548;32.07360076904296;57.45367431640625;92.1260986328125;[1]
(aadc);04:27:21:712;16;32.1359977722168;54.84442138671875;91.999023437516;32.1983985900879;54.84442138671875;92.06256103515625;[1]
(bcaf);04:27:21:836;49;32.07360076904296;57.3697509765625;92.1260986328125;[1]
(aadc);04:27:21:956;17;32.1359977722168;54.81390380859375;92.18963623046875;[1]
(bcaf);04:27:22:76;50;32.01119995117187;57.28582763671875;92.06256103515625;[1]
(aadc);04:27:22:200;18;32.1359977722168;54.78338623046875;92.06256103515625;[1]
(bcaf);04:27:22:319;51;32.07360076904296;57.25531005859375;92.18963623046875;[1]
(aadc);04:27:22:439;19;32.1359977722168;54.78338623046875;92.06256103515625;[1]
(bcaf);04:27:22:558;52;32.07360076904296;57.17138671875;92.31671142578125;[1]
(aadc);04:27:22:678;20;32.1983985900879;54.75286865234375;92.06256103515625;[1]
(bcaf);04:27:22:801;53;32.07360076904296;57.11798095703125;92.31671142578125;[1]
(aadc);04:27:22:922;21;32.1983985900879;54.75286865234375;92.06256103515625;[1]
(bcaf);04:27:23:44;54;32.07360076904296;57.08746337890625;92.1260986328125;[1]
(aadc);04:27:23:166;22;32.1983985900879;54.78338623046875;92.18963623046875;[1]
(bcaf);04:27:23:288;55;32.07360076904296;57.02642822265625;92.06256103515625;[1]
(aadc);04:27:23:410;23;32.1359977722168;54.81390380859375;92.06256103515625;[1]
(bcaf);04:27:23:540;56;32.07360076904296;56.9425048828125;92.18963623046875;[1]
(aadc);04:27:23:664;24;32.1983985900879;54.84442138671875;92.18963623046875;[1]
(bcaf);04:27:23:788;57;32.07360076904296;56.9119873046875;92.18963623046875;[1]
(aadc);04:27:23:908;25;32.1359977722168;54.8673095703125;92.18963623046875;[1]
(bcaf);04:27:24:27;58;32.07360076904296;56.85858154296875;92.1260986328125;[1]
(aadc);04:27:24:147;26;32.1983985900879;54.9283447265625;92.1260986328125;[1]
(bcaf);04:27:24:271;59;32.07360076904296;56.79754638671875;92.1260986328125;[1]
(aadc);04:27:24:391;27;32.1983985900879;54.9283447265625;92.06256103515625;[1]
(bcaf);04:27:24:515;60;32.07360076904296;56.76702880859375;92.1260986328125;[1]
(aadc);04:27:24:635;28;32.1983985900879;54.9588623046875;92.06256103515625;[1]
(bcaf);04:27:24:763;61;32.07360076904296;56.73651123046875;92.06256103515625;[1]
(aadc);04:27:24:884;29;32.1983985900879;54.9588623046875;92.06256103515625;[1]
(bcaf);04:27:25:10;62;32.1359977722168;56.713623046875;92.1260986328125;[1]
(aadc);04:27:25:128;30;32.1983985900879;55.0198974609375;92.18963623046875;[1]
(bcaf);04:27:25:253;63;32.07360076904296;56.68310546875;91.9990234375;[1]
(aadc);04:27:25:372;31;32.1983985900879;55.0198974609375;92.31671142578125;[1]
(bcaf);04:27:25:497;64;32.1359977722168;56.68310546875;92.18963623046875;[1]
(aadc);04:27:25:621;32;32.1983985900879;55.0198974609375;92.06256103515625;[1]
(bcaf);04:27:25:744;65;32.07360076904296;56.68310546875;92.06256103515625;[1]
(aadc);04:27:25:865;33;32.1983985900879;55.0198974609375;92.06256103515625;[1]
(bcaf);04:27:25:993;66;32.1359977722168;56.68310546875;92.1260986328125;[1]
(aadc);04:27:26:109;34;32.1983985900879;54.9588623046875;92.18963623046875;[1]
(bcaf);04:27:26:235;67;32.07360076904296;56.68310546875;92.18963623046875;[1]
(aadc);04:27:26:353;35;32.1983985900879;54.9588623046875;92.06256103515625;[1]
(bcaf);04:27:26:479;68;32.07360076904296;56.68310546875;92.18963623046875;[1]
(aadc);04:27:26:597;36;32.1983985900879;54.9588623046875;92.18963623046875;[1]
(bcaf);04:27:26:724;69;32.1359977722168;56.68310546875;92.18963623046875;[1]
(aadc);04:27:26:841;37;32.1983985900879;54.9283447265625;92.06256103515625;[1]
(bcaf);04:27:26:971;70;32.07360076904296;56.68310546875;92.18963623046875;[1]
(aadc);04:27:27:90;38;32.26079940795898;54.9283447265625;92.06256103515625;[1]
(bcaf);04:27:27:219;71;32.1359977722168;56.652587890625;92.1260986328125;[1]
(aadc);04:27:27:339;39;32.1983985900879;54.8978271484375;92.06256103515625;[1]
(bcaf);04:27:27:467;72;32.1359977722168;56.6220703125;92.06256103515625;[1]
(aadc);04:27:27:583;40;32.1983985900879;54.8978271484375;92.06256103515625;[1]
(bcaf);04:27:27:711;73;32.1359977722168;56.591552734375;92.06256103515625;[1]
(aadc);04:27:27:837;41;32.26079940795898;54.8673095703125;92.06256103515625;[1]
(bcaf);04:27:27:961;74;32.1359977722168;56.53814697265625;92.18963623046875;[1]
(aadc);04:27:28:81;42;32.1983985900879;54.8673095703125;92.06256103515625;[1]
(bcaf);04:27:28:205;75;32.1359977722168;56.50762939453125;92.1260986328125;[1]
(aadc);04:27:28:325;43;32.26079940795898;54.84442138671875;92.06256103515625;[1]
(bcaf);04:27:28:455;76;32.1359977722168;56.44659423828125;92.18963623046875;[1]
(aadc);04:27:28:574;44;32.1983985900879;54.84442138671875;91.9990234375;[1]
(bcaf);04:27:28:699;77;32.1359977722168;56.3931884765625;92.18963623046875;[1]
(aadc);04:27:28:818;45;32.26079940795898;54.81390380859375;92.06256103515625;[1]
(bcaf);04:27:28:947;78;32.1359977722168;56.3626708984375;92.06256103515625;[1]
(aadc);04:27:29:67;46;32.1983985900879;54.78338623046875;92.06256103515625;[1]
(bcaf);04:27:29:194;79;32.1359977722168;56.3321533203125;92.18963623046875;[1]
(aadc);04:27:29:311;47;32.26079940795898;54.78338623046875;92.06256103515625;[1]
(bcaf);04:27:29:441;80;32.1359977722168;56.3016357421875;92.1260986328125;[1]
(aadc);04:27:29:560;48;32.26079940795898;54.75286865234375;92.06256103515625;[1]
(bcaf);04:27:29:686;81;32.1359977722168;56.27874755859375;92.06256103515625;[1]
(aadc);04:27:29:809;49;32.26079940795898;54.72235107421875;92.06256103515625;[1]
(bcaf);04:27:29:933;82;32.1359977722168;56.24822998046875;92.18963623046875;[1]
(aadc);04:27:30:53;50;32.26079940795898;54.72235107421875;92.06256103515625;[1]
(bcaf);04:27:30:178;83;32.1359977722168;56.21771240234375;92.18963623046875;[1]
(aadc);04:27:30:297;51;32.26079940795898;54.69183349609375;92.18963623046875;[1]
(bcaf);04:27:30:426;84;32.1359977722168;56.21771240234375;92.06256103515625;[1]
(aadc);04:27:30:546;52;32.26079940795898;54.66131591796875;92.06256103515625;[1]
(bcaf);04:27:30:673;85;32.1983985900879;56.18719482421875;91.9990234375;[1]
(aadc);04:27:30:790;53;32.26079940795898;54.66131591796875;92.06256103515625;[1]
(bcaf);04:27:30:922;86;32.1983985900879;56.1337890625;92.06256103515625;[1]
(aadc);04:27:31:44;54;32.1983985900879;54.63079833984375;92.06256103515625;[1]
(bcaf);04:27:31:170;87;32.1359977722168;56.103271484375;92.18963623046875;[1]
(aadc);04:27:31:288;55;32.26079940795898;54.60028076171875;92.06256103515625;[1]
(bcaf);04:27:31:417;88;32.1359977722168;56.07275390625;92.18963623046875;[1]
(aadc);04:27:31:537;56;32.26079940795898;54.60028076171875;92.06256103515625;[1]
(bcaf);04:27:31:661;89;32.1359977722168;56.07275390625;92.18963623046875;[1]
(aadc);04:27:31:790;57;32.26079940795898;54.56976318359375;92.06256103515625;[1]
(bcaf);04:27:31:910;90;32.1359977722168;56.07275390625;92.31671142578125;[1]
(aadc);04:27:32:35;58;32.26079940795898;54.56976318359375;92.06256103515625;[1]
(bcaf);04:27:32:154;91;32.1359977722168;56.07275390625;92.1260986328125;[1]
(aadc);04:27:32:279;59;32.26079940795898;54.56976318359375;92.18963623046875;[1]
(bcaf);04:27:32:399;92;32.1359977722168;56.103271484375;92.18963623046875;[1]
(aadc);04:27:32:523;60;32.26079940795898;54.53924560546875;92.06256103515625;[1]
(bcaf);04:27:32:643;93;32.1983985900879;56.103271484375;92.18963623046875;[1]
(aadc);04:27:32:767;61;32.26079940795898;54.53924560546875;92.06256103515625;[1]
(bcaf);04:27:32:887;94;32.1983985900879;56.1337890625;92.1260986328125;[1]
(aadc);04:27:33:11;62;32.26079940795898;54.53924560546875;92.18963623046875;[1]
(bcaf);04:27:33:131;95;32.1359977722168;56.1337890625;92.18963623046875;[1]
(aadc);04:27:33:255;63;32.26079940795898;54.53924560546875;92.06256103515625;[1]
(bcaf);04:27:33:375;96;32.1983985900879;56.1337890625;92.18963623046875;[1]
(aadc);04:27:33:499;64;32.26079940795898;54.53924560546875;92.06256103515625;[1]
(bcaf);04:27:33:619;97;32.1359977722168;56.164306640625;92.18963623046875;[1]
(aadc);04:27:33:743;65;32.32320022583007;54.53924560546875;92.06256103515625;[1]
(bcaf);04:27:33:868;98;32.1983985900879;56.164306640625;92.06256103515625;[1]
(aadc);04:27:33:992;66;32.26079940795898;54.56976318359375;92.06256103515625;[1]
(bcaf);04:27:34:112;99;32.1359977722168;56.18719482421875;92.18963623046875;[1]
(aadc);04:27:34:236;67;32.26079940795898;54.56976318359375;92.06256103515625;[1]
(bcaf);04:27:34:356;100;32.1983985900879;56.21771240234375;92.18963623046875;[1]
(aadc);04:27:34:480;68;32.26079940795898;54.56976318359375;91.9990234375;[1]
(bcaf);04:27:34:600;101;32.1983985900879;56.21771240234375;92.18963623046875;[1]
(aadc);04:27:34:724;69;32.26079940795898;54.56976318359375;92.1260986328125;[1]
(bcaf);04:27:34:844;102;32.1983985900879;56.21771240234375;92.06256103515625;[1]
(aadc);04:27:34:968;70;32.26079940795898;54.56976318359375;92.06256103515625;[1]
(bcaf);04:27:35:88;103;32.1983985900879;56.21771240234375;92.18963623046875;[1]
(aadc);04:27:35:212;71;32.26079940795898;54.56976318359375;92.06256103515625;[1]
(bcaf);04:27:35:332;104;32.1983985900879;56.21771240234375;91.9990234375;[1]
(aadc);04:27:35:460;72;32.26079940795898;54.60028076171875;92.06256103515625;[1]
(cacf);04:27:35:581;35;32.1983985900879;58.544677734375;92.0625610351562535;32.26079940795898;58.544677734375;91.93548583984375;[1]
(aadc);04:27:35:710;73;32.26079940795898;54.60028076171875;92.1260986328125;[1]
(bcaf);04:27:35:835;105;32.1983985900879;56.21771240234375;92.06256103515625105;32.1359977722168;56.21771240234375;92.06256103515625;[1]
(cacf);04:27:35:964;1;32.8847999572754;56.6220703125;92.06256103515625;[1]
(bcaf);04:27:36:84;106;32.1983985900879;56.21771240234375;92.18963623046875;[1]
(cacf);04:27:36:208;2;32.8847999572754;56.591552734375;91.93548583984375;[1]
(aadc);04:27:36:328;74;32.32320022583007;54.60028076171875;92.0625610351562574;32.26079940795898;54.60028076171875;92.06256103515625;[1]
(cacf);04:27:36:457;3;32.8223991394043;56.530517578125;92.06256103515625;[1]
(aadc);04:27:36:577;75;32.26079940795898;54.60028076171875;91.93548583984375;[1]
(cacf);04:27:36:701;4;32.8847999572754;56.5;92.06256103515625;[1]
(aadc);04:27:36:821;76;32.26079940795898;54.60028076171875;92.06256103515625;[1]
(cacf);04:27:36:945;5;32.8847999572754;56.469482421875;91.93548583984375;[1]
(aadc);04:27:37:65;77;32.26079940795898;54.63079833984375;92.06256103515625;[1]
(cacf);04:27:37:189;6;32.8223991394043;56.408447265625;91.93548583984375;[1]
(aadc);04:27:37:309;78;32.26079940795898;54.63079833984375;92.06256103515625;[1]
(cacf);04:27:37:433;7;32.94720077514648;56.35504150390625;92.06256103515625;[1]
(aadc);04:27:37:553;79;32.26079940795898;54.63079833984375;91.93548583984375;[1]
(cacf);04:27:37:677;8;32.8847999572754;56.29400634765625;92.1260986328125;[1]
(aadc);04:27:37:802;80;32.32320022583007;54.66131591796875;92.06256103515625;[1]
(cacf);04:27:37:926;9;32.8847999572754;56.23297119140625;92.06256103515625;[1]
(aadc);04:27:38:46;81;32.32320022583007;54.66131591796875;92.06256103515625;[1]
(cacf);04:27:38:165;10;32.94720077514648;56.17193603515625;92.1260986328125;[1]
(aadc);04:27:38:285;82;32.32320022583007;54.66131591796875;92.1260986328125;[1]
(cacf);04:27:38:404;11;32.94720077514648;56.14141845703125;91.9990234375;[1]
(aadc);04:27:38:524;83;32.32320022583007;54.66131591796875;92.06256103515625;[1]
(cacf);04:27:38:643;12;32.94720077514648;56.08038330078125;92.18963623046875;[1]
(aadc);04:27:38:768;84;32.32320022583007;54.66131591796875;92.1260986328125;[1]
(cacf);04:27:38:888;13;32.94720077514648;56.04986572265625;91.93548583984375;[1]
(aadc);04:27:39:12;85;32.26079940795898;54.66131591796875;92.06256103515625;[1]
(cacf);04:27:39:132;14;32.94720077514648;55.98883056640625;92.06256103515625;[1]
(aadc);04:27:39:256;86;32.32320022583007;54.66131591796875;92.1260986328125;[1]
(cacf);04:27:39:376;15;32.94720077514648;55.9354248046875;92.06256103515625;[1]
(aadc);04:27:39:500;87;32.32320022583007;54.66131591796875;92.1260986328125;[1]
(cacf);04:27:39:620;16;32.94720077514648;55.9354248046875;91.9990234375;[1]
(aadc);04:27:39:749;88;32.32320022583007;54.6842041015625;92.06256103515625;[1]
(cacf);04:27:39:869;17;33.00959777832031;55.9049072265625;92.1260986328125;[1]
(aadc);04:27:39:993;89;32.32320022583007;54.7147216796875;91.9990234375;[1]
(cacf);04:27:40:113;18;32.94720077514648;55.8743896484375;92.18963623046875;[1]
(aadc);04:27:40:237;90;32.32320022583007;54.7147216796875;92.1260986328125;[1]
(cacf);04:27:40:357;19;32.94720077514648;55.8438720703125;92.1260986328125;[1]
(aadc);04:27:40:481;91;32.32320022583007;54.7147216796875;92.1260986328125;[1]
(cacf);04:27:40:601;20;32.94720077514648;55.8743896484375;92.1260986328125;[1]
(aadc);04:27:40:725;92;32.32320022583007;54.7147216796875;92.1260986328125;[1]
(cacf);04:27:40:845;21;33.00959777832031;55.8743896484375;92.1260986328125;[1]
(aadc);04:27:40:969;93;32.32320022583007;54.7147216796875;91.9990234375;[1]
(cacf);04:27:41:89;22;33.00959777832031;55.8743896484375;91.9990234375;[1]
(aadc);04:27:41:213;94;32.32320022583007;54.6842041015625;92.1260986328125;[1]
(cacf);04:27:41:333;23;33.00959777832031;55.9049072265625;92.1260986328125;[1]
(aadc);04:27:41:457;95;32.32320022583007;54.6842041015625;92.1260986328125;[1]
(cacf);04:27:41:577;24;33.00959777832031;55.92779541015625;92.1260986328125;[1]
(aadc);04:27:41:701;96;32.32320022583007;54.6842041015625;92.1260986328125;[1]
(cacf);04:27:41:826;25;33.00959777832031;55.95831298828125;92.1260986328125;[1]
(aadc);04:27:41:950;97;32.32320022583007;54.6842041015625;92.06256103515625;[1]
(cacf);04:27:42:70;26;33.0719985961914;55.95831298828125;92.1260986328125;[1]
(aadc);04:27:42:194;98;32.32320022583007;54.6536865234375;92.1260986328125;[1]
(aadc);04:27:42:424;99;32.32320022583007;54.6536865234375;92.06256103515625;[1]
(aadc);04:27:42:674;100;32.32320022583007;54.63079833984375;92.1260986328125;[1]
(aadc);04:27:42:924;101;32.3855972290039;54.63079833984375;92.06256103515625;[1]
(aaaf);04:27:43:41;60;32.94720077514648;51.65533447265625;92.1896362304687560;33.00959777832031;51.65533447265625;92.18963623046875;[1]
(aadc);04:27:43:172;102;32.32320022583007;54.60028076171875;91.9990234375;[1]
(aaaf);04:27:43:290;1;33.63359832763671;49.90057373046875;92.06256103515625;[1]
(aadc);04:27:43:419;103;32.3855972290039;54.60028076171875;92.06256103515625;[1]
(aaaf);04:27:43:539;2;33.63359832763671;49.8624267578125;92.1260986328125;[1]
(aadc);04:27:43:665;104;32.32320022583007;54.60028076171875;92.06256103515625;[1]
(aaaf);04:27:43:783;3;33.63359832763671;49.8624267578125;92.1260986328125;[1]
(aadc);04:27:43:913;105;32.32320022583007;54.56976318359375;92.253173828125;[1]
(aaaf);04:27:44:32;4;33.69599914550781;49.85479736328125;92.06256103515625;[1]
(aadc);04:27:44:161;106;32.3855972290039;54.56976318359375;92.06256103515625;[1]
(aaaf);04:27:44:281;5;33.69599914550781;49.85479736328125;92.18963623046875;[1]
(aadc);04:27:44:404;107;32.3855972290039;54.53924560546875;91.9990234375;[1]
(aaaf);04:27:44:527;6;33.63359832763671;49.8319091796875;92.1260986328125;[1]
(aadc);04:27:44:653;108;32.3855972290039;54.50872802734375;91.9990234375;[1]
(aaaf);04:27:44:774;7;33.69599914550781;49.85479736328125;92.1260986328125;[1]
(aadc);04:27:44:898;109;32.32320022583007;54.50872802734375;92.1260986328125;[1]
(aaaf);04:27:45:18;8;33.69599914550781;49.85479736328125;92.1260986328125;[1]
(aadc);04:27:45:143;110;32.3855972290039;54.47821044921875;91.9990234375;[1]
(aaaf);04:27:45:268;9;33.69599914550781;49.85479736328125;92.06256103515625;[1]
(aadc);04:27:45:390;111;32.32320022583007;54.44769287109375;92.1260986328125;[1]
(aaaf);04:27:45:513;10;33.69599914550781;49.85479736328125;92.1260986328125;[1]
(aadc);04:27:45:641;112;32.3855972290039;54.44769287109375;92.06256103515625;[1]
(aaaf);04:27:45:760;11;33.69599914550781;49.85479736328125;92.1260986328125;[1]
(aadc);04:27:45:891;113;32.32320022583007;54.38665771484375;92.06256103515625;[1]
(aaaf);04:27:46:9;12;33.69599914550781;49.85479736328125;92.1260986328125;[1]
(aadc);04:27:46:141;114;32.3855972290039;54.35614013671875;92.06256103515625;[1]
(aaaf);04:27:46:258;13;33.7583999633789;49.85479736328125;92.1260986328125;[1]
(aadc);04:27:46:390;115;32.3855972290039;54.32562255859375;92.06256103515625;[1]
(aaaf);04:27:46:512;14;33.7583999633789;49.85479736328125;92.1260986328125;[1]
(aadc);04:27:46:640;116;32.3855972290039;54.29510498046875;92.06256103515625;[1]
(aaaf);04:27:46:761;15;33.7583999633789;49.8929443359375;92.1260986328125;[1]
(aadc);04:27:46:891;117;32.3855972290039;54.26458740234375;92.06256103515625;[1]
(aaaf);04:27:47:10;16;33.7583999633789;49.96160888671875;92.1260986328125;[1]
(aadc);04:27:47:141;118;32.32320022583007;54.23406982421875;92.1260986328125;[1]
(aaaf);04:27:47:259;17;33.7583999633789;49.99212646484375;92.1260986328125;[1]
(aadc);04:27:47:391;119;32.32320022583007;54.20355224609375;92.1260986328125;[1]
(aaaf);04:27:47:518;18;33.7583999633789;50.060791015625;92.1260986328125;[1]
(aadc);04:27:47:641;120;32.3855972290039;54.20355224609375;92.06256103515625;[1]
(aaaf);04:27:47:762;19;33.7583999633789;50.060791015625;92.253173828125;[1]
(aadc);04:27:47:891;121;32.3855972290039;54.17303466796875;92.06256103515625;[1]
(aaaf);04:27:48:11;20;33.7583999633789;50.060791015625;92.1260986328125;[1]
(aadc);04:27:48:140;122;32.32320022583007;54.17303466796875;92.06256103515625;[1]
(aaaf);04:27:48:270;21;33.82080078125;50.09130859375;92.1260986328125;[1]
(aadc);04:27:48:390;123;32.3855972290039;54.150146484375;92.06256103515625;[1]
(aaaf);04:27:48:514;22;33.82080078125;50.09130859375;92.06256103515625;[1]
(aadc);04:27:48:634;124;32.3855972290039;54.150146484375;92.06256103515625;[1]
(aaaf);04:27:48:758;23;33.82080078125;50.09130859375;92.1260986328125;[1]
(aadc);04:27:48:878;125;32.3855972290039;54.150146484375;92.1260986328125;[1]
(aaaf);04:27:49:2;24;33.82080078125;50.09130859375;92.1260986328125;[1]
(aadc);04:27:49:122;126;32.3855972290039;54.150146484375;91.9990234375;[1]
(aaaf);04:27:49:246;25;33.82080078125;50.11419677734375;92.1260986328125;[1]
(aadc);04:27:49:366;127;32.3855972290039;54.150146484375;91.9990234375;[1]
(aaaf);04:27:49:490;26;33.82080078125;50.11419677734375;92.1260986328125;[1]
(aadc);04:27:49:610;128;32.3855972290039;54.11962890625;92.06256103515625;[1]
(aaaf);04:27:49:734;27;33.82080078125;50.11419677734375;92.1260986328125;[1]
(aadc);04:27:49:854;129;32.3855972290039;54.150146484375;92.1260986328125;[1]
(aaaf);04:27:49:978;28;33.82080078125;50.11419677734375;92.1260986328125;[1]
(aadc);04:27:50:98;130;32.3855972290039;54.150146484375;92.1260986328125;[1]
(aaaf);04:27:50:222;29;33.82080078125;50.11419677734375;92.18963623046875;[1]
(aadc);04:27:50:347;131;32.3855972290039;54.150146484375;91.9990234375;[1]
(aaaf);04:27:50:471;30;33.88319778442382;50.11419677734375;92.1260986328125;[1]
(aadc);04:27:50:591;132;32.3855972290039;54.150146484375;92.1260986328125;[1]
(aaaf);04:27:50:715;31;33.88319778442382;50.11419677734375;92.1260986328125;[1]
(aadc);04:27:50:835;133;32.3855972290039;54.150146484375;92.06256103515625;[1]
(aaaf);04:27:50:959;32;33.82080078125;50.11419677734375;92.1260986328125;[1]
(aadc);04:27:51:79;134;32.447998046875;54.17303466796875;92.1260986328125;[1]
(aaaf);04:27:51:203;33;33.88319778442382;50.11419677734375;92.1260986328125;[1]
(aadc);04:27:51:323;135;32.447998046875;54.20355224609375;92.1260986328125;[1]
(aaaf);04:27:51:447;34;33.94559860229492;50.08367919921875;92.1260986328125;[1]
(aadc);04:27:51:567;136;32.3855972290039;54.20355224609375;92.1260986328125;[1]
(aaaf);04:27:51:691;35;33.88319778442382;50.08367919921875;92.1260986328125;[1]
(aadc);04:27:51:811;137;32.447998046875;54.23406982421875;92.1260986328125;[1]
(aaaf);04:27:51:935;36;33.94559860229492;50.08367919921875;92.1260986328125;[1]
(aadc);04:27:52:55;138;32.447998046875;54.26458740234375;92.06256103515625;[1]
(aaaf);04:27:52:179;37;33.88319778442382;50.08367919921875;92.1260986328125;[1]
(aadc);04:27:52:299;139;32.447998046875;54.26458740234375;92.1260986328125;[1]
(aaaf);04:27:52:428;38;33.88319778442382;50.08367919921875;92.1260986328125;[1]
(aadc);04:27:52:548;140;32.447998046875;54.26458740234375;92.1260986328125;[1]
(aaaf);04:27:52:672;39;33.94559860229492;50.0150146484375;92.1260986328125;[1]
(aadc);04:27:52:792;141;32.3855972290039;54.26458740234375;92.1260986328125;[1]
(aaaf);04:27:52:916;40;33.94559860229492;49.9844970703125;92.1260986328125;[1]
(aadc);04:27:53:36;142;32.447998046875;54.26458740234375;91.9990234375;[1]
(aaaf);04:27:53:160;41;33.94559860229492;49.94635009765625;92.18963623046875;[1]
(aadc);04:27:53:280;143;32.447998046875;54.26458740234375;92.18963623046875;[1]
(aaaf);04:27:53:404;42;33.94559860229492;49.938720703125;92.1260986328125;[1]
(aadc);04:27:53:524;144;32.3855972290039;54.29510498046875;92.1260986328125;[1]
(aaaf);04:27:53:648;43;34.00799942016601;49.908203125;92.1260986328125;[1]
(aadc);04:27:53:768;145;32.447998046875;54.29510498046875;92.1260986328125;[1]
(aaaf);04:27:53:892;44;33.94559860229492;49.87005615234375;92.1260986328125;[1]
(aadc);04:27:54:12;146;32.447998046875;54.29510498046875;92.1260986328125;[1]
(aaaf);04:27:54:136;45;33.94559860229492;49.87005615234375;92.18963623046875;[1]
(aadc);04:27:54:256;147;32.447998046875;54.29510498046875;92.06256103515625;[1]
(aaaf);04:27:54:385;46;34.00799942016601;49.87005615234375;92.18963623046875;[1]
(aadc);04:27:54:505;148;32.447998046875;54.35614013671875;92.06256103515625;[1]
(aaaf);04:27:54:629;47;34.00799942016601;49.83953857421875;92.1260986328125;[1]
(aadc);04:27:54:749;149;32.5103988647461;54.38665771484375;92.1260986328125;[1]
(aaaf);04:27:54:873;48;34.00799942016601;49.83953857421875;92.1260986328125;[1]
(aadc);04:27:54:993;150;32.5103988647461;54.38665771484375;92.1260986328125;[1]
(aaaf);04:27:55:117;49;34.00799942016601;49.83953857421875;92.18963623046875;[1]
(aadc);04:27:55:237;151;32.5103988647461;54.41717529296875;92.1260986328125;[1]
(aaaf);04:27:55:361;50;34.00799942016601;49.87005615234375;92.18963623046875;[1]
(aadc);04:27:55:481;152;32.5103988647461;54.4400634765625;92.1260986328125;[1]
(aaaf);04:27:55:605;51;34.00799942016601;49.87005615234375;92.18963623046875;[1]
(aadc);04:27:55:725;153;32.5103988647461;54.5010986328125;92.06256103515625;[1]
(aaaf);04:27:55:849;52;34.00799942016601;49.908203125;92.18963623046875;[1]
(aadc);04:27:55:969;154;32.447998046875;54.5316162109375;92.1260986328125;[1]
(aaaf);04:27:56:93;53;34.0704002380371;49.908203125;92.18963623046875;[1]
(aadc);04:27:56:213;155;32.5103988647461;54.5621337890625;92.1260986328125;[1]
(aaaf);04:27:56:342;54;34.0704002380371;49.938720703125;92.1260986328125;[1]
(aadc);04:27:56:462;156;32.5103988647461;54.6231689453125;91.9990234375;[1]
(aaaf);04:27:56:586;55;34.0704002380371;49.938720703125;92.06256103515625;[1]
(aadc);04:27:56:706;157;32.5103988647461;54.6536865234375;92.1260986328125;[1]
(aaaf);04:27:56:830;56;34.0704002380371;49.938720703125;92.18963623046875;[1]
(aadc);04:27:56:950;158;32.5103988647461;54.6842041015625;92.1260986328125;[1]
(aaaf);04:27:57:69;57;34.13279724121093;49.938720703125;92.18963623046875;[1]
(aadc);04:27:57:189;159;32.5103988647461;54.6842041015625;92.1260986328125;[1]
(aaaf);04:27:57:308;58;34.13279724121093;49.97686767578125;92.1260986328125;[1]
(aadc);04:27:57:429;160;32.5103988647461;54.6842041015625;92.1260986328125;[1]
(aaaf);04:27:57:547;59;34.13279724121093;49.97686767578125;92.18963623046875;[1]
(aadc);04:27:57:674;161;32.5103988647461;54.7147216796875;91.9990234375;[1]
(aaaf);04:27:57:792;60;34.13279724121093;50.00738525390625;92.18963623046875;[1]
(aadc);04:27:57:921;162;32.57279968261718;54.7147216796875;92.1260986328125;[1]
(aaaf);04:27:58:40;61;34.13279724121093;50.0455322265625;92.06256103515625;[1]
(aadc);04:27:58:170;163;32.5103988647461;54.7452392578125;92.18963623046875;[1]
(aaaf);04:27:58:289;62;34.13279724121093;50.0455322265625;92.18963623046875;[1]
(aadc);04:27:58:416;164;32.5103988647461;54.7757568359375;92.1260986328125;[1]
(aaaf);04:27:58:534;63;34.13279724121093;50.11419677734375;92.18963623046875;[1]
(aadc);04:27:58:666;165;32.57279968261718;54.8062744140625;92.1260986328125;[1]
(aaaf);04:27:58:787;64;34.19519805908203;50.11419677734375;92.18963623046875;[1]
(aadc);04:27:58:916;166;32.57279968261718;54.8367919921875;92.1260986328125;[1]
(aaaf);04:27:59:41;65;34.19519805908203;50.11419677734375;92.253173828125;[1]
(aadc);04:27:59:161;167;32.57279968261718;54.8978271484375;91.9990234375;[1]
(aaaf);04:27:59:280;66;34.13279724121093;50.0455322265625;92.18963623046875;[1]
(aadc);04:27:59:417;168;32.57279968261718;54.92071533203125;92.1260986328125;[1]
(aaaf);04:27:59:539;67;34.13279724121093;50.00738525390625;92.18963623046875;[1]
(aadc);04:27:59:667;169;32.57279968261718;54.98175048828125;91.9990234375;[1]
(aaaf);04:27:59:788;68;34.19519805908203;49.938720703125;92.18963623046875;[1]
(aadc);04:27:59:917;170;32.57279968261718;55.07330322265625;91.9990234375;[1]
(aaaf);04:28:00:42;69;34.13279724121093;49.87005615234375;92.18963623046875;[1]
(aadc);04:28:00:162;171;32.63520050048828;55.13433837890625;92.18963623046875;[1]
(aaaf);04:28:00:286;70;34.19519805908203;49.83953857421875;92.18963623046875;[1]
(aadc);04:28:00:411;172;32.63520050048828;55.16485595703125;92.1260986328125;[1]
(aaaf);04:28:00:535;71;34.19519805908203;49.79376220703125;92.18963623046875;[1]
(aadc);04:28:00:657;173;32.57279968261718;55.19537353515625;92.18963623046875;[1]
(aaaf);04:28:00:779;72;34.25759887695312;49.694580078125;92.18963623046875;[1]
(aadc);04:28:00:902;174;32.57279968261718;55.22589111328125;91.9990234375;[1]
(aaaf);04:28:01:23;73;34.19519805908203;49.65643310546875;92.18963623046875;[1]
(aadc);04:28:01:147;175;32.63520050048828;55.28692626953125;91.9990234375;[1]
(bcaf);04:28:01:273;107;32.1983985900879;56.18719482421875;92.18963623046875107;32.1359977722168;56.1337890625;92.1260986328125;[1]
(aadc);04:28:01:397;176;32.57279968261718;55.28692626953125;92.1260986328125;[1]
(aaaf);04:28:01:522;74;34.19519805908203;49.62591552734375;92.1896362304687574;34.25759887695312;49.5877685546875;92.18963623046875;[1]
(bcaf);04:28:01:646;1;32.26079940795898;56.652587890625;92.18963623046875;[1]
(aaaf);04:28:01:770;75;34.25759887695312;49.5877685546875;92.06256103515625;[1]
(bcaf);04:28:01:890;2;32.26079940795898;56.73651123046875;92.18963623046875;[1]
(aadc);04:28:02:15;177;32.63520050048828;55.28692626953125;92.18963623046875177;32.57279968261718;55.28692626953125;92.1260986328125;[1]
(bcaf);04:28:02:139;3;32.26079940795898;56.79754638671875;92.18963623046875;[1]
(aadc);04:28:02:263;178;32.63520050048828;55.28692626953125;92.18963623046875;[1]
(bcaf);04:28:02:388;4;32.26079940795898;56.85858154296875;92.1260986328125;[1]
(aadc);04:28:02:512;179;32.63520050048828;55.28692626953125;92.1260986328125;[1]
(bcaf);04:28:02:632;5;32.26079940795898;56.9119873046875;92.18963623046875;[1]
(aadc);04:28:02:756;180;32.63520050048828;55.28692626953125;92.1260986328125;[1]
(bcaf);04:28:02:876;6;32.26079940795898;56.9730224609375;92.1260986328125;[1]
(aadc);04:28:03:0;181;32.63520050048828;55.28692626953125;92.18963623046875;[1]
(bcaf);04:28:03:120;7;32.26079940795898;56.99591064453125;92.06256103515625;[1]
(aadc);04:28:03:244;182;32.63520050048828;55.28692626953125;92.06256103515625;[1]
(bcaf);04:28:03:364;8;32.26079940795898;57.02642822265625;92.18963623046875;[1]
(aadc);04:28:03:488;183;32.63520050048828;55.31744384765625;92.1260986328125;[1]
(bcaf);04:28:03:608;9;32.32320022583007;57.05694580078125;92.1260986328125;[1]
(aadc);04:28:03:732;184;32.63520050048828;55.34033203125;92.18963623046875;[1]
(bcaf);04:28:03:852;10;32.26079940795898;57.02642822265625;92.18963623046875;[1]
(aadc);04:28:03:976;185;32.63520050048828;55.34033203125;91.9990234375;[1]
(bcaf);04:28:04:96;11;32.26079940795898;56.99591064453125;92.1260986328125;[1]
(aadc);04:28:04:220;186;32.63520050048828;55.34033203125;92.1260986328125;[1]
(bcaf);04:28:04:340;12;32.1983985900879;56.9730224609375;92.18963623046875;[1]
(aadc);04:28:04:469;187;32.6975975036621;55.34033203125;92.18963623046875;[1]
(bcaf);04:28:04:589;13;32.26079940795898;56.9119873046875;92.06256103515625;[1]
(aadc);04:28:04:713;188;32.6975975036621;55.34033203125;92.1260986328125;[1]
(bcaf);04:28:04:833;14;32.32320022583007;56.85858154296875;92.18963623046875;[1]
(aadc);04:28:04:957;189;32.63520050048828;55.34033203125;92.06256103515625;[1]
(bcaf);04:28:05:77;15;32.26079940795898;56.79754638671875;92.06256103515625;[1]
(aadc);04:28:05:201;190;32.6975975036621;55.34033203125;92.18963623046875;[1]
(bcaf);04:28:05:321;16;32.26079940795898;56.774658203125;92.18963623046875;[1]
(aadc);04:28:05:445;191;32.63520050048828;55.34033203125;91.9990234375;[1]
(bcaf);04:28:05:565;17;32.26079940795898;56.744140625;92.18963623046875;[1]
(aadc);04:28:05:689;192;32.6975975036621;55.370849609375;92.1260986328125;[1]
(bcaf);04:28:05:809;18;32.32320022583007;56.713623046875;92.18963623046875;[1]
(aadc);04:28:05:933;193;32.6975975036621;55.370849609375;92.18963623046875;[1]
(bcaf);04:28:06:53;19;32.26079940795898;56.713623046875;92.18963623046875;[1]
(aadc);04:28:06:177;194;32.6975975036621;55.370849609375;92.06256103515625;[1]
(bcaf);04:28:06:297;20;32.32320022583007;56.713623046875;92.1260986328125;[1]
(aadc);04:28:06:421;195;32.6975975036621;55.370849609375;92.1260986328125;[1]
(bcaf);04:28:06:546;21;32.26079940795898;56.744140625;92.1260986328125;[1]
(aadc);04:28:06:670;196;32.6975975036621;55.4013671875;92.18963623046875;[1]
(bcaf);04:28:06:790;22;32.26079940795898;56.744140625;92.18963623046875;[1]
(aadc);04:28:06:914;197;32.6975975036621;55.4013671875;92.18963623046875;[1]
(bcaf);04:28:07:34;23;32.26079940795898;56.744140625;92.18963623046875;[1]
(aadc);04:28:07:158;198;32.6975975036621;55.4013671875;92.1260986328125;[1]
(bcaf);04:28:07:278;24;32.32320022583007;56.713623046875;92.18963623046875;[1]
(aadc);04:28:07:397;199;32.6975975036621;55.4013671875;92.18963623046875;[1]
(bcaf);04:28:07:517;25;32.26079940795898;56.713623046875;92.1260986328125;[1]
(aadc);04:28:07:636;200;32.63520050048828;55.4013671875;92.06256103515625;[1]
(bcaf);04:28:07:756;26;32.32320022583007;56.713623046875;92.1260986328125;[1]
(aadc);04:28:07:876;201;32.6975975036621;55.431884765625;92.18963623046875;[1]
(bcaf);04:28:08:0;27;32.32320022583007;56.713623046875;92.18963623046875;[1]
(aadc);04:28:08:120;202;32.6975975036621;55.431884765625;92.06256103515625;[1]
(bcaf);04:28:08:244;28;32.32320022583007;56.713623046875;92.06256103515625;[1]
(aadc);04:28:08:364;203;32.6975975036621;55.431884765625;92.18963623046875;[1]
(bcaf);04:28:08:488;29;32.26079940795898;56.68310546875;92.06256103515625;[1]
(aadc);04:28:08:613;204;32.7599983215332;55.431884765625;92.1260986328125;[1]
(bcaf);04:28:08:737;30;32.32320022583007;56.66021728515625;92.18963623046875;[1]
(aadc);04:28:08:857;205;32.6975975036621;55.431884765625;92.18963623046875;[1]
(bcaf);04:28:08:981;31;32.32320022583007;56.59918212890625;92.18963623046875;[1]
(aadc);04:28:09:101;206;32.6975975036621;55.4013671875;92.18963623046875;[1]
(bcaf);04:28:09:225;32;32.32320022583007;56.53814697265625;92.1260986328125;[1]
(aadc);04:28:09:345;207;32.6975975036621;55.4013671875;92.18963623046875;[1]
(bcaf);04:28:09:469;33;32.32320022583007;56.4847412109375;92.1260986328125;[1]
(aadc);04:28:09:589;208;32.6975975036621;55.4013671875;92.18963623046875;[1]
(bcaf);04:28:09:713;34;32.32320022583007;56.3931884765625;92.18963623046875;[1]
(aadc);04:28:09:833;209;32.7599983215332;55.4013671875;92.06256103515625;[1]
(bcaf);04:28:09:957;35;32.32320022583007;56.33978271484375;92.18963623046875;[1]
(aadc);04:28:10:77;210;32.6975975036621;55.370849609375;92.18963623046875;[1]
(bcaf);04:28:10:201;36;32.26079940795898;56.24822998046875;92.18963623046875;[1]
(aadc);04:28:10:321;211;32.7599983215332;55.370849609375;92.18963623046875;[1]
(bcaf);04:28:10:445;37;32.32320022583007;56.24822998046875;92.1260986328125;[1]
(aadc);04:28:10:565;212;32.7599983215332;55.4013671875;92.18963623046875;[1]
(bcaf);04:28:10:694;38;32.32320022583007;56.164306640625;92.1260986328125;[1]
(aadc);04:28:10:814;213;32.6975975036621;55.4013671875;92.1260986328125;[1]
(bcaf);04:28:10:938;39;32.32320022583007;56.103271484375;92.1260986328125;[1]
(aadc);04:28:11:58;214;32.7599983215332;55.4013671875;92.18963623046875;[1]
(bcaf);04:28:11:182;40;32.32320022583007;56.04986572265625;92.18963623046875;[1]
(aadc);04:28:11:302;215;32.7599983215332;55.4013671875;92.1260986328125;[1]
(bcaf);04:28:11:426;41;32.32320022583007;56.01934814453125;92.18963623046875;[1]
(aadc);04:28:11:546;216;32.6975975036621;55.4013671875;92.18963623046875;[1]
(bcaf);04:28:11:670;42;32.26079940795898;56.01934814453125;91.9990234375;[1]
(aadc);04:28:11:790;217;32.6975975036621;55.431884765625;92.06256103515625;[1]
(bcaf);04:28:11:914;43;32.32320022583007;55.98883056640625;92.1260986328125;[1]
(aadc);04:28:12:34;218;32.7599983215332;55.46240234375;92.06256103515625;[1]
(bcaf);04:28:12:158;44;32.32320022583007;55.98883056640625;92.18963623046875;[1]
(aadc);04:28:12:278;219;32.7599983215332;55.46240234375;92.1260986328125;[1]
(bcaf);04:28:12:402;45;32.32320022583007;55.98883056640625;92.1260986328125;[1]
(aadc);04:28:12:522;220;32.7599983215332;55.492919921875;92.18963623046875;[1]
(bcaf);04:28:12:646;46;32.32320022583007;55.95831298828125;92.18963623046875;[1]
(aadc);04:28:12:771;221;32.7599983215332;55.46240234375;92.06256103515625;[1]
(bcaf);04:28:12:895;47;32.32320022583007;55.92779541015625;92.1260986328125;[1]
(aadc);04:28:13:15;222;32.7599983215332;55.4013671875;92.18963623046875;[1]
(bcaf);04:28:13:139;48;32.32320022583007;55.8743896484375;91.9990234375;[1]
(aadc);04:28:13:259;223;32.7599983215332;55.34033203125;92.18963623046875;[1]
(bcaf);04:28:13:383;49;32.32320022583007;55.8133544921875;92.1260986328125;[1]
(aadc);04:28:13:503;224;32.7599983215332;55.28692626953125;92.253173828125;[1]
(bcaf);04:28:13:627;50;32.32320022583007;55.79046630859375;92.18963623046875;[1]
(aadc);04:28:13:747;225;32.7599983215332;55.16485595703125;92.18963623046875;[1]
(bcaf);04:28:13:866;51;32.32320022583007;55.72943115234375;92.18963623046875;[1]
(aadc);04:28:13:986;226;32.6975975036621;55.04278564453125;92.06256103515625;[1]
(bcaf);04:28:14:105;52;32.32320022583007;55.66839599609375;92.31671142578125;[1]
(aadc);04:28:14:225;227;32.7599983215332;54.98175048828125;92.18963623046875;[1]
(bcaf);04:28:14:344;53;32.32320022583007;55.614990234375;92.06256103515625;[1]
(aadc);04:28:14:464;228;32.7599983215332;54.92071533203125;92.18963623046875;[1]
(bcaf);04:28:14:584;54;32.32320022583007;55.553955078125;92.18963623046875;[1]
(aadc);04:28:14:713;229;32.7599983215332;54.85968017578125;92.18963623046875;[1]
(bcaf);04:28:14:833;55;32.32320022583007;55.50054931640625;92.18963623046875;[1]
(aadc);04:28:14:957;230;32.7599983215332;54.8062744140625;92.18963623046875;[1]
(bcaf);04:28:15:77;56;32.26079940795898;55.47003173828125;92.18963623046875;[1]
(aadc);04:28:15:201;231;32.7599983215332;54.7452392578125;92.06256103515625;[1]
(bcaf);04:28:15:321;57;32.32320022583007;55.40899658203125;92.06256103515625;[1]
(aadc);04:28:15:445;232;32.7599983215332;54.7147216796875;92.18963623046875;[1]
(bcaf);04:28:15:565;58;32.32320022583007;55.37847900390625;92.18963623046875;[1]
(aadc);04:28:15:689;233;32.7599983215332;54.6536865234375;92.06256103515625;[1]
(bcaf);04:28:15:809;59;32.32320022583007;55.3555908203125;92.18963623046875;[1]
(aadc);04:28:15:933;234;32.7599983215332;54.5926513671875;92.18963623046875;[1]
(bcaf);04:28:16:53;60;32.32320022583007;55.3250732421875;92.1260986328125;[1]
(aadc);04:28:16:177;235;32.6975975036621;54.5316162109375;92.06256103515625;[1]
(bcaf);04:28:16:297;61;32.32320022583007;55.2945556640625;92.18963623046875;[1]
(aadc);04:28:16:422;236;32.7599983215332;54.4705810546875;92.06256103515625;[1]
(bcaf);04:28:16:541;62;32.32320022583007;55.2640380859375;92.18963623046875;[1]
(aadc);04:28:16:676;237;32.7599983215332;54.3790283203125;92.06256103515625;[1]
(bcaf);04:28:16:795;63;32.3855972290039;55.2335205078125;92.18963623046875;[1]
(aadc);04:28:16:921;238;32.7599983215332;54.29510498046875;92.06256103515625;[1]
(bcaf);04:28:17:39;64;32.32320022583007;55.21063232421875;92.18963623046875;[1]
(aadc);04:28:17:167;239;32.7599983215332;54.20355224609375;92.06256103515625;[1]
(bcaf);04:28:17:288;65;32.32320022583007;55.21063232421875;92.18963623046875;[1]
(aadc);04:28:17:412;240;32.7599983215332;54.11199951171875;92.18963623046875;[1]
(bcaf);04:28:17:532;66;32.32320022583007;55.18011474609375;92.18963623046875;[1]
(aadc);04:28:17:661;241;32.7599983215332;54.02044677734375;92.18963623046875;[1]
(bcaf);04:28:17:781;67;32.32320022583007;55.21063232421875;92.1260986328125;[1]
(aadc);04:28:17:906;242;32.7599983215332;53.95941162109375;92.18963623046875;[1]
(bcaf);04:28:18:25;68;32.32320022583007;55.21063232421875;92.1260986328125;[1]
(aadc);04:28:18:152;243;32.7599983215332;53.89837646484375;92.06256103515625;[1]
(bcaf);04:28:18:269;69;32.32320022583007;55.2640380859375;92.06256103515625;[1]
(aadc);04:28:18:393;244;32.7599983215332;53.814453125;92.18963623046875;[1]
(bcaf);04:28:18:513;70;32.32320022583007;55.37847900390625;92.18963623046875;[1]
(aadc);04:28:18:642;245;32.7599983215332;53.783935546875;92.18963623046875;[1]
(bcaf);04:28:18:762;71;32.3855972290039;55.553955078125;92.1260986328125;[1]
(aadc);04:28:18:886;246;32.7599983215332;53.75341796875;92.18963623046875;[1]
(bcaf);04:28:19:6;72;32.32320022583007;55.72943115234375;92.06256103515625;[1]
(aadc);04:28:19:128;247;32.7599983215332;53.722900390625;91.9990234375;[1]
(bcaf);04:28:19:245;73;32.32320022583007;55.9049072265625;92.18963623046875;[1]
(aadc);04:28:19:368;248;32.8223991394043;53.6923828125;92.06256103515625;[1]
(bcaf);04:28:19:489;74;32.32320022583007;56.103271484375;92.1260986328125;[1]
(aadc);04:28:19:609;249;32.7599983215332;53.6923828125;92.18963623046875;[1]
(bcaf);04:28:19:733;75;32.32320022583007;56.27874755859375;92.18963623046875;[1]
(aadc);04:28:19:853;250;32.8223991394043;53.661865234375;92.06256103515625;[1]
(bcaf);04:28:19:977;76;32.32320022583007;56.4542236328125;92.1260986328125;[1]
(aadc);04:28:20:97;251;32.8223991394043;53.63134765625;92.18963623046875;[1]
(bcaf);04:28:20:221;77;32.3855972290039;56.56866455078125;92.18963623046875;[1]
(aadc);04:28:20:341;252;32.8223991394043;53.63134765625;92.06256103515625;[1]
(bcaf);04:28:20:465;78;32.32320022583007;56.713623046875;92.31671142578125;[1]
(aadc);04:28:20:585;253;32.8223991394043;53.600830078125;92.06256103515625;[1]
(bcaf);04:28:20:714;79;32.26079940795898;56.82806396484375;92.06256103515625;[1]
(aadc);04:28:20:834;254;32.8223991394043;53.600830078125;92.18963623046875;[1]
(bcaf);04:28:20:958;80;32.32320022583007;56.9425048828125;92.06256103515625;[1]
(aadc);04:28:21:78;255;32.7599983215332;53.600830078125;92.18963623046875;[1]
(bcaf);04:28:21:202;81;32.26079940795898;57.05694580078125;92.18963623046875;[1]
(aadc);04:28:21:322;256;32.8223991394043;53.600830078125;92.06256103515625;[1]
(bcaf);04:28:21:446;82;32.26079940795898;57.140869140625;92.18963623046875;[1]
(aadc);04:28:21:570;257;32.8223991394043;53.600830078125;92.06256103515625;[1]
(bcaf);04:28:21:695;83;32.26079940795898;57.25531005859375;92.06256103515625;[1]
(aadc);04:28:21:815;258;32.8223991394043;53.600830078125;92.18963623046875;[1]
(bcaf);04:28:21:939;84;32.32320022583007;57.37738037109375;92.18963623046875;[1]
(aadc);04:28:22:59;259;32.7599983215332;53.63134765625;92.253173828125;[1]
(bcaf);04:28:22:183;85;32.26079940795898;57.4613037109375;92.18963623046875;[1]
(aadc);04:28:22:303;260;32.8223991394043;53.6923828125;92.18963623046875;[1]
(bcaf);04:28:22:427;86;32.26079940795898;57.5528564453125;92.1260986328125;[1]
(aadc);04:28:22:547;261;32.8223991394043;53.75341796875;92.18963623046875;[1]
(bcaf);04:28:22:676;87;32.26079940795898;57.57574462890625;92.31671142578125;[1]
(aadc);04:28:22:796;262;32.8223991394043;53.814453125;92.18963623046875;[1]
(bcaf);04:28:22:920;88;32.26079940795898;57.57574462890625;92.1260986328125;[1]
(aadc);04:28:23:40;263;32.8847999572754;53.86785888671875;92.253173828125;[1]
(bcaf);04:28:23:166;89;32.26079940795898;57.5528564453125;92.18963623046875;[1]
(aadc);04:28:23:284;264;32.8223991394043;53.95941162109375;92.18963623046875;[1]
(bcaf);04:28:23:419;90;32.26079940795898;57.4918212890625;92.18963623046875;[1]
(aadc);04:28:23:538;265;32.8847999572754;53.98992919921875;92.18963623046875;[1]
(bcaf);04:28:23:667;91;32.26079940795898;57.4613037109375;92.18963623046875;[1]
(aadc);04:28:23:787;266;32.8847999572754;54.02044677734375;92.31671142578125;[1]
(bcaf);04:28:23:915;92;32.26079940795898;57.4307861328125;92.1260986328125;[1]
(aadc);04:28:24:36;267;32.8847999572754;54.05096435546875;92.18963623046875;[1]
(bcaf);04:28:24:162;93;32.26079940795898;57.37738037109375;92.18963623046875;[1]
(aadc);04:28:24:280;268;32.8847999572754;54.08148193359375;92.18963623046875;[1]
(bcaf);04:28:24:406;94;32.1983985900879;57.28582763671875;92.06256103515625;[1]
(aadc);04:28:24:524;269;32.8847999572754;54.08148193359375;92.06256103515625;[1]
(bcaf);04:28:24:653;95;32.26079940795898;57.232421875;92.18963623046875;[1]
(aadc);04:28:24:773;270;32.8847999572754;54.11199951171875;92.06256103515625;[1]
(bcaf);04:28:24:897;96;32.26079940795898;57.140869140625;92.18963623046875;[1]
(aadc);04:28:25:17;271;32.8847999572754;54.11199951171875;92.06256103515625;[1]
(bcaf);04:28:25:141;97;32.26079940795898;57.11798095703125;92.1260986328125;[1]
(aadc);04:28:25:261;272;32.8847999572754;54.11199951171875;92.253173828125;[1]
(bcaf);04:28:25:385;98;32.26079940795898;57.08746337890625;92.18963623046875;[1]
(aadc);04:28:25:505;273;32.8847999572754;54.14251708984375;92.253173828125;[1]
(bcaf);04:28:25:631;99;32.26079940795898;57.02642822265625;92.18963623046875;[1]
(aadc);04:28:25:749;274;32.94720077514648;54.14251708984375;91.93548583984375;[1]
(bcaf);04:28:25:880;100;32.32320022583007;56.99591064453125;92.18963623046875;[1]
(aadc);04:28:25:998;275;32.8847999572754;54.17303466796875;92.18963623046875;[1]
(bcaf);04:28:26:123;101;32.26079940795898;56.99591064453125;92.06256103515625;[1]
(aadc);04:28:26:248;276;32.8847999572754;54.17303466796875;92.18963623046875;[1]
(bcaf);04:28:26:367;102;32.26079940795898;57.02642822265625;92.18963623046875;[1]
(aadc);04:28:26:500;277;32.94720077514648;54.20355224609375;92.06256103515625;[1]
(bcaf);04:28:26:630;103;32.26079940795898;57.02642822265625;92.1260986328125;[1]
(aadc);04:28:26:750;278;32.8847999572754;54.23406982421875;92.18963623046875;[1]
(bcaf);04:28:26:870;104;32.26079940795898;57.02642822265625;92.18963623046875;[1]
(aadc);04:28:26:999;279;32.8847999572754;54.29510498046875;92.1260986328125;[1]
(bcaf);04:28:27:118;105;32.26079940795898;57.02642822265625;92.1260986328125;[1]
(aadc);04:28:27:249;280;32.8847999572754;54.32562255859375;92.06256103515625;[1]
(aaaf);04:28:27:368;76;34.25759887695312;49.5877685546875;92.1896362304687576;34.25759887695312;49.5877685546875;92.18963623046875;[1]
(aadc);04:28:27:498;281;32.94720077514648;54.3790283203125;92.06256103515625;[1]
(bcaf);04:28:27:617;106;32.26079940795898;57.05694580078125;92.1260986328125106;32.26079940795898;57.05694580078125;92.253173828125;[1]
(aaaf);04:28:27:741;1;35.19359970092773;48.37469482421875;92.1260986328125;[1]
(aadc);04:28:27:860;282;32.8847999572754;54.4095458984375;92.1260986328125;[1]
(aaaf);04:28:27:980;2;35.25600051879882;48.37469482421875;92.1260986328125;[1]
(aadc);04:28:28:99;283;32.94720077514648;54.4400634765625;92.06256103515625;[1]
(bcaf);04:28:28:219;107;32.32320022583007;57.05694580078125;92.18963623046875107;32.26079940795898;57.05694580078125;92.18963623046875;[1]
(aadc);04:28:28:349;284;32.94720077514648;54.5010986328125;92.253173828125;[1]
(bcaf);04:28:28:473;108;32.26079940795898;57.05694580078125;92.1260986328125;[1]
(aadc);04:28:28:598;285;32.8847999572754;54.5316162109375;92.06256103515625;[1]
(bcaf);04:28:28:722;109;32.26079940795898;57.05694580078125;92.1260986328125;[1]
(aadc);04:28:28:842;286;32.8847999572754;54.5621337890625;92.06256103515625;[1]
(bcaf);04:28:28:966;110;32.26079940795898;57.05694580078125;91.9990234375;[1]
(aadc);04:28:29:86;287;32.94720077514648;54.5926513671875;92.06256103515625;[1]
(bcaf);04:28:29:210;111;32.26079940795898;57.02642822265625;92.18963623046875;[1]
(aadc);04:28:29:330;288;32.8847999572754;54.5926513671875;92.06256103515625;[1]
(bcaf);04:28:29:454;112;32.26079940795898;56.9730224609375;92.18963623046875;[1]
(aadc);04:28:29:574;289;32.94720077514648;54.5926513671875;92.18963623046875;[1]
(bcaf);04:28:29:698;113;32.26079940795898;56.9119873046875;92.1260986328125;[1]
(aadc);04:28:29:818;290;32.94720077514648;54.5926513671875;92.06256103515625;[1]
(bcaf);04:28:29:942;114;32.26079940795898;56.8814697265625;92.06256103515625;[1]
(aadc);04:28:30:62;291;32.94720077514648;54.5926513671875;92.06256103515625;[1]
(bcaf);04:28:30:186;115;32.32320022583007;56.82806396484375;92.1260986328125;[1]
(aadc);04:28:30:306;292;32.94720077514648;54.5621337890625;92.06256103515625;[1]
(bcaf);04:28:30:435;116;32.32320022583007;56.85858154296875;92.18963623046875;[1]
(aadc);04:28:30:555;293;32.94720077514648;54.5316162109375;92.253173828125;[1]
(bcaf);04:28:30:679;117;32.32320022583007;56.82806396484375;92.1260986328125;[1]
(aadc);04:28:30:799;294;33.00959777832031;54.4705810546875;92.18963623046875;[1]
(bcaf);04:28:30:923;118;32.32320022583007;56.82806396484375;92.18963623046875;[1]
(aadc);04:28:31:43;295;32.94720077514648;54.4095458984375;92.253173828125;[1]
(bcaf);04:28:31:167;119;32.32320022583007;56.79754638671875;92.18963623046875;[1]
(aadc);04:28:31:287;296;32.94720077514648;54.35614013671875;92.1260986328125;[1]
(bcaf);04:28:31:411;120;32.32320022583007;56.79754638671875;92.1260986328125;[1]
(aadc);04:28:31:531;297;32.94720077514648;54.29510498046875;92.18963623046875;[1]
(bcaf);04:28:31:655;121;32.32320022583007;56.79754638671875;92.18963623046875;[1]
(aadc);04:28:31:775;298;32.94720077514648;54.23406982421875;92.18963623046875;[1]
(bcaf);04:28:31:899;122;32.32320022583007;56.79754638671875;92.18963623046875;[1]
(aadc);04:28:32:19;299;32.94720077514648;54.20355224609375;92.18963623046875;[1]
(bcaf);04:28:32:143;123;32.32320022583007;56.79754638671875;92.18963623046875;[1]
(aadc);04:28:32:263;300;33.00959777832031;54.14251708984375;92.253173828125;[1]
(bcaf);04:28:32:392;124;32.32320022583007;56.82806396484375;92.18963623046875;[1]
(aadc);04:28:32:512;301;33.00959777832031;54.11199951171875;92.06256103515625;[1]
(bcaf);04:28:32:636;125;32.32320022583007;56.82806396484375;92.1260986328125;[1]
(aadc);04:28:32:756;302;33.00959777832031;54.05096435546875;92.06256103515625;[1]
(bcaf);04:28:32:880;126;32.32320022583007;56.85858154296875;92.18963623046875;[1]
(aadc);04:28:33:0;303;33.00959777832031;54.05096435546875;92.1260986328125;[1]
(bcaf);04:28:33:124;127;32.32320022583007;56.85858154296875;92.18963623046875;[1]
(aadc);04:28:33:244;304;33.00959777832031;54.02044677734375;92.18963623046875;[1]
(bcaf);04:28:33:363;128;32.32320022583007;56.85858154296875;92.1260986328125;[1]
(aadc);04:28:33:483;305;33.00959777832031;53.98992919921875;92.06256103515625;[1]
(bcaf);04:28:33:602;129;32.32320022583007;56.82806396484375;92.18963623046875;[1]
(aadc);04:28:33:722;306;32.94720077514648;53.98992919921875;92.18963623046875;[1]
(bcaf);04:28:33:841;130;32.32320022583007;56.82806396484375;92.1260986328125;[1]
(aadc);04:28:33:961;307;33.00959777832031;53.98992919921875;92.18963623046875;[1]
(bcaf);04:28:34:81;131;32.3855972290039;56.82806396484375;92.18963623046875;[1]
(aadc);04:28:34:205;308;33.00959777832031;53.98992919921875;92.253173828125;[1]
(bcaf);04:28:34:330;132;32.32320022583007;56.82806396484375;92.1260986328125;[1]
(aadc);04:28:34:454;309;33.00959777832031;54.02044677734375;92.18963623046875;[1]
(bcaf);04:28:34:574;133;32.32320022583007;56.88909912109375;92.18963623046875;[1]
(aadc);04:28:34:698;310;33.00959777832031;54.02044677734375;92.18963623046875;[1]
(bcaf);04:28:34:818;134;32.32320022583007;56.9730224609375;92.18963623046875;[1]
(cacf);04:28:34:942;1;33.82080078125;57.0340576171875;91.99902343751;33.82080078125;56.98065185546875;92.06256103515625;[1]
(bcaf);04:28:35:67;135;32.32320022583007;57.0340576171875;92.1260986328125;[1]
(cacf);04:28:35:191;1;34.75679779052734;55.279296875;92.18963623046875;[1]
(aadc);04:28:35:311;311;33.00959777832031;54.02044677734375;92.18963623046875311;33.00959777832031;54.02044677734375;92.1260986328125;[1]
(cacf);04:28:35:440;2;34.81919860839843;55.279296875;92.18963623046875;[1]
(aadc);04:28:35:560;312;33.00959777832031;54.02044677734375;92.06256103515625;[1]
(cacf);04:28:35:684;3;34.81919860839843;55.33270263671875;92.18963623046875;[1]
(aadc);04:28:35:804;313;33.00959777832031;54.02044677734375;92.18963623046875;[1]
(cacf);04:28:35:928;4;34.81919860839843;55.33270263671875;92.18963623046875;[1]
(aadc);04:28:36:48;314;33.00959777832031;54.05096435546875;92.253173828125;[1]
(cacf);04:28:36:177;5;34.81919860839843;55.36322021484375;92.18963623046875;[1]
(aadc);04:28:36:297;315;33.00959777832031;54.08148193359375;92.1260986328125;[1]
(cacf);04:28:36:421;6;34.88159942626953;55.36322021484375;92.18963623046875;[1]
(aadc);04:28:36:541;316;33.0719985961914;54.11199951171875;92.253173828125;[1]
(cacf);04:28:36:665;7;34.81919860839843;55.39373779296875;92.18963623046875;[1]
(aadc);04:28:36:785;317;33.00959777832031;54.14251708984375;92.1260986328125;[1]
(cacf);04:28:36:909;8;34.81919860839843;55.42425537109375;92.18963623046875;[1]
(aadc);04:28:37:29;318;33.00959777832031;54.1654052734375;92.06256103515625;[1]
(cacf);04:28:37:153;9;34.88159942626953;55.42425537109375;92.06256103515625;[1]
(aadc);04:28:37:273;319;33.00959777832031;54.2264404296875;92.253173828125;[1]
(cacf);04:28:37:397;10;34.94400024414062;55.39373779296875;92.06256103515625;[1]
(aadc);04:28:37:517;320;33.0719985961914;54.2569580078125;92.253173828125;[1]
(cacf);04:28:37:641;11;34.88159942626953;55.36322021484375;92.18963623046875;[1]
(aadc);04:28:37:761;321;33.00959777832031;54.2569580078125;92.253173828125;[1]
(cacf);04:28:37:885;12;34.88159942626953;55.30218505859375;92.06256103515625;[1]
(aadc);04:28:38:5;322;33.0719985961914;54.2569580078125;92.06256103515625;[1]
(cacf);04:28:38:134;13;34.94400024414062;55.187744140625;92.18963623046875;[1]
(aadc);04:28:38:254;323;33.0719985961914;54.1959228515625;92.06256103515625;[1]
(cacf);04:28:38:378;14;34.94400024414062;55.03515625;92.18963623046875;[1]
(aadc);04:28:38:498;324;33.0719985961914;54.14251708984375;92.18963623046875;[1]
(cacf);04:28:38:622;15;34.94400024414062;54.9130859375;92.18963623046875;[1]
(aadc);04:28:38:742;325;33.0719985961914;54.05096435546875;92.253173828125;[1]
(cacf);04:28:38:866;16;34.94400024414062;54.821533203125;92.1260986328125;[1]
(aadc);04:28:38:986;326;33.00959777832031;53.98992919921875;92.253173828125;[1]
(cacf);04:28:39:105;17;34.94400024414062;54.72998046875;92.18963623046875;[1]
(aadc);04:28:39:225;327;33.0719985961914;53.86785888671875;92.06256103515625;[1]
(cacf);04:28:39:344;18;34.94400024414062;54.67657470703125;92.06256103515625;[1]
(aadc);04:28:39:464;328;33.0719985961914;53.80682373046875;92.1260986328125;[1]
(cacf);04:28:39:590;19;34.94400024414062;54.58502197265625;92.06256103515625;[1]
(aadc);04:28:39:713;329;33.0719985961914;53.74578857421875;92.06256103515625;[1]
(cacf);04:28:39:833;20;34.94400024414062;54.52398681640625;92.06256103515625;[1]
(aadc);04:28:39:957;330;33.0719985961914;53.68475341796875;92.18963623046875;[1]
(cacf);04:28:40:78;21;34.94400024414062;54.46295166015625;92.18963623046875;[1]
(aadc);04:28:40:201;331;33.0719985961914;53.63134765625;92.1260986328125;[1]
(cacf);04:28:40:322;22;35.00639724731445;54.40191650390625;92.06256103515625;[1]
(aadc);04:28:40:445;332;33.00959777832031;53.5703125;92.1260986328125;[1]
(cacf);04:28:40:567;23;35.00639724731445;54.34088134765625;92.1260986328125;[1]
(aadc);04:28:40:689;333;33.0719985961914;53.539794921875;92.06256103515625;[1]
(cacf);04:28:40:814;24;35.00639724731445;54.31036376953125;91.9990234375;[1]
(aadc);04:28:40:938;334;33.0719985961914;53.539794921875;92.18963623046875;[1]
(cacf);04:28:41:58;25;35.00639724731445;54.31036376953125;92.1260986328125;[1]
(aadc);04:28:41:182;335;33.0719985961914;53.539794921875;92.06256103515625;[1]
(cacf);04:28:41:302;26;35.00639724731445;54.24932861328125;92.06256103515625;[1]
(aadc);04:28:41:426;336;33.00959777832031;53.50927734375;92.06256103515625;[1]
(cacf);04:28:41:548;27;35.00639724731445;54.24932861328125;91.93548583984375;[1]
(aadc);04:28:41:670;337;33.0719985961914;53.50927734375;92.1260986328125;[1]
(cacf);04:28:41:794;28;34.94400024414062;54.24932861328125;92.253173828125;[1]
(aadc);04:28:41:919;338;33.0719985961914;53.4482421875;92.1260986328125;[1]
(cacf);04:28:42:44;29;35.00639724731445;54.27984619140625;92.18963623046875;[1]
(aadc);04:28:42:173;339;33.0719985961914;53.417724609375;92.1260986328125;[1]
(cacf);04:28:42:293;30;35.00639724731445;54.31036376953125;92.18963623046875;[1]
(aadc);04:28:42:417;340;33.0719985961914;53.38720703125;92.1260986328125;[1]
(cacf);04:28:42:537;31;35.00639724731445;54.31036376953125;91.9990234375;[1]
(aadc);04:28:42:661;341;33.0719985961914;53.356689453125;92.1260986328125;[1]
(cacf);04:28:42:783;32;35.00639724731445;54.37139892578125;91.93548583984375;[1]
(aadc);04:28:42:905;342;33.1343994140625;53.326171875;92.253173828125;[1]
(cacf);04:28:43:31;33;35.06879806518554;54.37139892578125;92.1260986328125;[1]
(aadc);04:28:43:154;343;33.0719985961914;53.356689453125;92.253173828125;[1]
(cacf);04:28:43:280;34;35.06879806518554;54.43243408203125;92.1260986328125;[1]
(aadc);04:28:43:403;344;33.0719985961914;53.356689453125;92.06256103515625;[1]
(cacf);04:28:43:529;35;35.06879806518554;54.46295166015625;91.93548583984375;[1]
(aadc);04:28:43:652;345;33.1343994140625;53.417724609375;92.18963623046875;[1]
(cacf);04:28:43:777;36;35.06879806518554;54.46295166015625;92.1260986328125;[1]
(aadc);04:28:43:901;346;33.0719985961914;53.417724609375;92.1260986328125;[1]
(cacf);04:28:44:26;37;35.06879806518554;54.516357421875;92.06256103515625;[1]
(aadc);04:28:44:150;347;33.0719985961914;53.4482421875;92.253173828125;[1]
(cacf);04:28:44:275;38;35.13119888305664;54.516357421875;92.253173828125;[1]
(aadc);04:28:44:399;348;33.0719985961914;53.478759765625;92.1260986328125;[1]
(aadc);04:28:44:519;349;33.1343994140625;53.539794921875;92.253173828125;[1]
(cacf);04:28:44:643;39;35.06879806518554;54.516357421875;91.9990234375;[1]
(aadc);04:28:44:763;350;33.0719985961914;53.5703125;92.253173828125;[1]
(cacf);04:28:44:887;40;35.06879806518554;54.516357421875;92.06256103515625;[1]
(aadc);04:28:45:7;351;33.1343994140625;53.600830078125;92.1260986328125;[1]
(aadc);04:28:45:237;352;33.1343994140625;53.63134765625;92.1260986328125;[1]
(cacf);04:28:45:356;41;35.13119888305664;54.516357421875;91.999023437541;35.13119888305664;54.48583984375;91.9990234375;[1]
(aadc);04:28:45:480;353;33.1343994140625;53.661865234375;92.1260986328125;[1]
(cacf);04:28:45:599;42;35.13119888305664;54.516357421875;91.9990234375;[1]
(aadc);04:28:45:724;354;33.1343994140625;53.68475341796875;92.253173828125;[1]
(cacf);04:28:45:844;43;35.13119888305664;54.516357421875;92.1260986328125;[1]
(aadc);04:28:45:970;355;33.0719985961914;53.71527099609375;92.1260986328125;[1]
(aadc);04:28:46:219;356;33.1343994140625;53.71527099609375;91.9990234375;[1]
(cacf);04:28:46:337;44;35.19359970092773;54.546875;92.126098632812544;35.13119888305664;54.577392578125;92.31671142578125;[1]
(aadc);04:28:46:469;357;33.0719985961914;53.74578857421875;92.1260986328125;[1]
(cacf);04:28:46:595;45;35.13119888305664;54.577392578125;91.9990234375;[1]
(aadc);04:28:46:719;358;33.1343994140625;53.77630615234375;92.1260986328125;[1]
(cacf);04:28:46:840;46;35.19359970092773;54.63079833984375;92.18963623046875;[1]
(aadc);04:28:46:963;359;33.1343994140625;53.80682373046875;92.253173828125;[1]
(cacf);04:28:47:84;47;35.19359970092773;54.63079833984375;91.93548583984375;[1]
(aadc);04:28:47:208;360;33.0719985961914;53.83734130859375;92.06256103515625;[1]
(cacf);04:28:47:328;48;35.19359970092773;54.66131591796875;92.1260986328125;[1]
(aadc);04:28:47:452;361;33.1343994140625;53.86785888671875;92.253173828125;[1]
(cacf);04:28:47:572;49;35.25600051879882;54.66131591796875;91.9990234375;[1]
(aadc);04:28:47:696;362;33.0719985961914;53.86785888671875;92.1260986328125;[1]
(cacf);04:28:47:816;50;35.19359970092773;54.66131591796875;92.1260986328125;[1]
(aadc);04:28:47:941;363;33.1343994140625;53.83734130859375;92.1260986328125;[1]
(cacf);04:28:48:60;51;35.25600051879882;54.69183349609375;92.06256103515625;[1]
(aadc);04:28:48:190;364;33.1343994140625;53.80682373046875;92.1260986328125;[1]
(cacf);04:28:48:309;52;35.25600051879882;54.72235107421875;92.06256103515625;[1]
(aadc);04:28:48:434;365;33.1343994140625;53.77630615234375;92.1260986328125;[1]
(cacf);04:28:48:558;53;35.31839752197265;54.72235107421875;92.06256103515625;[1]
(aadc);04:28:48:682;366;33.1343994140625;53.74578857421875;92.1260986328125;[1]
(cacf);04:28:48:802;54;35.25600051879882;54.75286865234375;91.9990234375;[1]
(aadc);04:28:48:926;367;33.0719985961914;53.71527099609375;92.1260986328125;[1]
(cacf);04:28:49:46;55;35.31839752197265;54.75286865234375;92.06256103515625;[1]
(aadc);04:28:49:175;368;33.0719985961914;53.68475341796875;92.1260986328125;[1]
(cacf);04:28:49:295;56;35.25600051879882;54.75286865234375;92.06256103515625;[1]
(aadc);04:28:49:419;369;33.1343994140625;53.63134765625;92.1260986328125;[1]
(cacf);04:28:49:539;57;35.31839752197265;54.78338623046875;92.18963623046875;[1]
(aadc);04:28:49:663;370;33.1343994140625;53.600830078125;92.253173828125;[1]
(cacf);04:28:49:783;58;35.31839752197265;54.81390380859375;92.06256103515625;[1]
(aadc);04:28:49:907;371;33.1343994140625;53.5703125;92.253173828125;[1]
(cacf);04:28:50:27;59;35.31839752197265;54.84442138671875;92.06256103515625;[1]
(aadc);04:28:50:151;372;33.1343994140625;53.5703125;92.1260986328125;[1]
(cacf);04:28:50:271;60;35.31839752197265;54.87493896484375;91.9990234375;[1]
(aadc);04:28:50:395;373;33.1343994140625;53.5703125;92.253173828125;[1]
(cacf);04:28:50:520;61;35.31839752197265;54.90545654296875;92.06256103515625;[1]
(aadc);04:28:50:644;374;33.1343994140625;53.5703125;92.253173828125;[1]
(cacf);04:28:50:764;62;35.38079833984375;54.96649169921875;92.06256103515625;[1]
(aadc);04:28:50:888;375;33.0719985961914;53.5703125;92.1260986328125;[1]
(cacf);04:28:51:8;63;35.38079833984375;54.96649169921875;91.9990234375;[1]
(aadc);04:28:51:132;376;33.1343994140625;53.5703125;92.1260986328125;[1]
(cacf);04:28:51:252;64;35.38079833984375;54.96649169921875;92.06256103515625;[1]
(aadc);04:28:51:376;377;33.1343994140625;53.5703125;92.253173828125;[1]
(cacf);04:28:51:496;65;35.38079833984375;54.96649169921875;92.06256103515625;[1]
(aadc);04:28:51:620;378;33.1343994140625;53.600830078125;92.1260986328125;[1]
(cacf);04:28:51:740;66;35.44319915771484;54.96649169921875;92.06256103515625;[1]
(aadc);04:28:51:864;379;33.1343994140625;53.600830078125;92.1260986328125;[1]
(cacf);04:28:51:984;67;35.38079833984375;54.96649169921875;92.06256103515625;[1]
(aadc);04:28:52:108;380;33.1343994140625;53.63134765625;92.253173828125;[1]
(cacf);04:28:52:228;68;35.44319915771484;54.90545654296875;92.06256103515625;[1]
(aadc);04:28:52:352;381;33.1343994140625;53.63134765625;92.1260986328125;[1]
(cacf);04:28:52:472;69;35.44319915771484;54.84442138671875;92.06256103515625;[1]
(aadc);04:28:52:601;382;33.1343994140625;53.63134765625;92.1260986328125;[1]
