(bcaf);674;12:13:16:246;28.70399856567382;73.6356201171875;92.88856506347656;[1]
(bcaf);675;12:17:16:469;29.26559829711914;71.94952392578125;93.01564025878906;[1]
(bcaf);676;12:17:17:616;29.26559829711914;71.94952392578125;93.07917785644531;[1]
(bcaf);677;12:17:18:767;29.32799911499023;71.94952392578125;93.01564025878906;[1]
(bcaf);678;12:17:19:919;29.26559829711914;71.94952392578125;92.88856506347656;[1]
(bcaf);679;12:17:21:69;29.26559829711914;71.94952392578125;92.88856506347656;[1]
(bcaf);680;12:17:22:218;29.26559829711914;71.9266357421875;93.01564025878906;[1]
(bcaf);681;12:17:23:373;29.26559829711914;71.9266357421875;93.01564025878906;[1]
(bcaf);682;12:17:24:523;29.32799911499023;71.9266357421875;93.01564025878906;[1]
(bcaf);683;12:17:25:675;29.32799911499023;71.9266357421875;93.01564025878906;[1]
(bcaf);684;12:17:26:825;29.26559829711914;71.9266357421875;92.88856506347656;[1]
(bcaf);685;12:17:27:975;29.26559829711914;71.9266357421875;93.01564025878906;[1]
(bcaf);686;12:17:29:124;29.32799911499023;71.9266357421875;92.76148986816406;[1]
(bcaf);687;12:17:30:276;29.32799911499023;71.8961181640625;92.88856506347656;[1]
(bcaf);688;12:17:31:431;29.26559829711914;71.8961181640625;92.88856506347656;[1]
(bcaf);689;12:17:32:580;29.32799911499023;71.8961181640625;92.88856506347656;[1]
(bcaf);690;12:17:33:732;29.32799911499023;71.8656005859375;93.01564025878906;[1]
(bcaf);691;12:17:34:882;29.32799911499023;71.8656005859375;93.01564025878906;[1]
(bcaf);692;12:17:36:37;29.32799911499023;71.8656005859375;93.01564025878906;[1]
(bcaf);693;12:17:37:186;29.26559829711914;71.84271240234375;92.88856506347656;[1]
(bcaf);694;12:17:38:337;29.26559829711914;71.84271240234375;92.88856506347656;[1]
(bcaf);695;12:17:39:492;29.32799911499023;71.84271240234375;92.88856506347656;[1]
(bcaf);696;12:17:40:648;29.26559829711914;71.84271240234375;92.76148986816406;[1]
(bcaf);697;12:17:41:797;29.32799911499023;71.84271240234375;92.88856506347656;[1]
(bcaf);698;12:17:42:948;29.32799911499023;71.84271240234375;92.88856506347656;[1]
(bcaf);699;12:17:44:97;29.26559829711914;71.84271240234375;92.88856506347656;[1]
(bcaf);700;12:17:45:248;29.26559829711914;71.84271240234375;92.88856506347656;[1]
(bcaf);701;12:17:46:413;29.26559829711914;71.81219482421875;92.88856506347656;[1]
(bcaf);702;12:17:47:568;29.32799911499023;71.81219482421875;93.01564025878906;[1]
(bcaf);703;12:17:48:720;29.32799911499023;71.81219482421875;92.88856506347656;[1]
(bcaf);704;12:17:49:869;29.32799911499023;71.81219482421875;92.88856506347656;[1]
(bcaf);705;12:17:51:19;29.32799911499023;71.81219482421875;92.88856506347656;[1]
(bcaf);706;12:17:52:170;29.32799911499023;71.81219482421875;93.01564025878906;[1]
(bcaf);707;12:17:53:321;29.32799911499023;71.81219482421875;92.88856506347656;[1]
(bcaf);708;12:17:54:471;29.32799911499023;71.81219482421875;93.01564025878906;[1]
(bcaf);709;12:17:55:626;29.32799911499023;71.81219482421875;93.01564025878906;[1]
(bcaf);710;12:17:56:777;29.26559829711914;71.78167724609375;93.01564025878906;[1]
(bcaf);711;12:17:57:927;29.32799911499023;71.78167724609375;92.88856506347656;[1]
(bcaf);712;12:17:59:78;29.32799911499023;71.81219482421875;92.88856506347656;[1]
(bcaf);713;12:18:00:228;29.26559829711914;71.81219482421875;92.88856506347656;[1]
(bcaf);714;12:18:01:379;29.26559829711914;71.81219482421875;93.01564025878906;[1]
(bcaf);715;12:18:02:534;29.32799911499023;71.84271240234375;92.88856506347656;[1]
(bcaf);716;12:18:03:684;29.32799911499023;71.84271240234375;92.76148986816406;[1]
(bcaf);717;12:18:04:834;29.26559829711914;71.8656005859375;92.88856506347656;[1]
(bcaf);718;12:18:05:984;29.26559829711914;71.8656005859375;92.88856506347656;[1]
(bcaf);719;12:18:07:133;29.26559829711914;71.8961181640625;92.82502746582031;[1]
(bcaf);720;12:18:08:284;29.20319938659667;71.9266357421875;92.88856506347656;[1]
(bcaf);721;12:18:09:434;29.32799911499023;71.9266357421875;92.76148986816406;[1]
(bcaf);722;12:18:10:590;29.26559829711914;71.94952392578125;93.01564025878906;[1]
(bcaf);723;12:18:11:739;29.26559829711914;71.94952392578125;93.01564025878906;[1]
(bcaf);724;12:18:12:890;29.26559829711914;71.94952392578125;93.01564025878906;[1]
(bcaf);725;12:18:14:40;29.26559829711914;71.94952392578125;92.88856506347656;[1]
(bcaf);726;12:18:15:191;29.26559829711914;71.98004150390625;93.01564025878906;[1]
(bcaf);727;12:18:16:342;29.26559829711914;71.98004150390625;93.01564025878906;[1]
(bcaf);728;12:18:17:493;29.26559829711914;71.98004150390625;93.01564025878906;[1]
(bcaf);729;12:18:18:648;29.26559829711914;71.98004150390625;92.88856506347656;[1]
(bcaf);730;12:18:19:798;29.26559829711914;71.98004150390625;92.88856506347656;[1]
(bcaf);731;12:18:20:949;29.26559829711914;71.94952392578125;92.88856506347656;[1]
(bcaf);732;12:18:22:99;29.26559829711914;71.94952392578125;93.01564025878906;[1]
(bcaf);733;12:18:23:250;29.26559829711914;71.94952392578125;93.01564025878906;[1]
(bcaf);734;12:18:24:399;29.26559829711914;71.94952392578125;92.88856506347656;[1]
(bcaf);735;12:18:25:549;29.26559829711914;71.94952392578125;92.88856506347656;[1]
(bcaf);736;12:18:26:706;29.26559829711914;71.94952392578125;92.88856506347656;[1]
(bcaf);737;12:18:27:857;29.26559829711914;71.94952392578125;92.88856506347656;[1]
(bcaf);738;12:18:29:7;29.26559829711914;71.94952392578125;92.88856506347656;[1]
(bcaf);739;12:18:30:157;29.26559829711914;71.94952392578125;93.01564025878906;[1]
(bcaf);740;12:18:31:306;29.26559829711914;71.94952392578125;92.88856506347656;[1]
(bcaf);741;12:18:32:456;29.26559829711914;71.98004150390625;92.76148986816406;[1]
(bcaf);742;12:18:33:607;29.26559829711914;71.98004150390625;92.88856506347656;[1]
(bcaf);743;12:18:34:763;29.20319938659667;71.98004150390625;92.88856506347656;[1]
(bcaf);744;12:18:35:914;29.20319938659667;72.033447265625;93.01564025878906;[1]
(bcaf);745;12:18:37:64;29.20319938659667;72.033447265625;92.88856506347656;[1]
(bcaf);746;12:18:38:215;29.20319938659667;72.033447265625;92.88856506347656;[1]
(bcaf);747;12:18:39:365;29.20319938659667;72.033447265625;92.88856506347656;[1]
(bcaf);748;12:18:40:515;29.26559829711914;72.033447265625;93.01564025878906;[1]
(bcaf);749;12:18:41:666;29.20319938659667;72.06396484375;93.01564025878906;[1]
(bcaf);750;12:18:42:821;29.20319938659667;72.06396484375;92.88856506347656;[1]
(bcaf);751;12:18:43:971;29.20319938659667;72.06396484375;93.01564025878906;[1]
(bcaf);752;12:18:45:121;29.20319938659667;72.06396484375;93.01564025878906;[1]
(bcaf);753;12:18:46:272;29.20319938659667;72.06396484375;93.01564025878906;[1]
(bcaf);754;12:18:47:422;29.20319938659667;72.094482421875;92.88856506347656;[1]
(bcaf);755;12:18:48:573;29.20319938659667;72.11737060546875;92.88856506347656;[1]
(bcaf);756;12:18:49:724;29.20319938659667;72.11737060546875;92.88856506347656;[1]
(bcaf);757;12:18:50:880;29.20319938659667;72.11737060546875;92.88856506347656;[1]
(bcaf);758;12:18:52:29;29.20319938659667;72.11737060546875;92.88856506347656;[1]
(bcaf);759;12:18:53:181;29.20319938659667;72.11737060546875;93.01564025878906;[1]
(bcaf);760;12:18:54:331;29.20319938659667;72.08685302734375;92.88856506347656;[1]
(bcaf);761;12:18:55:481;29.20319938659667;72.11737060546875;92.88856506347656;[1]
(bcaf);762;12:18:56:631;29.14079856872558;72.08685302734375;93.01564025878906;[1]
(bcaf);763;12:18:57:786;29.20319938659667;72.08685302734375;92.88856506347656;[1]
(bcaf);764;12:18:58:938;29.20319938659667;72.1097412109375;92.88856506347656;[1]
(bcaf);765;12:19:00:88;29.14079856872558;72.1097412109375;92.88856506347656;[1]
(bcaf);766;12:19:01:238;29.14079856872558;72.1097412109375;92.88856506347656;[1]
(bcaf);767;12:19:02:388;29.20319938659667;72.1402587890625;93.01564025878906;[1]
(bcaf);768;12:19:03:538;29.14079856872558;72.1402587890625;92.88856506347656;[1]
(bcaf);769;12:19:04:689;29.20319938659667;72.1707763671875;92.88856506347656;[1]
(bcaf);770;12:19:05:844;29.14079856872558;72.19366455078125;93.01564025878906;[1]
(bcaf);771;12:19:06:994;29.14079856872558;72.19366455078125;92.88856506347656;[1]
(bcaf);772;12:19:08:145;29.14079856872558;72.19366455078125;93.01564025878906;[1]
(bcaf);773;12:19:09:295;29.14079856872558;72.22418212890625;93.01564025878906;[1]
(bcaf);774;12:19:10:450;29.20319938659667;72.22418212890625;92.76148986816406;[1]
(bcaf);775;12:19:11:600;29.14079856872558;72.22418212890625;92.82502746582031;[1]
(bcaf);776;12:19:12:752;29.14079856872558;72.22418212890625;93.01564025878906;[1]
(bcaf);777;12:19:13:906;29.14079856872558;72.25469970703125;93.01564025878906;[1]
(bcaf);778;12:19:15:57;29.14079856872558;72.25469970703125;92.95210266113281;[1]
(bcaf);779;12:19:16:208;29.14079856872558;72.25469970703125;92.88856506347656;[1]
(bcaf);780;12:19:17:358;29.14079856872558;72.25469970703125;92.88856506347656;[1]
(bcaf);781;12:19:18:507;29.14079856872558;72.25469970703125;93.01564025878906;[1]
(bcaf);782;12:19:19:658;29.14079856872558;72.25469970703125;93.01564025878906;[1]
(bcaf);783;12:19:20:809;29.14079856872558;72.30810546875;92.82502746582031;[1]
(bcaf);784;12:19:21:965;29.14079856872558;72.30810546875;92.88856506347656;[1]
(bcaf);785;12:19:23:115;29.14079856872558;72.30810546875;92.82502746582031;[1]
(bcaf);786;12:19:24:265;29.14079856872558;72.30810546875;93.01564025878906;[1]
(bcaf);787;12:19:25:416;29.14079856872558;72.338623046875;92.82502746582031;[1]
(bcaf);788;12:19:26:567;29.14079856872558;72.338623046875;92.88856506347656;[1]
(bcaf);789;12:19:27:717;29.14079856872558;72.338623046875;92.88856506347656;[1]
(bcaf);790;12:19:28:867;29.14079856872558;72.338623046875;93.01564025878906;[1]
(bcaf);791;12:19:30:22;29.14079856872558;72.338623046875;92.88856506347656;[1]
(bcaf);792;12:19:31:172;29.14079856872558;72.338623046875;93.01564025878906;[1]
(bcaf);793;12:19:32:323;29.14079856872558;72.36151123046875;93.01564025878906;[1]
(bcaf);794;12:19:33:474;29.14079856872558;72.36151123046875;92.82502746582031;[1]
(bcaf);795;12:19:34:624;29.14079856872558;72.39202880859375;93.01564025878906;[1]
(bcaf);796;12:19:35:773;29.07839965820312;72.42254638671875;93.01564025878906;[1]
(bcaf);797;12:19:36:924;29.07839965820312;72.42254638671875;92.88856506347656;[1]
(bcaf);798;12:19:38:78;29.07839965820312;72.4454345703125;92.82502746582031;[1]
(bcaf);799;12:19:39:229;29.07839965820312;72.4759521484375;92.82502746582031;[1]
(bcaf);800;12:19:40:379;29.07839965820312;72.4759521484375;93.01564025878906;[1]
(bcaf);801;12:19:41:531;29.07839965820312;72.4759521484375;93.01564025878906;[1]
(bcaf);802;12:19:42:680;29.07839965820312;72.4759521484375;93.01564025878906;[1]
(bcaf);803;12:19:43:831;29.07839965820312;72.4759521484375;92.88856506347656;[1]
(bcaf);804;12:19:44:986;29.07839965820312;72.4759521484375;93.01564025878906;[1]
(bcaf);805;12:19:46:137;29.07839965820312;72.4759521484375;92.76148986816406;[1]
(bcaf);806;12:19:47:286;29.07839965820312;72.4759521484375;92.82502746582031;[1]
(bcaf);807;12:19:48:442;29.07839965820312;72.4759521484375;92.88856506347656;[1]
(bcaf);808;12:19:49:592;29.07839965820312;72.4759521484375;92.82502746582031;[1]
(bcaf);809;12:19:50:743;29.07839965820312;72.4759521484375;92.95210266113281;[1]
(bcaf);810;12:19:51:892;29.07839965820312;72.4759521484375;93.01564025878906;[1]
(bcaf);811;12:19:53:51;29.07839965820312;72.5064697265625;92.95210266113281;[1]
(bcaf);812;12:19:54:198;29.07839965820312;72.5064697265625;93.07917785644531;[1]
(bcaf);813;12:19:55:349;29.14079856872558;72.5064697265625;92.88856506347656;[1]
(bcaf);814;12:19:56:501;29.07839965820312;72.52935791015625;93.01564025878906;[1]
(bcaf);815;12:19:57:650;29.01599884033203;72.52935791015625;92.95210266113281;[1]
(bcaf);816;12:19:58:799;29.07839965820312;72.52935791015625;92.82502746582031;[1]
(bcaf);817;12:19:59:950;29.07839965820312;72.52935791015625;93.01564025878906;[1]
(bcaf);818;12:20:01:106;29.07839965820312;72.52935791015625;92.76148986816406;[1]
(bcaf);819;12:20:02:257;29.07839965820312;72.52935791015625;92.95210266113281;[1]
(bcaf);820;12:20:03:406;29.07839965820312;72.52935791015625;92.82502746582031;[1]
(bcaf);821;12:20:04:557;29.07839965820312;72.52935791015625;92.82502746582031;[1]
(bcaf);822;12:20:05:708;29.07839965820312;72.52935791015625;92.82502746582031;[1]
(bcaf);823;12:20:06:859;29.01599884033203;72.52935791015625;92.88856506347656;[1]
(bcaf);824;12:20:08:10;29.07839965820312;72.55987548828125;92.88856506347656;[1]
(bcaf);825;12:20:09:165;29.07839965820312;72.55987548828125;92.88856506347656;[1]
(bcaf);826;12:20:10:315;29.07839965820312;72.55987548828125;92.95210266113281;[1]
(bcaf);827;12:20:11:464;29.01599884033203;72.55987548828125;92.95210266113281;[1]
(bcaf);828;12:20:12:615;29.01599884033203;72.62091064453125;93.01564025878906;[1]
(bcaf);829;12:20:13:765;29.07839965820312;72.62091064453125;93.01564025878906;[1]
(bcaf);830;12:20:14:916;29.01599884033203;72.62091064453125;93.01564025878906;[1]
(bcaf);831;12:20:16:66;29.01599884033203;72.62091064453125;92.88856506347656;[1]
(bcaf);832;12:20:17:222;29.01599884033203;72.62091064453125;92.88856506347656;[1]
(bcaf);833;12:20:18:372;29.01599884033203;72.643798828125;93.01564025878906;[1]
(bcaf);834;12:20:19:521;29.01599884033203;72.643798828125;92.95210266113281;[1]
(bcaf);835;12:20:20:671;29.07839965820312;72.643798828125;93.01564025878906;[1]
(bcaf);836;12:20:21:822;29.01599884033203;72.643798828125;92.95210266113281;[1]
(bcaf);837;12:20:22:971;29.01599884033203;72.643798828125;92.95210266113281;[1]
(bcaf);838;12:20:24:121;29.01599884033203;72.643798828125;93.01564025878906;[1]
(bcaf);839;12:20:25:272;29.01599884033203;72.6285400390625;92.95210266113281;[1]
(bcaf);840;12:20:26:422;29.01599884033203;72.704833984375;92.82502746582031;[1]
(bcaf);841;12:20:27:573;29.01599884033203;72.72772216796875;93.01564025878906;[1]
(bcaf);842;12:20:28:725;29.01599884033203;72.72772216796875;92.82502746582031;[1]
(bcaf);843;12:20:29:875;29.01599884033203;72.75823974609375;93.01564025878906;[1]
(bcaf);844;12:20:31:25;29.01599884033203;72.78875732421875;92.88856506347656;[1]
(bcaf);845;12:20:32:175;29.01599884033203;72.78875732421875;92.95210266113281;[1]
(bcaf);846;12:20:33:329;29.01599884033203;72.78875732421875;92.82502746582031;[1]
(bcaf);847;12:20:34:480;29.01599884033203;72.74298095703125;92.95210266113281;[1]
(bcaf);848;12:20:35:629;29.01599884033203;72.74298095703125;92.88856506347656;[1]
(bcaf);849;12:20:36:779;28.95359992980957;72.74298095703125;92.88856506347656;[1]
(bcaf);850;12:20:37:930;29.01599884033203;72.77349853515625;92.88856506347656;[1]
(bcaf);851;12:20:39:81;29.01599884033203;72.77349853515625;92.88856506347656;[1]
(bcaf);852;12:20:40:231;29.01599884033203;72.77349853515625;93.01564025878906;[1]
(bcaf);853;12:20:41:385;29.01599884033203;72.77349853515625;92.82502746582031;[1]
(bcaf);854;12:20:42:535;29.01599884033203;72.77349853515625;92.95210266113281;[1]
(bcaf);855;12:20:43:686;29.01599884033203;72.77349853515625;93.01564025878906;[1]
(bcaf);856;12:20:44:836;29.01599884033203;72.77349853515625;92.82502746582031;[1]
(bcaf);857;12:20:45:992;28.95359992980957;72.77349853515625;93.01564025878906;[1]
(bcaf);858;12:20:47:142;29.01599884033203;72.77349853515625;92.95210266113281;[1]
(bcaf);859;12:20:48:298;29.01599884033203;72.77349853515625;92.82502746582031;[1]
(bcaf);860;12:20:49:448;28.95359992980957;72.77349853515625;92.82502746582031;[1]
(bcaf);861;12:20:50:598;29.01599884033203;72.74298095703125;92.82502746582031;[1]
(bcaf);862;12:20:51:748;29.01599884033203;72.77349853515625;92.82502746582031;[1]
(bcaf);863;12:20:52:898;29.01599884033203;72.77349853515625;92.88856506347656;[1]
(bcaf);864;12:20:54:48;28.95359992980957;72.77349853515625;92.82502746582031;[1]
(bcaf);865;12:20:55:199;29.01599884033203;72.77349853515625;92.88856506347656;[1]
(bcaf);866;12:20:56:354;29.01599884033203;72.77349853515625;92.82502746582031;[1]
(bcaf);867;12:20:57:503;28.95359992980957;72.80401611328125;92.95210266113281;[1]
(bcaf);868;12:20:58:653;29.01599884033203;72.80401611328125;92.88856506347656;[1]
(bcaf);869;12:20:59:804;29.01599884033203;72.826904296875;92.95210266113281;[1]
(bcaf);870;12:21:00:953;29.01599884033203;72.826904296875;92.95210266113281;[1]
(bcaf);871;12:21:02:104;29.01599884033203;72.826904296875;92.82502746582031;[1]
(bcaf);872;12:21:03:254;29.01599884033203;72.857421875;92.88856506347656;[1]
(bcaf);873;12:21:04:411;28.95359992980957;72.857421875;92.82502746582031;[1]
(bcaf);874;12:21:05:560;28.95359992980957;72.857421875;92.95210266113281;[1]
(bcaf);875;12:21:06:711;28.95359992980957;72.857421875;93.01564025878906;[1]
(bcaf);876;12:21:07:862;28.95359992980957;72.826904296875;92.88856506347656;[1]
(bcaf);877;12:21:09:12;29.01599884033203;72.826904296875;92.88856506347656;[1]
(bcaf);878;12:21:10:162;28.95359992980957;72.826904296875;92.82502746582031;[1]
(bcaf);879;12:21:11:311;28.95359992980957;72.826904296875;92.95210266113281;[1]
(bcaf);880;12:21:12:467;29.01599884033203;72.826904296875;93.01564025878906;[1]
(bcaf);881;12:21:13:616;28.95359992980957;72.826904296875;93.01564025878906;[1]
(bcaf);882;12:21:14:767;28.95359992980957;72.857421875;92.82502746582031;[1]
(bcaf);883;12:21:15:916;28.95359992980957;72.857421875;92.88856506347656;[1]
(bcaf);884;12:21:17:67;28.95359992980957;72.857421875;93.01564025878906;[1]
(bcaf);885;12:21:18:218;28.95359992980957;72.857421875;92.82502746582031;[1]
(bcaf);886;12:21:19:372;29.01599884033203;72.91082763671875;92.95210266113281;[1]
(bcaf);887;12:21:20:534;29.01599884033203;72.91082763671875;92.82502746582031;[1]
(bcaf);888;12:21:21:683;28.95359992980957;72.91082763671875;92.82502746582031;[1]
(bcaf);889;12:21:22:833;28.95359992980957;72.91082763671875;92.95210266113281;[1]
(bcaf);890;12:21:23:983;28.95359992980957;72.91082763671875;92.88856506347656;[1]
(bcaf);891;12:21:25:134;28.95359992980957;72.94134521484375;92.88856506347656;[1]
(bcaf);892;12:21:26:286;28.95359992980957;72.94134521484375;92.82502746582031;[1]
(bcaf);893;12:21:27:435;28.95359992980957;72.94134521484375;93.01564025878906;[1]
(bcaf);894;12:21:28:590;28.95359992980957;72.97186279296875;92.88856506347656;[1]
(bcaf);895;12:21:29:741;28.95359992980957;72.97186279296875;92.95210266113281;[1]
(bcaf);896;12:21:30:891;28.89119911193847;72.9947509765625;92.88856506347656;[1]
(bcaf);897;12:21:32:40;28.89119911193847;72.9947509765625;92.82502746582031;[1]
(bcaf);898;12:21:33:195;28.95359992980957;72.9947509765625;92.82502746582031;[1]
(bcaf);899;12:21:34:346;28.95359992980957;73.0252685546875;92.88856506347656;[1]
(bcaf);900;12:21:35:497;28.95359992980957;73.0252685546875;92.95210266113281;[1]
(bcaf);901;12:21:36:652;28.95359992980957;73.0252685546875;92.95210266113281;[1]
(bcaf);902;12:21:37:802;28.95359992980957;73.0252685546875;92.82502746582031;[1]
(bcaf);903;12:21:38:952;28.95359992980957;73.0252685546875;93.01564025878906;[1]
(bcaf);904;12:21:40:103;28.89119911193847;73.0252685546875;92.88856506347656;[1]
(bcaf);905;12:21:41:253;28.95359992980957;73.0252685546875;92.95210266113281;[1]
(bcaf);906;12:21:42:402;28.89119911193847;73.0252685546875;92.88856506347656;[1]
(bcaf);907;12:21:43:558;28.95359992980957;73.0252685546875;92.95210266113281;[1]
(bcaf);908;12:21:44:709;28.89119911193847;73.0252685546875;92.82502746582031;[1]
(bcaf);909;12:21:45:859;28.95359992980957;73.0252685546875;92.88856506347656;[1]
(bcaf);910;12:21:47:9;28.95359992980957;73.0252685546875;92.88856506347656;[1]
(bcaf);911;12:21:48:158;28.95359992980957;73.0252685546875;92.95210266113281;[1]
(bcaf);912;12:21:49:310;28.95359992980957;73.0252685546875;92.95210266113281;[1]
(bcaf);913;12:21:50:459;28.95359992980957;73.0252685546875;93.01564025878906;[1]
(bcaf);914;12:21:51:616;28.89119911193847;73.0252685546875;92.95210266113281;[1]
(bcaf);915;12:21:52:766;28.95359992980957;73.0252685546875;92.88856506347656;[1]
(bcaf);916;12:21:53:917;28.95359992980957;73.0252685546875;92.82502746582031;[1]
(bcaf);917;12:21:55:67;28.89119911193847;73.0252685546875;92.88856506347656;[1]
(bcaf);918;12:21:56:216;28.95359992980957;73.0252685546875;92.95210266113281;[1]
(bcaf);919;12:21:57:366;28.89119911193847;73.0252685546875;92.88856506347656;[1]
(bcaf);920;12:21:58:517;28.95359992980957;73.0252685546875;92.88856506347656;[1]
(bcaf);921;12:21:59:671;28.95359992980957;73.0252685546875;92.95210266113281;[1]
(bcaf);922;12:22:00:822;28.95359992980957;73.0252685546875;92.88856506347656;[1]
(bcaf);923;12:22:01:972;28.89119911193847;73.0252685546875;92.88856506347656;[1]
(bcaf);924;12:22:03:123;28.89119911193847;73.0252685546875;92.82502746582031;[1]
(bcaf);925;12:22:04:272;28.89119911193847;73.07867431640625;92.95210266113281;[1]
(bcaf);926;12:22:05:423;28.89119911193847;73.07867431640625;92.95210266113281;[1]
(bcaf);927;12:22:06:574;28.89119911193847;73.07867431640625;92.88856506347656;[1]
(bcaf);928;12:22:07:730;28.89119911193847;73.07867431640625;92.88856506347656;[1]
(bcaf);929;12:22:08:879;28.89119911193847;73.10919189453125;92.88856506347656;[1]
(bcaf);930;12:22:10:30;28.89119911193847;73.10919189453125;92.88856506347656;[1]
(bcaf);931;12:22:11:181;28.89119911193847;73.10919189453125;92.88856506347656;[1]
(bcaf);932;12:22:12:331;28.89119911193847;73.10919189453125;93.01564025878906;[1]
(bcaf);933;12:22:13:482;28.89119911193847;73.10919189453125;92.95210266113281;[1]
(bcaf);934;12:22:14:631;28.89119911193847;73.10919189453125;92.95210266113281;[1]
(bcaf);935;12:22:15:788;28.89119911193847;73.10919189453125;92.88856506347656;[1]
(bcaf);936;12:22:16:937;28.89119911193847;73.13970947265625;92.88856506347656;[1]
(bcaf);937;12:22:18:88;28.89119911193847;73.13970947265625;92.95210266113281;[1]
(bcaf);938;12:22:19:238;28.89119911193847;73.13970947265625;92.95210266113281;[1]
(bcaf);939;12:22:20:390;28.89119911193847;73.13970947265625;92.82502746582031;[1]
(bcaf);940;12:22:21:539;28.89119911193847;73.13970947265625;92.88856506347656;[1]
(bcaf);941;12:22:22:689;28.82879829406738;73.16259765625;92.95210266113281;[1]
(bcaf);942;12:22:23:844;28.89119911193847;73.2236328125;92.88856506347656;[1]
(bcaf);943;12:22:24:994;28.89119911193847;73.2236328125;92.88856506347656;[1]
(bcaf);944;12:22:26:144;28.89119911193847;73.2236328125;92.82502746582031;[1]
(bcaf);945;12:22:27:295;28.89119911193847;73.2236328125;92.88856506347656;[1]
(bcaf);946;12:22:28:445;28.89119911193847;73.2236328125;92.95210266113281;[1]
(bcaf);947;12:22:29:596;28.89119911193847;73.2236328125;92.88856506347656;[1]
(bcaf);948;12:22:30:747;28.89119911193847;73.24652099609375;92.88856506347656;[1]
(bcaf);949;12:22:31:903;28.89119911193847;73.24652099609375;92.95210266113281;[1]
(bcaf);950;12:22:33:53;28.89119911193847;73.24652099609375;92.88856506347656;[1]
(bcaf);951;12:22:34:203;28.89119911193847;73.24652099609375;92.95210266113281;[1]
(bcaf);952;12:22:35:352;28.89119911193847;73.24652099609375;92.88856506347656;[1]
(bcaf);953;12:22:36:503;28.89119911193847;73.24652099609375;92.88856506347656;[1]
(bcaf);954;12:22:37:653;28.89119911193847;73.27703857421875;92.88856506347656;[1]
(bcaf);955;12:22:38:808;28.89119911193847;73.27703857421875;92.95210266113281;[1]
(bcaf);956;12:22:39:964;28.82879829406738;73.24652099609375;92.88856506347656;[1]
(bcaf);957;12:22:41:116;28.89119911193847;73.24652099609375;92.88856506347656;[1]
(bcaf);958;12:22:42:266;28.89119911193847;73.24652099609375;92.88856506347656;[1]
(bcaf);959;12:22:43:416;28.82879829406738;73.24652099609375;92.95210266113281;[1]
(bcaf);960;12:22:44:567;28.89119911193847;73.24652099609375;92.82502746582031;[1]
(bcaf);961;12:22:45:717;28.89119911193847;73.24652099609375;92.88856506347656;[1]
(bcaf);962;12:22:46:871;28.82879829406738;73.24652099609375;92.82502746582031;[1]
(bcaf);963;12:22:48:21;28.89119911193847;73.24652099609375;92.88856506347656;[1]
(bcaf);964;12:22:49:172;28.89119911193847;73.24652099609375;93.01564025878906;[1]
(bcaf);965;12:22:50:323;28.89119911193847;73.24652099609375;92.88856506347656;[1]
(bcaf);966;12:22:51:474;28.82879829406738;73.27703857421875;92.88856506347656;[1]
(bcaf);967;12:22:52:624;28.82879829406738;73.27703857421875;92.88856506347656;[1]
(bcaf);968;12:22:53:774;28.89119911193847;73.27703857421875;92.88856506347656;[1]
(bcaf);969;12:22:54:929;28.82879829406738;73.30755615234375;92.82502746582031;[1]
(bcaf);970;12:22:56:81;28.82879829406738;73.30755615234375;92.88856506347656;[1]
(bcaf);971;12:22:57:231;28.82879829406738;73.3304443359375;92.88856506347656;[1]
(bcaf);972;12:22:58:381;28.82879829406738;73.3304443359375;92.88856506347656;[1]
(bcaf);973;12:22:59:530;28.82879829406738;73.3304443359375;92.82502746582031;[1]
(bcaf);974;12:23:00:681;28.82879829406738;73.3304443359375;92.82502746582031;[1]
(bcaf);975;12:23:01:832;28.82879829406738;73.3304443359375;92.88856506347656;[1]
(bcaf);976;12:23:02:987;28.82879829406738;73.3304443359375;92.88856506347656;[1]
(bcaf);977;12:23:04:137;28.89119911193847;73.3609619140625;92.88856506347656;[1]
(bcaf);978;12:23:05:288;28.82879829406738;73.32281494140625;92.82502746582031;[1]
(bcaf);979;12:23:06:437;28.82879829406738;73.3609619140625;92.82502746582031;[1]
(bcaf);980;12:23:07:589;28.82879829406738;73.32281494140625;92.95210266113281;[1]
(bcaf);981;12:23:08:739;28.82879829406738;73.35333251953125;92.88856506347656;[1]
(bcaf);982;12:23:09:890;28.82879829406738;73.35333251953125;92.88856506347656;[1]
(bcaf);983;12:23:11:46;28.82879829406738;73.35333251953125;92.88856506347656;[1]
(bcaf);984;12:23:12:196;28.82879829406738;73.35333251953125;92.82502746582031;[1]
(bcaf);985;12:23:13:346;28.82879829406738;73.35333251953125;92.88856506347656;[1]
(bcaf);986;12:23:14:496;28.82879829406738;73.376220703125;92.88856506347656;[1]
(bcaf);987;12:23:15:645;28.82879829406738;73.376220703125;92.88856506347656;[1]
(bcaf);988;12:23:16:796;28.82879829406738;73.40673828125;92.88856506347656;[1]
(bcaf);989;12:23:17:951;28.76639938354492;73.40673828125;92.82502746582031;[1]
(bcaf);990;12:23:19:102;28.82879829406738;73.40673828125;93.07917785644531;[1]
(bcaf);991;12:23:20:253;28.82879829406738;73.40673828125;92.82502746582031;[1]
(bcaf);992;12:23:21:404;28.76639938354492;73.40673828125;92.95210266113281;[1]
(bcaf);993;12:23:22:553;28.82879829406738;73.40673828125;92.88856506347656;[1]
(bcaf);994;12:23:23:704;28.82879829406738;73.437255859375;92.95210266113281;[1]
(bcaf);995;12:23:24:855;28.82879829406738;73.437255859375;92.88856506347656;[1]
(bcaf);996;12:23:26:11;28.76639938354492;73.437255859375;92.82502746582031;[1]
(bcaf);997;12:23:27:161;28.76639938354492;73.437255859375;92.88856506347656;[1]
(bcaf);998;12:23:28:310;28.82879829406738;73.49066162109375;92.88856506347656;[1]
(bcaf);999;12:23:29:461;28.76639938354492;73.49066162109375;92.88856506347656;[1]
(bcaf);1000;12:23:30:611;28.82879829406738;73.49066162109375;92.88856506347656;[1]
(bcaf);1001;12:23:31:763;28.82879829406738;73.49066162109375;92.88856506347656;[1]
(bcaf);1002;12:23:32:912;28.76639938354492;73.49066162109375;92.88856506347656;[1]
(bcaf);1003;12:23:34:69;28.82879829406738;73.49066162109375;92.95210266113281;[1]
(bcaf);1004;12:23:35:218;28.82879829406738;73.49066162109375;92.88856506347656;[1]
(bcaf);1005;12:23:36:370;28.76639938354492;73.49066162109375;92.88856506347656;[1]
(bcaf);1006;12:23:37:520;28.82879829406738;73.49066162109375;92.88856506347656;[1]
(bcaf);1007;12:23:38:671;28.76639938354492;73.49066162109375;92.88856506347656;[1]
(bcaf);1008;12:23:39:821;28.82879829406738;73.52117919921875;92.88856506347656;[1]
(bcaf);1009;12:23:40:970;28.82879829406738;73.52117919921875;92.88856506347656;[1]
(bcaf);1010;12:23:42:126;28.76639938354492;73.52117919921875;92.82502746582031;[1]
(bcaf);1011;12:23:43:275;28.76639938354492;73.52117919921875;92.88856506347656;[1]
(bcaf);1012;12:23:44:426;28.76639938354492;73.55169677734375;92.82502746582031;[1]
(bcaf);1013;12:23:45:576;28.76639938354492;73.55169677734375;92.88856506347656;[1]
(bcaf);1014;12:23:46:727;28.82879829406738;73.55169677734375;92.82502746582031;[1]
(bcaf);1015;12:23:47:878;28.76639938354492;73.55169677734375;92.88856506347656;[1]
(bcaf);1016;12:23:49:28;28.82879829406738;73.55169677734375;92.88856506347656;[1]
(bcaf);1017;12:23:50:183;28.76639938354492;73.55169677734375;92.88856506347656;[1]
(bcaf);1018;12:23:51:334;28.76639938354492;73.55169677734375;92.88856506347656;[1]
(bcaf);1019;12:23:52:484;28.76639938354492;73.55169677734375;92.88856506347656;[1]
(bcaf);1020;12:23:53:634;28.76639938354492;73.55169677734375;92.88856506347656;[1]
(bcaf);1021;12:23:54:785;28.76639938354492;73.55169677734375;92.88856506347656;[1]
(bcaf);1022;12:23:55:935;28.76639938354492;73.55169677734375;92.88856506347656;[1]
(bcaf);1023;12:23:57:86;28.82879829406738;73.55169677734375;92.82502746582031;[1]
(bcaf);1024;12:23:58:242;28.76639938354492;73.55169677734375;92.88856506347656;[1]
(bcaf);1025;12:23:59:392;28.76639938354492;73.55169677734375;92.88856506347656;[1]
(bcaf);1026;12:24:00:543;28.82879829406738;73.55169677734375;92.82502746582031;[1]
(bcaf);1027;12:24:01:693;28.76639938354492;73.5745849609375;92.88856506347656;[1]
(bcaf);1028;12:24:02:843;28.76639938354492;73.5745849609375;92.88856506347656;[1]
(bcaf);1029;12:24:03:994;28.76639938354492;73.5745849609375;92.88856506347656;[1]
(bcaf);1030;12:24:05:149;28.76639938354492;73.5745849609375;92.88856506347656;[1]
(bcaf);1031;12:24:06:299;28.76639938354492;73.5745849609375;92.82502746582031;[1]
(bcaf);1032;12:24:07:451;28.76639938354492;73.5745849609375;92.88856506347656;[1]
(bcaf);1033;12:24:08:600;28.76639938354492;73.5745849609375;92.88856506347656;[1]
(bcaf);1034;12:24:09:750;28.76639938354492;73.5745849609375;92.88856506347656;[1]
(bcaf);1035;12:24:10:901;28.76639938354492;73.6051025390625;92.88856506347656;[1]
(bcaf);1036;12:24:12:53;28.76639938354492;73.6051025390625;92.88856506347656;[1]
(bcaf);1037;12:24:13:207;28.76639938354492;73.6051025390625;92.88856506347656;[1]
(bcaf);1038;12:24:14:358;28.76639938354492;73.6051025390625;92.82502746582031;[1]
(bcaf);1039;12:24:15:509;28.76639938354492;73.6356201171875;92.88856506347656;[1]
(bcaf);1040;12:24:16:659;28.76639938354492;73.6356201171875;92.88856506347656;[1]
(bcaf);1041;12:24:17:809;28.76639938354492;73.6356201171875;92.82502746582031;[1]
(bcaf);1042;12:24:18:960;28.76639938354492;73.65850830078125;92.88856506347656;[1]
(bcaf);1043;12:24:20:111;28.76639938354492;73.65850830078125;92.88856506347656;[1]
(bcaf);1044;12:24:21:267;28.76639938354492;73.65850830078125;92.88856506347656;[1]
(bcaf);1045;12:24:22:417;28.76639938354492;73.65850830078125;92.88856506347656;[1]
(bcaf);1046;12:24:23:567;28.76639938354492;73.68902587890625;92.95210266113281;[1]
(bcaf);1047;12:24:24:717;28.70399856567382;73.68902587890625;92.88856506347656;[1]
(bcaf);1048;12:24:25:867;28.76639938354492;73.68902587890625;92.88856506347656;[1]
(bcaf);1049;12:24:27:18;28.76639938354492;73.68902587890625;92.88856506347656;[1]
(bcaf);1050;12:24:28:169;28.76639938354492;73.68902587890625;92.88856506347656;[1]
(bcaf);1051;12:24:29:323;28.76639938354492;73.68902587890625;92.88856506347656;[1]
(bcaf);1052;12:24:30:474;28.76639938354492;73.68902587890625;92.88856506347656;[1]
(bcaf);1053;12:24:31:623;28.76639938354492;73.71954345703125;92.88856506347656;[1]
(bcaf);1054;12:24:32:774;28.76639938354492;73.71954345703125;92.82502746582031;[1]
(bcaf);1055;12:24:33:924;28.76639938354492;73.71954345703125;92.82502746582031;[1]
(bcaf);1056;12:24:35:75;28.70399856567382;73.71954345703125;92.88856506347656;[1]
(bcaf);1057;12:24:36:226;28.76639938354492;73.742431640625;92.82502746582031;[1]
(bcaf);1058;12:24:37:381;28.70399856567382;73.742431640625;92.82502746582031;[1]
(bcaf);1059;12:24:38:533;28.76639938354492;73.742431640625;92.88856506347656;[1]
(bcaf);1060;12:24:39:682;28.70399856567382;73.742431640625;92.88856506347656;[1]
(bcaf);1061;12:24:40:832;28.76639938354492;73.71954345703125;92.88856506347656;[1]
(bcaf);1062;12:24:41:983;28.70399856567382;73.71954345703125;92.88856506347656;[1]
(bcaf);1063;12:24:43:134;28.76639938354492;73.71954345703125;92.76148986816406;[1]
(bcaf);1064;12:24:44:283;28.76639938354492;73.71954345703125;92.88856506347656;[1]
(bcaf);1065;12:24:45:439;28.76639938354492;73.71954345703125;92.88856506347656;[1]
(bcaf);1066;12:24:46:589;28.76639938354492;73.71954345703125;92.88856506347656;[1]
(bcaf);1067;12:24:47:739;28.76639938354492;73.71954345703125;92.88856506347656;[1]
(bcaf);1068;12:24:48:890;28.70399856567382;73.71954345703125;92.88856506347656;[1]
(bcaf);1069;12:24:50:42;28.70399856567382;73.71954345703125;92.88856506347656;[1]
(bcaf);1070;12:24:51:192;28.76639938354492;73.71954345703125;92.88856506347656;[1]
(bcaf);1071;12:24:52:342;28.76639938354492;73.71954345703125;92.88856506347656;[1]
(bcaf);1072;12:24:53:497;28.76639938354492;73.71954345703125;92.82502746582031;[1]
(bcaf);1073;12:24:54:647;28.76639938354492;73.71954345703125;92.88856506347656;[1]
(bcaf);1074;12:24:55:798;28.76639938354492;73.71954345703125;92.88856506347656;[1]
(bcaf);1075;12:24:56:948;28.70399856567382;73.71954345703125;92.88856506347656;[1]
(bcaf);1076;12:24:58:104;28.76639938354492;73.71954345703125;92.88856506347656;[1]
(bcaf);1077;12:24:59:254;28.76639938354492;73.71954345703125;92.82502746582031;[1]
(bcaf);1078;12:25:00:404;28.70399856567382;73.71954345703125;92.76148986816406;[1]
(bcaf);1079;12:25:01:559;28.76639938354492;73.71954345703125;92.88856506347656;[1]
(bcaf);1080;12:25:02:709;28.76639938354492;73.71954345703125;92.76148986816406;[1]
(bcaf);1081;12:25:03:861;28.76639938354492;73.71954345703125;92.88856506347656;[1]
(bcaf);1082;12:25:05:10;28.76639938354492;73.71954345703125;92.88856506347656;[1]
(bcaf);1083;12:25:06:162;28.76639938354492;73.71954345703125;92.88856506347656;[1]
(bcaf);1084;12:25:07:316;28.70399856567382;73.71954345703125;92.88856506347656;[1]
(bcaf);1085;12:25:08:472;28.76639938354492;73.71954345703125;92.88856506347656;[1]
(bcaf);1086;12:25:09:622;28.76639938354492;73.71954345703125;92.82502746582031;[1]
(bcaf);1087;12:25:10:773;28.76639938354492;73.71954345703125;92.88856506347656;[1]
(bcaf);1088;12:25:11:923;28.70399856567382;73.742431640625;92.88856506347656;[1]
(bcaf);1089;12:25:13:73;28.76639938354492;73.742431640625;92.88856506347656;[1]
(bcaf);1090;12:25:14:222;28.70399856567382;73.742431640625;92.88856506347656;[1]
(bcaf);1091;12:25:15:373;28.70399856567382;73.742431640625;92.88856506347656;[1]
(bcaf);1092;12:25:16:530;28.70399856567382;73.742431640625;92.88856506347656;[1]
(bcaf);1093;12:25:17:679;28.70399856567382;73.742431640625;92.88856506347656;[1]
(bcaf);1094;12:25:18:828;28.70399856567382;73.803466796875;92.88856506347656;[1]
(bcaf);1095;12:25:19:979;28.70399856567382;73.803466796875;92.88856506347656;[1]
(bcaf);1096;12:25:21:130;28.70399856567382;73.82635498046875;92.82502746582031;[1]
(bcaf);1097;12:25:22:281;28.70399856567382;73.82635498046875;92.88856506347656;[1]
(bcaf);1098;12:25:23:431;28.70399856567382;73.82635498046875;92.88856506347656;[1]
(bcaf);1099;12:25:24:588;28.76639938354492;73.85687255859375;92.82502746582031;[1]
(bcaf);1100;12:25:25:738;28.76639938354492;73.85687255859375;92.88856506347656;[1]
(bcaf);1101;12:25:26:888;28.70399856567382;73.85687255859375;92.88856506347656;[1]
(bcaf);1102;12:25:28:39;28.76639938354492;73.85687255859375;92.88856506347656;[1]
(bcaf);1103;12:25:29:189;28.76639938354492;73.82635498046875;92.88856506347656;[1]
(bcaf);1104;12:25:30:339;28.76639938354492;73.85687255859375;92.82502746582031;[1]
(bcaf);1105;12:25:31:488;28.70399856567382;73.82635498046875;92.88856506347656;[1]
(bcaf);1106;12:25:32:644;28.70399856567382;73.82635498046875;92.95210266113281;[1]
(bcaf);1107;12:25:33:794;28.70399856567382;73.82635498046875;92.88856506347656;[1]
(bcaf);1108;12:25:34:944;28.70399856567382;73.85687255859375;92.88856506347656;[1]
(bcaf);1109;12:25:36:95;28.70399856567382;73.85687255859375;92.82502746582031;[1]
(bcaf);1110;12:25:37:244;28.70399856567382;73.85687255859375;92.88856506347656;[1]
(bcaf);1111;12:25:38:395;28.76639938354492;73.85687255859375;92.88856506347656;[1]
(bcaf);1112;12:25:39:545;28.70399856567382;73.85687255859375;92.95210266113281;[1]
(bcaf);1113;12:25:40:701;28.70399856567382;73.85687255859375;92.88856506347656;[1]
(bcaf);1114;12:25:41:852;28.70399856567382;73.85687255859375;92.88856506347656;[1]
(bcaf);1115;12:25:43:2;28.70399856567382;73.85687255859375;92.88856506347656;[1]
(bcaf);1116;12:25:44:152;28.76639938354492;73.85687255859375;92.88856506347656;[1]
(bcaf);1117;12:25:45:309;28.70399856567382;73.85687255859375;92.88856506347656;[1]
(bcaf);1118;12:25:46:458;28.70399856567382;73.85687255859375;92.88856506347656;[1]
(bcaf);1119;12:25:47:609;28.70399856567382;73.85687255859375;92.88856506347656;[1]
(bcaf);1120;12:25:48:763;28.76639938354492;73.85687255859375;92.88856506347656;[1]
(bcaf);1121;12:25:49:914;28.70399856567382;73.85687255859375;92.88856506347656;[1]
(bcaf);1122;12:25:51:65;28.76639938354492;73.85687255859375;92.88856506347656;[1]
(bcaf);1123;12:25:52:215;28.70399856567382;73.85687255859375;92.88856506347656;[1]
(bcaf);1124;12:25:53:367;28.76639938354492;73.85687255859375;92.88856506347656;[1]
(bcaf);1125;12:25:54:523;28.70399856567382;73.85687255859375;92.95210266113281;[1]
(bcaf);1126;12:25:55:671;28.70399856567382;73.85687255859375;93.01564025878906;[1]
(bcaf);1127;12:25:56:826;28.70399856567382;73.85687255859375;92.88856506347656;[1]
(bcaf);1128;12:25:57:977;28.70399856567382;73.88739013671875;92.88856506347656;[1]
(bcaf);1129;12:25:59:133;28.70399856567382;73.88739013671875;92.95210266113281;[1]
(bcaf);1130;12:26:00:282;28.70399856567382;73.88739013671875;92.88856506347656;[1]
(bcaf);1131;12:26:01:432;28.70399856567382;73.88739013671875;92.88856506347656;[1]
(bcaf);1132;12:26:02:583;28.70399856567382;73.88739013671875;92.82502746582031;[1]
(bcaf);1133;12:26:03:742;28.70399856567382;73.88739013671875;92.88856506347656;[1]
(bcaf);1134;12:26:04:895;28.76639938354492;73.88739013671875;92.88856506347656;[1]
(bcaf);1135;12:26:06:45;28.70399856567382;73.88739013671875;92.76148986816406;[1]
(bcaf);1136;12:26:07:195;28.70399856567382;73.88739013671875;92.88856506347656;[1]
(bcaf);1137;12:26:08:352;28.70399856567382;73.9102783203125;92.88856506347656;[1]
(bcaf);1138;12:26:09:501;28.70399856567382;73.9102783203125;92.88856506347656;[1]
(bcaf);1139;12:26:10:651;28.70399856567382;73.9102783203125;92.88856506347656;[1]
(bcaf);1140;12:26:11:806;28.70399856567382;73.9407958984375;92.76148986816406;[1]
(bcaf);1141;12:26:12:957;28.70399856567382;73.9407958984375;92.88856506347656;[1]
(bcaf);1142;12:26:14:107;28.70399856567382;73.9713134765625;92.88856506347656;[1]
(bcaf);1143;12:26:15:257;28.70399856567382;73.9713134765625;92.88856506347656;[1]
(bcaf);1144;12:26:16:406;28.70399856567382;73.9713134765625;92.88856506347656;[1]
(bcaf);1145;12:26:17:556;28.70399856567382;73.9713134765625;92.82502746582031;[1]
(bcaf);1146;12:26:18:706;28.70399856567382;73.9407958984375;92.82502746582031;[1]
(bcaf);1147;12:26:19:862;28.70399856567382;73.9407958984375;92.88856506347656;[1]
(bcaf);1148;12:26:21:12;28.70399856567382;73.9407958984375;92.82502746582031;[1]
(bcaf);1149;12:26:22:164;28.70399856567382;73.9407958984375;92.88856506347656;[1]
(bcaf);1150;12:26:23:313;28.70399856567382;73.9407958984375;92.88856506347656;[1]
(bcaf);1151;12:26:24:465;28.70399856567382;73.9407958984375;92.88856506347656;[1]
(bcaf);1152;12:26:25:614;28.70399856567382;73.9407958984375;92.82502746582031;[1]
(bcaf);1153;12:26:26:765;28.70399856567382;73.9407958984375;92.88856506347656;[1]
(bcaf);1154;12:26:27:920;28.70399856567382;73.9407958984375;92.88856506347656;[1]
(bcaf);1155;12:26:29:69;28.70399856567382;73.9713134765625;92.82502746582031;[1]
(bcaf);1156;12:26:30:220;28.70399856567382;73.9713134765625;92.88856506347656;[1]
(bcaf);1157;12:26:31:371;28.70399856567382;73.9713134765625;92.88856506347656;[1]
(bcaf);1158;12:26:32:521;28.70399856567382;73.9713134765625;92.88856506347656;[1]
(bcaf);1159;12:26:33:670;28.70399856567382;73.9713134765625;92.88856506347656;[1]
(bcaf);1160;12:26:34:821;28.64159965515136;73.9713134765625;92.88856506347656;[1]
(bcaf);1161;12:26:35:977;28.70399856567382;73.9713134765625;92.82502746582031;[1]
(bcaf);1162;12:26:37:127;28.64159965515136;73.9713134765625;92.88856506347656;[1]
(bcaf);1163;12:26:38:279;28.70399856567382;73.9713134765625;92.82502746582031;[1]
(bcaf);1164;12:26:39:429;28.70399856567382;73.9407958984375;92.88856506347656;[1]
(bcaf);1165;12:26:40:579;28.70399856567382;73.9407958984375;92.88856506347656;[1]
(bcaf);1166;12:26:41:729;28.70399856567382;73.9407958984375;92.88856506347656;[1]
(bcaf);1167;12:26:42:880;28.70399856567382;73.9713134765625;92.88856506347656;[1]
(bcaf);1168;12:26:44:35;28.70399856567382;73.9713134765625;92.88856506347656;[1]
(bcaf);1169;12:26:45:185;28.70399856567382;73.9713134765625;92.88856506347656;[1]
(bcaf);1170;12:26:46:340;28.64159965515136;73.9713134765625;92.88856506347656;[1]
(bcaf);1171;12:26:47:492;28.70399856567382;73.9713134765625;92.88856506347656;[1]
(bcaf);1172;12:26:48:642;28.70399856567382;73.99420166015625;92.95210266113281;[1]
(bcaf);1173;12:26:49:791;28.70399856567382;73.99420166015625;92.88856506347656;[1]
(bcaf);1174;12:26:50:946;28.70399856567382;73.9713134765625;92.88856506347656;[0]
