(aaaf);1;12:00:03:59;30.0143985748291;66.89886474609375;92.63440704345703;[1]
(aaaf);1;12:00:03:59;30.0143985748291;66.89886474609375;92.63440704345703;[1]
(aaaf);1;12:00:08:591;30.0767993927002;67.09722900390625;92.69794464111328;[1]
(aaaf);1;12:00:08:591;30.0767993927002;67.09722900390625;92.69794464111328;[1]
(aaaf);1;12:00:08:919;30.0767993927002;67.09722900390625;92.63440704345703;[1]
(aaaf);1;12:00:08:919;30.0767993927002;67.09722900390625;92.63440704345703;[1]
(aaaf);1;12:00:09:245;30.0767993927002;67.09722900390625;92.69794464111328;[1]
(aaaf);1;12:00:09:245;30.0767993927002;67.09722900390625;92.69794464111328;[1]
(aaaf);1;12:00:09:573;30.0767993927002;67.09722900390625;92.69794464111328;[1]
(aaaf);1;12:00:09:573;30.0767993927002;67.09722900390625;92.69794464111328;[1]
(aaaf);1;12:00:09:901;30.0767993927002;67.0743408203125;92.63440704345703;[1]
(aaaf);1;12:00:09:901;30.0767993927002;67.0743408203125;92.63440704345703;[1]
(aaaf);1;12:00:10:229;30.0767993927002;67.0438232421875;92.82502746582031;[1]
(aaaf);1;12:00:10:229;30.0767993927002;67.0438232421875;92.82502746582031;[1]
(aaaf);1;12:00:10:556;30.0767993927002;67.0438232421875;92.69794464111328;[1]
(aaaf);1;12:00:10:556;30.0767993927002;67.0438232421875;92.69794464111328;[1]
(aaaf);1;12:00:10:884;30.0767993927002;67.0133056640625;92.69794464111328;[1]
(aaaf);1;12:00:10:884;30.0767993927002;67.0133056640625;92.69794464111328;[1]
(aaaf);1;12:00:11:207;30.0767993927002;66.99041748046875;92.69794464111328;[1]
(aaaf);1;12:00:11:207;30.0767993927002;66.99041748046875;92.69794464111328;[1]
(aaaf);1;12:00:11:535;30.0767993927002;66.95989990234375;92.69794464111328;[1]
(aaaf);1;12:00:11:535;30.0767993927002;66.95989990234375;92.69794464111328;[1]
(aaaf);1;12:00:11:863;30.13919830322265;66.95989990234375;92.69794464111328;[1]
(aaaf);1;12:00:11:863;30.13919830322265;66.95989990234375;92.69794464111328;[1]
(aaaf);1;12:00:12:191;30.0767993927002;66.89886474609375;92.63440704345703;[1]
(aaaf);1;12:00:12:191;30.0767993927002;66.89886474609375;92.63440704345703;[1]
(aaaf);1;12:00:12:519;30.0767993927002;66.8759765625;92.69794464111328;[1]
(aaaf);1;12:00:12:519;30.0767993927002;66.8759765625;92.69794464111328;[1]
(aaaf);1;12:00:12:847;30.0767993927002;66.8759765625;92.69794464111328;[1]
(aaaf);1;12:00:12:847;30.0767993927002;66.8759765625;92.69794464111328;[1]
(aaaf);1;12:00:13:174;30.0767993927002;66.845458984375;92.69794464111328;[1]
(aaaf);1;12:00:13:174;30.0767993927002;66.845458984375;92.69794464111328;[1]
(aaaf);1;12:00:13:502;30.0767993927002;66.784423828125;92.69794464111328;[1]
(aaaf);1;12:00:13:502;30.0767993927002;66.784423828125;92.69794464111328;[1]
(aaaf);1;12:00:13:830;30.0767993927002;66.75390625;92.69794464111328;[1]
(aaaf);1;12:00:13:830;30.0767993927002;66.75390625;92.69794464111328;[1]
(aaaf);1;12:00:14:157;30.0767993927002;66.723388671875;92.76148986816406;[1]
(aaaf);1;12:00:14:157;30.0767993927002;66.723388671875;92.76148986816406;[1]
(aaaf);1;12:00:14:484;30.0767993927002;66.723388671875;92.63440704345703;[1]
(aaaf);1;12:00:14:484;30.0767993927002;66.723388671875;92.63440704345703;[1]
(aaaf);1;12:00:14:811;30.0767993927002;66.662353515625;92.69794464111328;[1]
(aaaf);1;12:00:14:811;30.0767993927002;66.662353515625;92.69794464111328;[1]
(aaaf);1;12:00:15:139;30.0767993927002;66.662353515625;92.82502746582031;[1]
(aaaf);1;12:00:15:139;30.0767993927002;66.662353515625;92.82502746582031;[1]
(aaaf);1;12:00:15:467;30.0767993927002;66.63946533203125;92.82502746582031;[1]
(aaaf);1;12:00:15:467;30.0767993927002;66.63946533203125;92.82502746582031;[1]
(aaaf);1;12:00:15:795;30.0767993927002;66.60894775390625;92.82502746582031;[1]
(aaaf);1;12:00:15:795;30.0767993927002;66.60894775390625;92.82502746582031;[1]
(aaaf);1;12:00:16:123;30.0767993927002;66.57843017578125;92.63440704345703;[1]
(aaaf);1;12:00:16:123;30.0767993927002;66.57843017578125;92.63440704345703;[1]
(aaaf);1;12:00:16:451;30.0767993927002;66.54791259765625;92.69794464111328;[1]
(aaaf);1;12:00:16:451;30.0767993927002;66.54791259765625;92.69794464111328;[1]
(aaaf);1;12:00:16:778;30.0767993927002;66.51739501953125;92.69794464111328;[1]
(aaaf);1;12:00:16:778;30.0767993927002;66.51739501953125;92.69794464111328;[1]
(aaaf);1;12:00:17:105;30.0767993927002;66.48687744140625;92.63440704345703;[1]
(aaaf);1;12:00:17:105;30.0767993927002;66.48687744140625;92.63440704345703;[1]
(aaaf);1;12:00:17:433;30.0767993927002;66.48687744140625;92.69794464111328;[1]
(aaaf);1;12:00:17:433;30.0767993927002;66.48687744140625;92.69794464111328;[1]
(aaaf);1;12:00:17:761;30.0767993927002;66.48687744140625;92.82502746582031;[1]
(aaaf);1;12:00:17:761;30.0767993927002;66.48687744140625;92.82502746582031;[1]
(aaaf);1;12:00:18:88;30.0767993927002;66.48687744140625;92.63440704345703;[1]
(aaaf);1;12:00:18:88;30.0767993927002;66.48687744140625;92.63440704345703;[1]
(aaaf);1;12:00:18:416;30.0767993927002;66.48687744140625;92.69794464111328;[1]
(aaaf);1;12:00:18:416;30.0767993927002;66.48687744140625;92.69794464111328;[1]
(aaaf);1;12:00:18:744;30.13919830322265;66.48687744140625;92.63440704345703;[1]
(aaaf);1;12:00:18:744;30.13919830322265;66.48687744140625;92.63440704345703;[1]
(aaaf);1;12:00:19:72;30.0767993927002;66.51739501953125;92.69794464111328;[1]
(aaaf);1;12:00:19:72;30.0767993927002;66.51739501953125;92.69794464111328;[1]
(aaaf);1;12:00:19:400;30.0767993927002;66.54791259765625;92.69794464111328;[1]
(aaaf);1;12:00:19:400;30.0767993927002;66.54791259765625;92.69794464111328;[1]
(aaaf);1;12:00:19:728;30.13919830322265;66.57843017578125;92.69794464111328;[1]
(aaaf);1;12:00:19:728;30.13919830322265;66.57843017578125;92.69794464111328;[1]
(aaaf);1;12:00:20:56;30.13919830322265;66.57843017578125;92.82502746582031;[1]
(aaaf);1;12:00:20:56;30.13919830322265;66.57843017578125;92.82502746582031;[1]
(aaaf);1;12:00:20:384;30.0767993927002;66.60894775390625;92.69794464111328;[1]
(aaaf);1;12:00:20:384;30.0767993927002;66.60894775390625;92.69794464111328;[1]
(aaaf);1;12:00:20:712;30.0767993927002;66.63946533203125;92.69794464111328;[1]
(aaaf);1;12:00:20:712;30.0767993927002;66.63946533203125;92.69794464111328;[1]
(aaaf);1;12:00:21:39;30.0767993927002;66.63946533203125;92.82502746582031;[1]
(aaaf);1;12:00:21:39;30.0767993927002;66.63946533203125;92.82502746582031;[1]
(aaaf);1;12:00:21:367;30.0767993927002;66.662353515625;92.63440704345703;[1]
(aaaf);1;12:00:21:367;30.0767993927002;66.662353515625;92.63440704345703;[1]
(aaaf);1;12:00:21:695;30.0767993927002;66.662353515625;92.82502746582031;[1]
(aaaf);1;12:00:21:695;30.0767993927002;66.662353515625;92.82502746582031;[1]
(aaaf);1;12:00:22:23;30.0767993927002;66.662353515625;92.69794464111328;[1]
(aaaf);1;12:00:22:23;30.0767993927002;66.662353515625;92.69794464111328;[1]
(aaaf);1;12:00:22:350;30.0767993927002;66.69287109375;92.69794464111328;[1]
(aaaf);1;12:00:22:350;30.0767993927002;66.69287109375;92.69794464111328;[1]
(aaaf);1;12:00:22:678;30.0767993927002;66.69287109375;92.69794464111328;[1]
(aaaf);1;12:00:22:678;30.0767993927002;66.69287109375;92.69794464111328;[1]
(aaaf);1;12:00:23:6;30.0767993927002;66.723388671875;92.63440704345703;[1]
(aaaf);1;12:00:23:6;30.0767993927002;66.723388671875;92.63440704345703;[1]
(aaaf);1;12:00:23:333;30.0767993927002;66.723388671875;92.69794464111328;[1]
(aaaf);1;12:00:23:333;30.0767993927002;66.723388671875;92.69794464111328;[1]
(aaaf);1;12:00:23:661;30.13919830322265;66.75390625;92.69794464111328;[1]
(aaaf);1;12:00:23:661;30.13919830322265;66.75390625;92.69794464111328;[1]
(aaaf);1;12:00:23:989;30.13919830322265;66.75390625;92.69794464111328;[1]
(aaaf);1;12:00:23:989;30.13919830322265;66.75390625;92.69794464111328;[1]
(aaaf);1;12:00:24:316;30.0767993927002;66.784423828125;92.69794464111328;[1]
(aaaf);1;12:00:24:316;30.0767993927002;66.784423828125;92.69794464111328;[1]
(aaaf);1;12:00:24:644;30.0767993927002;66.784423828125;92.63440704345703;[1]
(aaaf);1;12:00:24:644;30.0767993927002;66.784423828125;92.63440704345703;[1]
(aaaf);1;12:00:24:972;30.13919830322265;66.845458984375;92.63440704345703;[1]
(aaaf);1;12:00:24:972;30.13919830322265;66.845458984375;92.63440704345703;[1]
(aaaf);1;12:00:25:299;30.0767993927002;66.845458984375;92.69794464111328;[1]
(aaaf);1;12:00:25:299;30.0767993927002;66.845458984375;92.69794464111328;[1]
(aaaf);1;12:00:25:627;30.13919830322265;66.8759765625;92.63440704345703;[1]
(aaaf);1;12:00:25:627;30.13919830322265;66.8759765625;92.63440704345703;[1]
(aaaf);1;12:00:25:950;30.0767993927002;66.8759765625;92.82502746582031;[1]
(aaaf);1;12:00:25:950;30.0767993927002;66.8759765625;92.82502746582031;[1]
(aaaf);1;12:00:26:278;30.13919830322265;66.8759765625;92.69794464111328;[1]
(aaaf);1;12:00:26:278;30.13919830322265;66.8759765625;92.69794464111328;[1]
(aaaf);1;12:00:26:605;30.13919830322265;66.906494140625;92.69794464111328;[1]
(aaaf);1;12:00:26:605;30.13919830322265;66.906494140625;92.69794464111328;[1]
(aaaf);1;12:00:26:933;30.0767993927002;66.8759765625;92.63440704345703;[1]
(aaaf);1;12:00:26:933;30.0767993927002;66.8759765625;92.63440704345703;[1]
(aaaf);1;12:00:27:261;30.0767993927002;66.906494140625;92.69794464111328;[1]
(aaaf);1;12:00:27:261;30.0767993927002;66.906494140625;92.69794464111328;[1]
(aaaf);1;12:00:27:588;30.0767993927002;66.906494140625;92.69794464111328;[1]
(aaaf);1;12:00:27:588;30.0767993927002;66.906494140625;92.69794464111328;[1]
(aaaf);1;12:00:27:916;30.13919830322265;66.8759765625;92.88856506347656;[1]
(aaaf);1;12:00:27:916;30.13919830322265;66.8759765625;92.88856506347656;[1]
(aaaf);1;12:00:28:244;30.13919830322265;66.906494140625;92.69794464111328;[1]
(aaaf);1;12:00:28:244;30.13919830322265;66.906494140625;92.69794464111328;[1]
(aaaf);1;12:00:28:572;30.0767993927002;66.906494140625;92.82502746582031;[1]
(aaaf);1;12:00:28:572;30.0767993927002;66.906494140625;92.82502746582031;[1]
(aaaf);1;12:00:28:900;30.13919830322265;66.906494140625;92.69794464111328;[1]
(aaaf);1;12:00:28:900;30.13919830322265;66.906494140625;92.69794464111328;[1]
(aaaf);1;12:00:29:228;30.0767993927002;66.845458984375;92.69794464111328;[1]
(aaaf);1;12:00:29:228;30.0767993927002;66.845458984375;92.69794464111328;[1]
(aaaf);1;12:00:29:555;30.13919830322265;66.81494140625;92.76148986816406;[1]
(aaaf);1;12:00:29:555;30.13919830322265;66.81494140625;92.76148986816406;[1]
(aaaf);1;12:00:29:883;30.13919830322265;66.81494140625;92.69794464111328;[1]
(aaaf);1;12:00:29:883;30.13919830322265;66.81494140625;92.69794464111328;[1]
(aaaf);1;12:00:30:211;30.0767993927002;66.79205322265625;92.76148986816406;[1]
(aaaf);1;12:00:30:211;30.0767993927002;66.79205322265625;92.76148986816406;[1]
(aaaf);1;12:00:30:539;30.0767993927002;66.76153564453125;92.69794464111328;[1]
(aaaf);1;12:00:30:539;30.0767993927002;66.76153564453125;92.69794464111328;[1]
(aaaf);1;12:00:30:867;30.0767993927002;66.76153564453125;92.69794464111328;[1]
(aaaf);1;12:00:30:867;30.0767993927002;66.76153564453125;92.69794464111328;[1]
(aaaf);1;12:00:31:195;30.0767993927002;66.73101806640625;92.69794464111328;[1]
(aaaf);1;12:00:31:195;30.0767993927002;66.73101806640625;92.69794464111328;[1]
(aaaf);1;12:00:31:523;30.13919830322265;66.70050048828125;92.63440704345703;[1]
(aaaf);1;12:00:31:523;30.13919830322265;66.70050048828125;92.63440704345703;[1]
(aaaf);1;12:00:31:851;30.13919830322265;66.70050048828125;92.69794464111328;[1]
(aaaf);1;12:00:31:851;30.13919830322265;66.70050048828125;92.69794464111328;[1]
(aaaf);1;12:00:32:179;30.0767993927002;66.66998291015625;92.63440704345703;[1]
(aaaf);1;12:00:32:179;30.0767993927002;66.66998291015625;92.63440704345703;[1]
(aaaf);1;12:00:32:507;30.13919830322265;66.63946533203125;92.69794464111328;[1]
(aaaf);1;12:00:32:507;30.13919830322265;66.63946533203125;92.69794464111328;[1]
(aaaf);1;12:00:32:835;30.0767993927002;66.60894775390625;92.82502746582031;[1]
(aaaf);1;12:00:32:835;30.0767993927002;66.60894775390625;92.82502746582031;[1]
(aaaf);1;12:00:33:162;30.0767993927002;66.57843017578125;92.69794464111328;[1]
(aaaf);1;12:00:33:162;30.0767993927002;66.57843017578125;92.69794464111328;[1]
(aaaf);1;12:00:33:490;30.13919830322265;66.54791259765625;92.63440704345703;[1]
(aaaf);1;12:00:33:490;30.13919830322265;66.54791259765625;92.63440704345703;[1]
(aaaf);1;12:00:33:818;30.0767993927002;66.51739501953125;92.69794464111328;[1]
(aaaf);1;12:00:33:818;30.0767993927002;66.51739501953125;92.69794464111328;[1]
(aaaf);1;12:00:34:146;30.0767993927002;66.4639892578125;92.69794464111328;[1]
(aaaf);1;12:00:34:146;30.0767993927002;66.4639892578125;92.69794464111328;[1]
(aaaf);1;12:00:34:474;30.13919830322265;66.4639892578125;92.69794464111328;[1]
(aaaf);1;12:00:34:474;30.13919830322265;66.4639892578125;92.69794464111328;[1]
(aaaf);1;12:00:34:802;30.0767993927002;66.4334716796875;92.69794464111328;[1]
(aaaf);1;12:00:34:802;30.0767993927002;66.4334716796875;92.69794464111328;[1]
(aaaf);1;12:00:35:130;30.13919830322265;66.4334716796875;92.82502746582031;[1]
(aaaf);1;12:00:35:130;30.13919830322265;66.4334716796875;92.82502746582031;[1]
(aaaf);1;12:00:35:458;30.13919830322265;66.4334716796875;92.69794464111328;[1]
(aaaf);1;12:00:35:458;30.13919830322265;66.4334716796875;92.69794464111328;[1]
(aaaf);1;12:00:35:786;30.13919830322265;66.4334716796875;92.69794464111328;[1]
(aaaf);1;12:00:35:786;30.13919830322265;66.4334716796875;92.69794464111328;[1]
(aaaf);1;12:00:36:114;30.13919830322265;66.4334716796875;92.82502746582031;[1]
(aaaf);1;12:00:36:114;30.13919830322265;66.4334716796875;92.82502746582031;[1]
(aaaf);1;12:00:36:441;30.13919830322265;66.4029541015625;92.82502746582031;[1]
(aaaf);1;12:00:36:441;30.13919830322265;66.4029541015625;92.82502746582031;[1]
(aaaf);1;12:00:36:769;30.13919830322265;66.4029541015625;92.63440704345703;[1]
(aaaf);1;12:00:36:769;30.13919830322265;66.4029541015625;92.63440704345703;[1]
(aaaf);1;12:00:37:97;30.13919830322265;66.4029541015625;92.69794464111328;[1]
(aaaf);1;12:00:37:97;30.13919830322265;66.4029541015625;92.69794464111328;[1]
(aaaf);1;12:00:37:425;30.13919830322265;66.4029541015625;92.76148986816406;[1]
(aaaf);1;12:00:37:425;30.13919830322265;66.4029541015625;92.76148986816406;[1]
(aaaf);1;12:00:37:753;30.13919830322265;66.4029541015625;92.69794464111328;[1]
(aaaf);1;12:00:37:753;30.13919830322265;66.4029541015625;92.69794464111328;[1]
(aaaf);1;12:00:38:81;30.0767993927002;66.3724365234375;92.69794464111328;[1]
(aaaf);1;12:00:38:81;30.0767993927002;66.3724365234375;92.69794464111328;[1]
(aaaf);1;12:00:38:409;30.13919830322265;66.3724365234375;92.82502746582031;[1]
(aaaf);1;12:00:38:409;30.13919830322265;66.3724365234375;92.82502746582031;[1]
(aaaf);1;12:00:38:737;30.13919830322265;66.3724365234375;92.69794464111328;[1]
(aaaf);1;12:00:38:737;30.13919830322265;66.3724365234375;92.69794464111328;[1]
(aaaf);1;12:00:39:65;30.0767993927002;66.3724365234375;92.88856506347656;[1]
(aaaf);1;12:00:39:65;30.0767993927002;66.3724365234375;92.88856506347656;[1]
(aaaf);1;12:00:39:393;30.13919830322265;66.3419189453125;92.69794464111328;[1]
(aaaf);1;12:00:39:393;30.13919830322265;66.3419189453125;92.69794464111328;[1]
(aaaf);1;12:00:39:721;30.0767993927002;66.3114013671875;92.82502746582031;[1]
(aaaf);1;12:00:39:721;30.0767993927002;66.3114013671875;92.82502746582031;[1]
(aaaf);1;12:00:40:48;30.13919830322265;66.3114013671875;92.69794464111328;[1]
(aaaf);1;12:00:40:48;30.13919830322265;66.3114013671875;92.69794464111328;[1]
(aaaf);1;12:00:40:376;30.13919830322265;66.3114013671875;92.69794464111328;[1]
(aaaf);1;12:00:40:376;30.13919830322265;66.3114013671875;92.69794464111328;[1]
(aaaf);1;12:00:40:704;30.0767993927002;66.2808837890625;92.69794464111328;[1]
(aaaf);1;12:00:40:704;30.0767993927002;66.2808837890625;92.69794464111328;[1]
(aaaf);1;12:00:41:32;30.13919830322265;66.2808837890625;92.69794464111328;[1]
(aaaf);1;12:00:41:32;30.13919830322265;66.2808837890625;92.69794464111328;[1]
(aaaf);1;12:00:41:360;30.13919830322265;66.2503662109375;92.88856506347656;[1]
(aaaf);1;12:00:41:360;30.13919830322265;66.2503662109375;92.88856506347656;[1]
(aaaf);1;12:00:41:688;30.13919830322265;66.2503662109375;92.69794464111328;[1]
(aaaf);1;12:00:41:688;30.13919830322265;66.2503662109375;92.69794464111328;[1]
(aaaf);1;12:00:42:15;30.13919830322265;66.2198486328125;92.69794464111328;[1]
(aaaf);1;12:00:42:15;30.13919830322265;66.2198486328125;92.69794464111328;[1]
(aaaf);1;12:00:42:344;30.13919830322265;66.2198486328125;92.63440704345703;[1]
(aaaf);1;12:00:42:344;30.13919830322265;66.2198486328125;92.63440704345703;[1]
(aaaf);1;12:00:42:672;30.13919830322265;66.2198486328125;92.69794464111328;[1]
(aaaf);1;12:00:42:672;30.13919830322265;66.2198486328125;92.69794464111328;[1]
(aaaf);1;12:00:43:0;30.13919830322265;66.2198486328125;92.69794464111328;[1]
(aaaf);1;12:00:43:0;30.13919830322265;66.2198486328125;92.69794464111328;[1]
(aaaf);1;12:00:43:328;30.13919830322265;66.19696044921875;92.82502746582031;[1]
(aaaf);1;12:00:43:328;30.13919830322265;66.19696044921875;92.82502746582031;[1]
(aaaf);1;12:00:43:656;30.13919830322265;66.19696044921875;92.69794464111328;[1]
(aaaf);1;12:00:43:656;30.13919830322265;66.19696044921875;92.69794464111328;[1]
(aaaf);1;12:00:43:984;30.13919830322265;66.13592529296875;92.63440704345703;[1]
(aaaf);1;12:00:43:984;30.13919830322265;66.13592529296875;92.63440704345703;[1]
(aaaf);1;12:00:44:311;30.0767993927002;66.13592529296875;92.82502746582031;[1]
(aaaf);1;12:00:44:311;30.0767993927002;66.13592529296875;92.82502746582031;[1]
(aaaf);1;12:00:44:639;30.13919830322265;66.13592529296875;92.69794464111328;[1]
(aaaf);1;12:00:44:639;30.13919830322265;66.13592529296875;92.69794464111328;[1]
(aaaf);1;12:00:44:967;30.13919830322265;66.13592529296875;92.69794464111328;[1]
(aaaf);1;12:00:44:967;30.13919830322265;66.13592529296875;92.69794464111328;[1]
(aaaf);1;12:00:45:294;30.13919830322265;66.10540771484375;92.76148986816406;[1]
(aaaf);1;12:00:45:294;30.13919830322265;66.10540771484375;92.76148986816406;[1]
(aaaf);1;12:00:45:622;30.13919830322265;66.10540771484375;92.63440704345703;[1]
(aaaf);1;12:00:45:622;30.13919830322265;66.10540771484375;92.63440704345703;[1]
(aaaf);1;12:00:45:949;30.20159912109375;66.10540771484375;92.69794464111328;[1]
(aaaf);1;12:00:45:949;30.20159912109375;66.10540771484375;92.69794464111328;[1]
(aaaf);1;12:00:46:277;30.13919830322265;66.10540771484375;92.69794464111328;[1]
(aaaf);1;12:00:46:277;30.13919830322265;66.10540771484375;92.69794464111328;[1]
(aaaf);1;12:00:46:605;30.13919830322265;66.13592529296875;92.76148986816406;[1]
(aaaf);1;12:00:46:605;30.13919830322265;66.13592529296875;92.76148986816406;[1]
(aaaf);1;12:00:46:933;30.13919830322265;66.13592529296875;92.63440704345703;[1]
(aaaf);1;12:00:46:933;30.13919830322265;66.13592529296875;92.63440704345703;[1]
(aaaf);1;12:00:47:261;30.13919830322265;66.13592529296875;92.69794464111328;[1]
(aaaf);1;12:00:47:261;30.13919830322265;66.13592529296875;92.69794464111328;[1]
(aaaf);1;12:00:47:589;30.13919830322265;66.13592529296875;92.69794464111328;[1]
(aaaf);1;12:00:47:589;30.13919830322265;66.13592529296875;92.69794464111328;[1]
(aaaf);1;12:00:47:917;30.13919830322265;66.19696044921875;92.63440704345703;[1]
(aaaf);1;12:00:47:917;30.13919830322265;66.19696044921875;92.63440704345703;[1]
(aaaf);1;12:00:48:245;30.13919830322265;66.2198486328125;92.63440704345703;[1]
(aaaf);1;12:00:48:245;30.13919830322265;66.2198486328125;92.63440704345703;[1]
(aaaf);1;12:00:48:573;30.13919830322265;66.2198486328125;92.69794464111328;[1]
(aaaf);1;12:00:48:573;30.13919830322265;66.2198486328125;92.69794464111328;[1]
(aaaf);1;12:00:48:901;30.13919830322265;66.2503662109375;92.82502746582031;[1]
(aaaf);1;12:00:48:901;30.13919830322265;66.2503662109375;92.82502746582031;[1]
(aaaf);1;12:00:49:229;30.13919830322265;66.2503662109375;92.69794464111328;[1]
(aaaf);1;12:00:49:229;30.13919830322265;66.2503662109375;92.69794464111328;[1]
(aaaf);1;12:00:49:556;30.13919830322265;66.2808837890625;92.69794464111328;[1]
(aaaf);1;12:00:49:556;30.13919830322265;66.2808837890625;92.69794464111328;[1]
(aaaf);1;12:00:49:884;30.13919830322265;66.2808837890625;92.69794464111328;[1]
(aaaf);1;12:00:49:884;30.13919830322265;66.2808837890625;92.69794464111328;[1]
(aaaf);1;12:00:50:212;30.13919830322265;66.3114013671875;92.69794464111328;[1]
(aaaf);1;12:00:50:212;30.13919830322265;66.3114013671875;92.69794464111328;[1]
(aaaf);1;12:00:50:540;30.13919830322265;66.3114013671875;92.69794464111328;[1]
(aaaf);1;12:00:50:540;30.13919830322265;66.3114013671875;92.69794464111328;[1]
(aaaf);1;12:00:50:868;30.13919830322265;66.3114013671875;92.69794464111328;[1]
(aaaf);1;12:00:50:868;30.13919830322265;66.3114013671875;92.69794464111328;[1]
(aaaf);1;12:00:51:196;30.20159912109375;66.3114013671875;92.63440704345703;[1]
(aaaf);1;12:00:51:196;30.20159912109375;66.3114013671875;92.63440704345703;[1]
(aaaf);1;12:00:51:524;30.13919830322265;66.3114013671875;92.69794464111328;[1]
(aaaf);1;12:00:51:524;30.13919830322265;66.3114013671875;92.69794464111328;[1]
(aaaf);1;12:00:51:852;30.13919830322265;66.3114013671875;92.63440704345703;[1]
(aaaf);1;12:00:51:852;30.13919830322265;66.3114013671875;92.63440704345703;[1]
(aaaf);1;12:00:52:180;30.20159912109375;66.2808837890625;92.69794464111328;[1]
(aaaf);1;12:00:52:180;30.20159912109375;66.2808837890625;92.69794464111328;[1]
(aaaf);1;12:00:52:508;30.13919830322265;66.2808837890625;92.69794464111328;[1]
(aaaf);1;12:00:52:508;30.13919830322265;66.2808837890625;92.69794464111328;[1]
(aaaf);1;12:00:52:836;30.20159912109375;66.2808837890625;92.69794464111328;[1]
(aaaf);1;12:00:52:836;30.20159912109375;66.2808837890625;92.69794464111328;[1]
(aaaf);1;12:00:53:164;30.13919830322265;66.2503662109375;92.76148986816406;[1]
(aaaf);1;12:00:53:164;30.13919830322265;66.2503662109375;92.76148986816406;[1]
(aaaf);1;12:00:53:492;30.13919830322265;66.2503662109375;92.82502746582031;[1]
(aaaf);1;12:00:53:492;30.13919830322265;66.2503662109375;92.82502746582031;[1]
(aaaf);1;12:00:53:820;30.13919830322265;66.2198486328125;92.82502746582031;[1]
(aaaf);1;12:00:53:820;30.13919830322265;66.2198486328125;92.82502746582031;[1]
(aaaf);1;12:00:54:148;30.13919830322265;66.19696044921875;92.69794464111328;[1]
(aaaf);1;12:00:54:148;30.13919830322265;66.19696044921875;92.69794464111328;[1]
(aaaf);1;12:00:54:476;30.13919830322265;66.19696044921875;92.69794464111328;[1]
(aaaf);1;12:00:54:476;30.13919830322265;66.19696044921875;92.69794464111328;[1]
(aaaf);1;12:00:54:803;30.0767993927002;66.19696044921875;92.76148986816406;[1]
(aaaf);1;12:00:54:803;30.0767993927002;66.19696044921875;92.76148986816406;[1]
(aaaf);1;12:00:55:131;30.13919830322265;66.13592529296875;92.63440704345703;[1]
(aaaf);1;12:00:55:131;30.13919830322265;66.13592529296875;92.63440704345703;[1]
(aaaf);1;12:00:55:459;30.13919830322265;66.13592529296875;92.76148986816406;[1]
(aaaf);1;12:00:55:459;30.13919830322265;66.13592529296875;92.76148986816406;[1]
(aaaf);1;12:00:55:787;30.20159912109375;66.10540771484375;92.88856506347656;[1]
(aaaf);1;12:00:55:787;30.20159912109375;66.10540771484375;92.88856506347656;[1]
(aaaf);1;12:00:56:115;30.13919830322265;66.10540771484375;92.69794464111328;[1]
(aaaf);1;12:00:56:115;30.13919830322265;66.10540771484375;92.69794464111328;[1]
(aaaf);1;12:00:56:443;30.13919830322265;66.07489013671875;92.69794464111328;[1]
(aaaf);1;12:00:56:443;30.13919830322265;66.07489013671875;92.69794464111328;[1]
(aaaf);1;12:00:56:771;30.13919830322265;66.04437255859375;92.69794464111328;[1]
(aaaf);1;12:00:56:771;30.13919830322265;66.04437255859375;92.69794464111328;[1]
(aaaf);1;12:00:57:99;30.13919830322265;66.04437255859375;92.82502746582031;[1]
(aaaf);1;12:00:57:99;30.13919830322265;66.04437255859375;92.82502746582031;[1]
(aaaf);1;12:00:57:427;30.13919830322265;66.01385498046875;92.63440704345703;[1]
(aaaf);1;12:00:57:427;30.13919830322265;66.01385498046875;92.63440704345703;[1]
(aaaf);1;12:00:57:755;30.20159912109375;66.01385498046875;92.69794464111328;[1]
(aaaf);1;12:00:57:755;30.20159912109375;66.01385498046875;92.69794464111328;[1]
(aaaf);1;12:00:58:83;30.13919830322265;65.98333740234375;92.69794464111328;[1]
(aaaf);1;12:00:58:83;30.13919830322265;65.98333740234375;92.69794464111328;[1]
(aaaf);1;12:00:58:411;30.13919830322265;65.98333740234375;92.76148986816406;[1]
(aaaf);1;12:00:58:411;30.13919830322265;65.98333740234375;92.76148986816406;[1]
(aaaf);1;12:00:58:739;30.13919830322265;65.95281982421875;92.76148986816406;[1]
(aaaf);1;12:00:58:739;30.13919830322265;65.95281982421875;92.76148986816406;[1]
(aaaf);1;12:00:59:67;30.13919830322265;65.95281982421875;92.69794464111328;[1]
(aaaf);1;12:00:59:67;30.13919830322265;65.95281982421875;92.69794464111328;[1]
(aaaf);1;12:00:59:395;30.13919830322265;65.92230224609375;92.69794464111328;[1]
(aaaf);1;12:00:59:395;30.13919830322265;65.92230224609375;92.69794464111328;[1]
(aaaf);1;12:00:59:722;30.13919830322265;65.92230224609375;92.69794464111328;[1]
(aaaf);1;12:00:59:722;30.13919830322265;65.92230224609375;92.69794464111328;[1]
(aaaf);1;12:01:00:50;30.20159912109375;65.89178466796875;92.69794464111328;[1]
(aaaf);1;12:01:00:50;30.20159912109375;65.89178466796875;92.69794464111328;[1]
(aaaf);1;12:01:00:378;30.20159912109375;65.89178466796875;92.63440704345703;[1]
(aaaf);1;12:01:00:378;30.20159912109375;65.89178466796875;92.63440704345703;[1]
(aaaf);1;12:01:00:706;30.20159912109375;65.89178466796875;92.63440704345703;[1]
(aaaf);1;12:01:00:706;30.20159912109375;65.89178466796875;92.63440704345703;[1]
(aaaf);1;12:01:01:34;30.13919830322265;65.86126708984375;92.69794464111328;[1]
(aaaf);1;12:01:01:34;30.13919830322265;65.86126708984375;92.69794464111328;[1]
(aaaf);1;12:01:01:362;30.13919830322265;65.86126708984375;92.69794464111328;[1]
(aaaf);1;12:01:01:362;30.13919830322265;65.86126708984375;92.69794464111328;[1]
(aaaf);1;12:01:01:690;30.20159912109375;65.86126708984375;92.82502746582031;[1]
(aaaf);1;12:01:01:690;30.20159912109375;65.86126708984375;92.82502746582031;[1]
(aaaf);1;12:01:02:18;30.13919830322265;65.86126708984375;92.63440704345703;[1]
(aaaf);1;12:01:02:18;30.13919830322265;65.86126708984375;92.63440704345703;[1]
(aaaf);1;12:01:02:346;30.13919830322265;65.86126708984375;92.63440704345703;[1]
(aaaf);1;12:01:02:346;30.13919830322265;65.86126708984375;92.63440704345703;[1]
(aaaf);1;12:01:02:673;30.13919830322265;65.807861328125;92.69794464111328;[1]
(aaaf);1;12:01:02:673;30.13919830322265;65.807861328125;92.69794464111328;[1]
(aaaf);1;12:01:03:1;30.13919830322265;65.807861328125;92.63440704345703;[1]
(aaaf);1;12:01:03:1;30.13919830322265;65.807861328125;92.63440704345703;[1]
(aaaf);1;12:01:03:329;30.13919830322265;65.807861328125;92.69794464111328;[1]
(aaaf);1;12:01:03:329;30.13919830322265;65.807861328125;92.69794464111328;[1]
(aaaf);1;12:01:03:657;30.13919830322265;65.77734375;92.69794464111328;[1]
(aaaf);1;12:01:03:657;30.13919830322265;65.77734375;92.69794464111328;[1]
(aaaf);1;12:01:03:984;30.13919830322265;65.77734375;92.69794464111328;[1]
(aaaf);1;12:01:03:984;30.13919830322265;65.77734375;92.69794464111328;[1]
(aaaf);1;12:01:04:307;30.13919830322265;65.77734375;92.63440704345703;[1]
(aaaf);1;12:01:04:307;30.13919830322265;65.77734375;92.63440704345703;[1]
(aaaf);1;12:01:04:635;30.13919830322265;65.77734375;92.69794464111328;[1]
(aaaf);1;12:01:04:635;30.13919830322265;65.77734375;92.69794464111328;[1]
(aaaf);1;12:01:04:957;30.13919830322265;65.77734375;92.69794464111328;[1]
(aaaf);1;12:01:04:957;30.13919830322265;65.77734375;92.69794464111328;[1]
(aaaf);1;12:01:05:280;30.20159912109375;65.77734375;92.69794464111328;[1]
(aaaf);1;12:01:05:280;30.20159912109375;65.77734375;92.69794464111328;[1]
(aaaf);1;12:01:05:608;30.20159912109375;65.77734375;92.82502746582031;[1]
(aaaf);1;12:01:05:608;30.20159912109375;65.77734375;92.82502746582031;[1]
(aaaf);1;12:01:05:930;30.20159912109375;65.746826171875;92.63440704345703;[1]
(aaaf);1;12:01:05:930;30.20159912109375;65.746826171875;92.63440704345703;[1]
(aaaf);1;12:01:06:258;30.20159912109375;65.746826171875;92.69794464111328;[1]
(aaaf);1;12:01:06:258;30.20159912109375;65.746826171875;92.69794464111328;[1]
(aaaf);1;12:01:06:586;30.13919830322265;65.746826171875;92.63440704345703;[1]
(aaaf);1;12:01:06:586;30.13919830322265;65.746826171875;92.63440704345703;[1]
(aaaf);1;12:01:06:914;30.13919830322265;65.746826171875;92.69794464111328;[1]
(aaaf);1;12:01:06:914;30.13919830322265;65.746826171875;92.69794464111328;[1]
(aaaf);1;12:01:07:241;30.13919830322265;65.746826171875;92.69794464111328;[1]
(aaaf);1;12:01:07:241;30.13919830322265;65.746826171875;92.69794464111328;[1]
(aaaf);1;12:01:07:569;30.13919830322265;65.746826171875;92.76148986816406;[1]
(aaaf);1;12:01:07:569;30.13919830322265;65.746826171875;92.76148986816406;[1]
(aaaf);1;12:01:07:897;30.20159912109375;65.746826171875;92.69794464111328;[1]
(aaaf);1;12:01:07:897;30.20159912109375;65.746826171875;92.69794464111328;[1]
(aaaf);1;12:01:08:225;30.20159912109375;65.77734375;92.76148986816406;[1]
(aaaf);1;12:01:08:225;30.20159912109375;65.77734375;92.76148986816406;[1]
(aaaf);1;12:01:08:552;30.13919830322265;65.77734375;92.76148986816406;[1]
(aaaf);1;12:01:08:552;30.13919830322265;65.77734375;92.76148986816406;[1]
(aaaf);1;12:01:08:875;30.20159912109375;65.77734375;92.82502746582031;[1]
(aaaf);1;12:01:08:875;30.20159912109375;65.77734375;92.82502746582031;[1]
(aaaf);1;12:01:09:203;30.20159912109375;65.77734375;92.76148986816406;[1]
(aaaf);1;12:01:09:203;30.20159912109375;65.77734375;92.76148986816406;[1]
(aaaf);1;12:01:09:525;30.20159912109375;65.807861328125;92.69794464111328;[1]
(aaaf);1;12:01:09:525;30.20159912109375;65.807861328125;92.69794464111328;[1]
(aaaf);1;12:01:09:853;30.13919830322265;65.807861328125;92.69794464111328;[1]
(aaaf);1;12:01:09:853;30.13919830322265;65.807861328125;92.69794464111328;[1]
(aaaf);1;12:01:10:181;30.20159912109375;65.807861328125;92.69794464111328;[1]
(aaaf);1;12:01:10:181;30.20159912109375;65.807861328125;92.69794464111328;[1]
(aaaf);1;12:01:10:509;30.20159912109375;65.86126708984375;92.69794464111328;[1]
(aaaf);1;12:01:10:509;30.20159912109375;65.86126708984375;92.69794464111328;[1]
(aaaf);1;12:01:10:837;30.20159912109375;65.86126708984375;92.76148986816406;[1]
(aaaf);1;12:01:10:837;30.20159912109375;65.86126708984375;92.76148986816406;[1]
(aaaf);1;12:01:11:164;30.20159912109375;65.86126708984375;92.69794464111328;[1]
(aaaf);1;12:01:11:164;30.20159912109375;65.86126708984375;92.69794464111328;[1]
(aaaf);1;12:01:11:492;30.20159912109375;65.86126708984375;92.63440704345703;[1]
(aaaf);1;12:01:11:492;30.20159912109375;65.86126708984375;92.63440704345703;[1]
(aaaf);1;12:01:11:820;30.20159912109375;65.89178466796875;92.76148986816406;[1]
(aaaf);1;12:01:11:820;30.20159912109375;65.89178466796875;92.76148986816406;[1]
(aaaf);1;12:01:12:148;30.20159912109375;65.89178466796875;92.63440704345703;[1]
(aaaf);1;12:01:12:148;30.20159912109375;65.89178466796875;92.63440704345703;[1]
(aaaf);1;12:01:12:476;30.20159912109375;65.92230224609375;92.69794464111328;[1]
(aaaf);1;12:01:12:476;30.20159912109375;65.92230224609375;92.69794464111328;[1]
(aaaf);1;12:01:12:804;30.20159912109375;65.92230224609375;92.69794464111328;[1]
(aaaf);1;12:01:12:804;30.20159912109375;65.92230224609375;92.69794464111328;[1]
(aaaf);1;12:01:13:132;30.20159912109375;65.92230224609375;92.63440704345703;[1]
(aaaf);1;12:01:13:132;30.20159912109375;65.92230224609375;92.63440704345703;[1]
(aaaf);1;12:01:13:460;30.13919830322265;65.92230224609375;92.63440704345703;[1]
(aaaf);1;12:01:13:460;30.13919830322265;65.92230224609375;92.63440704345703;[1]
(aaaf);1;12:01:13:788;30.20159912109375;65.92230224609375;92.88856506347656;[1]
(aaaf);1;12:01:13:788;30.20159912109375;65.92230224609375;92.88856506347656;[1]
(aaaf);1;12:01:14:116;30.20159912109375;65.95281982421875;92.69794464111328;[1]
(aaaf);1;12:01:14:116;30.20159912109375;65.95281982421875;92.69794464111328;[1]
(aaaf);1;12:01:14:444;30.20159912109375;65.95281982421875;92.69794464111328;[1]
(aaaf);1;12:01:14:444;30.20159912109375;65.95281982421875;92.69794464111328;[1]
(aaaf);1;12:01:14:772;30.20159912109375;65.95281982421875;92.69794464111328;[1]
(aaaf);1;12:01:14:772;30.20159912109375;65.95281982421875;92.69794464111328;[1]
(aaaf);1;12:01:15:100;30.20159912109375;65.95281982421875;92.76148986816406;[1]
(aaaf);1;12:01:15:100;30.20159912109375;65.95281982421875;92.76148986816406;[1]
(aaaf);1;12:01:15:427;30.20159912109375;65.95281982421875;92.69794464111328;[1]
(aaaf);1;12:01:15:427;30.20159912109375;65.95281982421875;92.69794464111328;[1]
(aaaf);1;12:01:15:755;30.20159912109375;65.95281982421875;92.69794464111328;[1]
(aaaf);1;12:01:15:755;30.20159912109375;65.95281982421875;92.69794464111328;[1]
(aaaf);1;12:01:16:83;30.20159912109375;65.98333740234375;92.63440704345703;[1]
(aaaf);1;12:01:16:83;30.20159912109375;65.98333740234375;92.63440704345703;[1]
(aaaf);1;12:01:16:411;30.13919830322265;65.98333740234375;92.88856506347656;[1]
(aaaf);1;12:01:16:411;30.13919830322265;65.98333740234375;92.88856506347656;[1]
(aaaf);1;12:01:16:739;30.13919830322265;65.98333740234375;92.82502746582031;[1]
(aaaf);1;12:01:16:739;30.13919830322265;65.98333740234375;92.82502746582031;[1]
(aaaf);1;12:01:17:67;30.20159912109375;65.98333740234375;92.69794464111328;[1]
(aaaf);1;12:01:17:67;30.20159912109375;65.98333740234375;92.69794464111328;[1]
(aaaf);1;12:01:17:395;30.20159912109375;65.98333740234375;92.63440704345703;[1]
(aaaf);1;12:01:17:395;30.20159912109375;65.98333740234375;92.63440704345703;[1]
(aaaf);1;12:01:17:723;30.20159912109375;65.98333740234375;92.63440704345703;[1]
(aaaf);1;12:01:17:723;30.20159912109375;65.98333740234375;92.63440704345703;[1]
(aaaf);1;12:01:18:51;30.20159912109375;65.98333740234375;92.69794464111328;[1]
(aaaf);1;12:01:18:51;30.20159912109375;65.98333740234375;92.69794464111328;[1]
(aaaf);1;12:01:18:379;30.20159912109375;66.01385498046875;92.76148986816406;[1]
(aaaf);1;12:01:18:379;30.20159912109375;66.01385498046875;92.76148986816406;[1]
(aaaf);1;12:01:18:707;30.20159912109375;66.01385498046875;92.88856506347656;[1]
(aaaf);1;12:01:18:707;30.20159912109375;66.01385498046875;92.88856506347656;[1]
(aaaf);1;12:01:19:35;30.20159912109375;66.01385498046875;92.88856506347656;[1]
(aaaf);1;12:01:19:35;30.20159912109375;66.01385498046875;92.88856506347656;[1]
(aaaf);1;12:01:19:363;30.20159912109375;66.01385498046875;92.69794464111328;[1]
(aaaf);1;12:01:19:363;30.20159912109375;66.01385498046875;92.69794464111328;[1]
(aaaf);1;12:01:19:691;30.20159912109375;66.01385498046875;92.63440704345703;[1]
(aaaf);1;12:01:19:691;30.20159912109375;66.01385498046875;92.63440704345703;[1]
(aaaf);1;12:01:20:18;30.20159912109375;66.01385498046875;92.82502746582031;[1]
(aaaf);1;12:01:20:18;30.20159912109375;66.01385498046875;92.82502746582031;[1]
(aaaf);1;12:01:20:346;30.13919830322265;66.01385498046875;92.69794464111328;[1]
(aaaf);1;12:01:20:346;30.13919830322265;66.01385498046875;92.69794464111328;[1]
(aaaf);1;12:01:20:674;30.20159912109375;66.01385498046875;92.63440704345703;[1]
(aaaf);1;12:01:20:674;30.20159912109375;66.01385498046875;92.63440704345703;[1]
(aaaf);1;12:01:21:2;30.13919830322265;66.01385498046875;92.63440704345703;[1]
(aaaf);1;12:01:21:2;30.13919830322265;66.01385498046875;92.63440704345703;[1]
(aaaf);1;12:01:21:330;30.20159912109375;66.01385498046875;92.63440704345703;[1]
(aaaf);1;12:01:21:330;30.20159912109375;66.01385498046875;92.63440704345703;[1]
(aaaf);1;12:01:21:658;30.20159912109375;66.01385498046875;92.88856506347656;[1]
(aaaf);1;12:01:21:658;30.20159912109375;66.01385498046875;92.88856506347656;[1]
(aaaf);1;12:01:21:986;30.20159912109375;66.01385498046875;92.82502746582031;[1]
(aaaf);1;12:01:21:986;30.20159912109375;66.01385498046875;92.82502746582031;[1]
(aaaf);1;12:01:22:314;30.20159912109375;66.01385498046875;92.69794464111328;[1]
(aaaf);1;12:01:22:314;30.20159912109375;66.01385498046875;92.69794464111328;[1]
(aaaf);1;12:01:22:642;30.20159912109375;66.01385498046875;92.76148986816406;[1]
(aaaf);1;12:01:22:642;30.20159912109375;66.01385498046875;92.76148986816406;[1]
(aaaf);1;12:01:22:970;30.20159912109375;66.01385498046875;92.69794464111328;[1]
(aaaf);1;12:01:22:970;30.20159912109375;66.01385498046875;92.69794464111328;[1]
(aaaf);1;12:01:23:297;30.20159912109375;66.01385498046875;92.76148986816406;[1]
(aaaf);1;12:01:23:297;30.20159912109375;66.01385498046875;92.76148986816406;[1]
(aaaf);1;12:01:23:625;30.20159912109375;66.01385498046875;92.76148986816406;[1]
(aaaf);1;12:01:23:625;30.20159912109375;66.01385498046875;92.76148986816406;[1]
(aaaf);1;12:01:23:953;30.20159912109375;66.01385498046875;92.76148986816406;[1]
(aaaf);1;12:01:23:953;30.20159912109375;66.01385498046875;92.76148986816406;[1]
(aaaf);1;12:01:24:281;30.20159912109375;66.01385498046875;92.69794464111328;[1]
(aaaf);1;12:01:24:281;30.20159912109375;66.01385498046875;92.69794464111328;[1]
(aaaf);1;12:01:24:609;30.20159912109375;66.01385498046875;92.69794464111328;[1]
(aaaf);1;12:01:24:609;30.20159912109375;66.01385498046875;92.69794464111328;[1]
(aaaf);1;12:01:24:937;30.20159912109375;66.01385498046875;92.76148986816406;[1]
(aaaf);1;12:01:24:937;30.20159912109375;66.01385498046875;92.76148986816406;[1]
(aaaf);1;12:01:25:265;30.20159912109375;66.01385498046875;92.76148986816406;[1]
(aaaf);1;12:01:25:265;30.20159912109375;66.01385498046875;92.76148986816406;[1]
(aaaf);1;12:01:25:593;30.20159912109375;66.01385498046875;92.63440704345703;[1]
(aaaf);1;12:01:25:593;30.20159912109375;66.01385498046875;92.63440704345703;[1]
(aaaf);1;12:01:25:921;30.20159912109375;66.01385498046875;92.88856506347656;[1]
(aaaf);1;12:01:25:921;30.20159912109375;66.01385498046875;92.88856506347656;[1]
(aaaf);1;12:01:26:249;30.20159912109375;66.04437255859375;92.69794464111328;[1]
(aaaf);1;12:01:26:249;30.20159912109375;66.04437255859375;92.69794464111328;[1]
(aaaf);1;12:01:26:577;30.20159912109375;66.07489013671875;92.88856506347656;[1]
(aaaf);1;12:01:26:577;30.20159912109375;66.07489013671875;92.88856506347656;[1]
(aaaf);1;12:01:26:905;30.20159912109375;66.10540771484375;92.69794464111328;[1]
(aaaf);1;12:01:26:905;30.20159912109375;66.10540771484375;92.69794464111328;[1]
(aaaf);1;12:01:27:233;30.20159912109375;66.13592529296875;92.69794464111328;[1]
(aaaf);1;12:01:27:233;30.20159912109375;66.13592529296875;92.69794464111328;[1]
(aaaf);1;12:01:27:561;30.20159912109375;66.19696044921875;92.63440704345703;[1]
(aaaf);1;12:01:27:561;30.20159912109375;66.19696044921875;92.63440704345703;[1]
(aaaf);1;12:01:27:889;30.20159912109375;66.2198486328125;92.69794464111328;[1]
(aaaf);1;12:01:27:889;30.20159912109375;66.2198486328125;92.69794464111328;[1]
(aaaf);1;12:01:28:217;30.20159912109375;66.2503662109375;92.69794464111328;[1]
(aaaf);1;12:01:28:217;30.20159912109375;66.2503662109375;92.69794464111328;[1]
(aaaf);1;12:01:28:545;30.20159912109375;66.2808837890625;92.69794464111328;[1]
(aaaf);1;12:01:28:545;30.20159912109375;66.2808837890625;92.69794464111328;[1]
(aaaf);1;12:01:28:872;30.20159912109375;66.2808837890625;92.69794464111328;[1]
(aaaf);1;12:01:28:872;30.20159912109375;66.2808837890625;92.69794464111328;[1]
(aaaf);1;12:01:29:200;30.20159912109375;66.2808837890625;92.76148986816406;[1]
(aaaf);1;12:01:29:200;30.20159912109375;66.2808837890625;92.76148986816406;[1]
(aaaf);1;12:01:29:528;30.20159912109375;66.3114013671875;92.63440704345703;[1]
(aaaf);1;12:01:29:528;30.20159912109375;66.3114013671875;92.63440704345703;[1]
(aaaf);1;12:01:29:856;30.20159912109375;66.3114013671875;92.63440704345703;[1]
(aaaf);1;12:01:29:856;30.20159912109375;66.3114013671875;92.63440704345703;[1]
(aaaf);1;12:01:30:184;30.26399993896484;66.3114013671875;92.69794464111328;[0]
