(aadc);166;30.76319885253906;62.1915283203125;92.69794464111328
(aadc);166;30.76319885253906;62.1915283203125;92.69794464111328
(aaaf);164;29.39039993286132;61.9473876953125;92.82502746582031
(aadc);167;30.82559967041015;61.86346435546875;92.76148986816406
(aaaf);165;29.39039993286132;61.5048828125;92.76148986816406
(aadc);168;30.82559967041015;61.83294677734375;92.69794464111328
(aaaf);166;29.39039993286132;61.535400390625;92.69794464111328
(aadc);169;30.82559967041015;61.83294677734375;92.69794464111328
(aaaf);167;29.39039993286132;61.535400390625;92.76148986816406
(aadc);170;30.82559967041015;61.83294677734375;92.69794464111328
(aaaf);168;29.39039993286132;61.56591796875;92.76148986816406
(aadc);171;30.82559967041015;61.83294677734375;92.69794464111328
(aaaf);169;29.39039993286132;61.58880615234375;92.76148986816406
(aadc);172;30.82559967041015;61.83294677734375;92.69794464111328
(aaaf);170;29.39039993286132;61.58880615234375;92.76148986816406
(aadc);173;30.82559967041015;61.83294677734375;92.69794464111328
(aaaf);171;29.39039993286132;61.58880615234375;92.63440704345703
(aadc);174;30.82559967041015;61.83294677734375;92.76148986816406
(aaaf);172;29.39039993286132;61.58880615234375;92.82502746582031
(aadc);175;30.82559967041015;61.83294677734375;92.69794464111328
(aaaf);173;29.39039993286132;61.58880615234375;92.63440704345703
(aadc);176;30.82559967041015;61.83294677734375;92.69794464111328
(aaaf);174;29.39039993286132;61.58880615234375;92.63440704345703
(aadc);177;30.82559967041015;61.83294677734375;92.69794464111328
(aaaf);175;29.39039993286132;61.58880615234375;92.76148986816406
(aadc);178;30.82559967041015;61.83294677734375;92.76148986816406
(aaaf);176;29.45279884338378;61.56591796875;92.76148986816406
(aadc);179;30.88799858093261;61.83294677734375;92.76148986816406
(aaaf);177;29.39039993286132;61.56591796875;92.63440704345703
(aadc);180;30.82559967041015;61.83294677734375;92.69794464111328
(aaaf);178;29.39039993286132;61.535400390625;92.76148986816406
(aadc);181;30.82559967041015;61.83294677734375;92.76148986816406
(aaaf);179;29.39039993286132;61.535400390625;92.63440704345703
(aadc);182;30.82559967041015;61.83294677734375;92.69794464111328
(aaaf);180;29.39039993286132;61.535400390625;92.63440704345703
(aadc);183;30.88799858093261;61.86346435546875;92.69794464111328
(aaaf);181;29.39039993286132;61.56591796875;92.76148986816406
(aadc);184;30.88799858093261;61.86346435546875;92.69794464111328
(aaaf);182;29.45279884338378;61.56591796875;92.69794464111328
(aadc);185;30.82559967041015;61.86346435546875;92.69794464111328
(aaaf);183;29.39039993286132;61.58880615234375;92.76148986816406
(aadc);186;30.88799858093261;61.86346435546875;92.69794464111328
(aaaf);184;29.39039993286132;61.61932373046875;92.82502746582031
(aadc);187;30.88799858093261;61.86346435546875;92.69794464111328
(aaaf);185;29.39039993286132;61.68035888671875;92.69794464111328
(aadc);188;30.82559967041015;61.89398193359375;92.76148986816406
(aaaf);186;29.39039993286132;61.68035888671875;92.76148986816406
(aadc);189;30.88799858093261;61.89398193359375;92.69794464111328
(aaaf);187;29.39039993286132;61.71087646484375;92.63440704345703
(aadc);190;30.88799858093261;61.89398193359375;92.76148986816406
(aaaf);188;29.39039993286132;61.71087646484375;92.76148986816406
(aadc);191;30.82559967041015;61.92449951171875;92.76148986816406
(aaaf);189;29.39039993286132;61.74139404296875;92.69794464111328
(aadc);192;30.88799858093261;61.95501708984375;92.69794464111328
(aaaf);190;29.39039993286132;61.74139404296875;92.69794464111328
(aadc);193;30.88799858093261;61.95501708984375;92.82502746582031
(aaaf);191;29.39039993286132;61.74139404296875;92.63440704345703
(aadc);194;30.82559967041015;61.95501708984375;92.69794464111328
(aaaf);192;29.39039993286132;61.74139404296875;92.82502746582031
(aadc);195;30.82559967041015;61.89398193359375;92.76148986816406
(aaaf);193;29.39039993286132;61.74139404296875;92.82502746582031
(aadc);196;30.82559967041015;61.83294677734375;92.76148986816406
(aaaf);194;29.39039993286132;61.74139404296875;92.63440704345703
(aadc);197;30.88799858093261;61.779541015625;92.69794464111328
(aaaf);195;29.39039993286132;61.71087646484375;92.76148986816406
(aadc);198;30.88799858093261;61.718505859375;92.69794464111328
(aaaf);196;29.39039993286132;61.71087646484375;92.76148986816406
(aadc);199;30.82559967041015;61.68798828125;92.69794464111328
(aaaf);197;29.39039993286132;61.68035888671875;92.76148986816406
(aadc);200;30.88799858093261;61.657470703125;92.69794464111328
(aaaf);198;29.39039993286132;61.61932373046875;92.63440704345703
(aadc);201;30.88799858093261;61.657470703125;92.76148986816406
(aaaf);199;29.39039993286132;61.61932373046875;92.76148986816406
(aadc);202;30.88799858093261;61.657470703125;92.76148986816406
(aaaf);200;29.45279884338378;61.61932373046875;92.63440704345703
(aadc);203;30.88799858093261;61.657470703125;92.76148986816406
(aaaf);201;29.39039993286132;61.61932373046875;92.82502746582031
(aadc);204;30.82559967041015;61.68798828125;92.69794464111328
(aaaf);202;29.39039993286132;61.61932373046875;92.69794464111328
(aadc);205;30.88799858093261;61.718505859375;92.69794464111328
(aaaf);203;29.39039993286132;61.61932373046875;92.76148986816406
(aadc);206;30.88799858093261;61.718505859375;92.69794464111328
(aaaf);204;29.39039993286132;61.61932373046875;92.63440704345703
(aadc);207;30.88799858093261;61.7490234375;92.69794464111328
(aaaf);205;29.39039993286132;61.58880615234375;92.63440704345703
(aadc);208;30.88799858093261;61.779541015625;92.76148986816406
(aaaf);206;29.39039993286132;61.56591796875;92.76148986816406
(aadc);209;30.88799858093261;61.779541015625;92.76148986816406
(aaaf);207;29.39039993286132;61.56591796875;92.76148986816406
(aadc);210;30.88799858093261;61.7490234375;92.69794464111328
(aaaf);208;29.39039993286132;61.56591796875;92.63440704345703
(aadc);211;30.88799858093261;61.718505859375;92.69794464111328
(aaaf);209;29.39039993286132;61.535400390625;92.63440704345703
(aadc);212;30.88799858093261;61.718505859375;92.76148986816406
(aaaf);210;29.39039993286132;61.535400390625;92.63440704345703
(aadc);213;30.88799858093261;61.718505859375;92.69794464111328
(aaaf);211;29.39039993286132;61.5048828125;92.63440704345703
(aadc);214;30.88799858093261;61.718505859375;92.82502746582031
(aaaf);212;29.39039993286132;61.413330078125;92.69794464111328
(aadc);215;30.88799858093261;61.718505859375;92.69794464111328
(aaaf);213;29.39039993286132;61.291259765625;92.82502746582031
(aadc);216;30.88799858093261;61.718505859375;92.69794464111328
(aaaf);214;29.39039993286132;61.17681884765625;92.76148986816406
(aadc);217;30.88799858093261;61.718505859375;92.69794464111328
(aaaf);215;29.39039993286132;61.08526611328125;92.63440704345703
(aadc);218;30.88799858093261;61.68798828125;92.76148986816406
(aaaf);216;29.39039993286132;61.0318603515625;92.76148986816406
(aadc);219;30.88799858093261;61.718505859375;92.76148986816406
(aaaf);217;29.39039993286132;61.0013427734375;92.82502746582031
(aadc);220;30.88799858093261;61.718505859375;92.69794464111328
(aaaf);218;29.45279884338378;61.05474853515625;92.63440704345703
(aadc);221;30.88799858093261;61.718505859375;92.69794464111328
(aaaf);219;29.39039993286132;61.08526611328125;92.76148986816406
(aadc);222;30.88799858093261;61.718505859375;92.69794464111328
(aaaf);220;29.39039993286132;61.11578369140625;92.63440704345703
(aadc);223;30.95039939880371;61.718505859375;92.69794464111328
(aaaf);221;29.39039993286132;61.17681884765625;92.63440704345703
(aadc);224;30.88799858093261;61.7490234375;92.76148986816406
(aaaf);222;29.39039993286132;61.23785400390625;92.76148986816406
(aadc);225;30.88799858093261;61.779541015625;92.69794464111328
(aaaf);223;29.39039993286132;61.26837158203125;92.82502746582031
(aadc);226;30.88799858093261;61.779541015625;92.69794464111328
(aaaf);224;29.39039993286132;61.291259765625;92.76148986816406
(aadc);227;30.88799858093261;61.80242919921875;92.76148986816406
(aaaf);225;29.39039993286132;61.352294921875;92.76148986816406
(aadc);228;30.88799858093261;61.83294677734375;92.69794464111328
(aaaf);226;29.39039993286132;61.3828125;92.82502746582031
(aadc);229;30.88799858093261;61.83294677734375;92.76148986816406
(aaaf);227;29.39039993286132;61.413330078125;92.82502746582031
(aadc);230;30.82559967041015;61.83294677734375;92.76148986816406
(aaaf);228;29.39039993286132;61.44384765625;92.63440704345703
(aadc);231;30.88799858093261;61.80242919921875;92.69794464111328
(aaaf);229;29.32799911499023;61.474365234375;92.69794464111328
(aadc);232;30.88799858093261;61.80242919921875;92.69794464111328
(aaaf);230;29.32799911499023;61.5048828125;92.69794464111328
(aadc);233;30.88799858093261;61.80242919921875;92.76148986816406
(aaaf);231;29.39039993286132;61.5048828125;92.76148986816406
(aadc);234;30.88799858093261;61.779541015625;92.76148986816406
(aaaf);232;29.32799911499023;61.474365234375;92.76148986816406
(aadc);235;30.88799858093261;61.779541015625;92.76148986816406
(aaaf);233;29.39039993286132;61.44384765625;92.76148986816406
(aadc);236;30.88799858093261;61.779541015625;92.69794464111328
(aaaf);234;29.39039993286132;61.44384765625;92.76148986816406
(aadc);237;30.88799858093261;61.779541015625;92.69794464111328
(aaaf);235;29.39039993286132;61.44384765625;92.63440704345703
(aadc);238;30.88799858093261;61.80242919921875;92.69794464111328
(aaaf);236;29.32799911499023;61.44384765625;92.76148986816406
(aadc);239;30.88799858093261;61.80242919921875;92.69794464111328
(aaaf);237;29.39039993286132;61.44384765625;92.82502746582031
(aadc);240;30.88799858093261;61.80242919921875;92.76148986816406
(aaaf);238;29.32799911499023;61.5048828125;92.76148986816406
(aadc);241;30.88799858093261;61.80242919921875;92.69794464111328
(aaaf);239;29.39039993286132;61.535400390625;92.76148986816406
(aadc);242;30.88799858093261;61.80242919921875;92.69794464111328
(aaaf);240;29.32799911499023;61.56591796875;92.88856506347656
(aadc);243;30.88799858093261;61.80242919921875;92.69794464111328
(aaaf);241;29.39039993286132;61.61932373046875;92.63440704345703
(aadc);244;30.88799858093261;61.83294677734375;92.69794464111328
(aaaf);242;29.39039993286132;61.61932373046875;92.69794464111328
(aadc);245;30.88799858093261;61.83294677734375;92.69794464111328
(aaaf);243;29.32799911499023;61.68035888671875;92.76148986816406
(aadc);246;30.82559967041015;61.83294677734375;92.69794464111328
(aaaf);244;29.39039993286132;61.71087646484375;92.63440704345703
(aadc);247;30.88799858093261;61.83294677734375;92.69794464111328
(aaaf);245;29.32799911499023;61.71087646484375;92.69794464111328
(aadc);248;30.82559967041015;61.80242919921875;92.69794464111328
(aaaf);246;29.32799911499023;61.71087646484375;92.82502746582031
(aadc);249;30.88799858093261;61.80242919921875;92.69794464111328
(aaaf);247;29.32799911499023;61.74139404296875;92.63440704345703
(aadc);250;30.88799858093261;61.80242919921875;92.69794464111328
(aaaf);248;29.39039993286132;61.74139404296875;92.82502746582031
(aadc);251;30.88799858093261;61.80242919921875;92.76148986816406
(aaaf);249;29.32799911499023;61.74139404296875;92.76148986816406
(aadc);252;30.88799858093261;61.80242919921875;92.69794464111328
(aaaf);250;29.39039993286132;61.77191162109375;92.76148986816406
(aadc);253;30.88799858093261;61.80242919921875;92.69794464111328
(aaaf);251;29.32799911499023;61.77191162109375;92.69794464111328
(aadc);254;30.88799858093261;61.80242919921875;92.76148986816406
(aaaf);252;29.32799911499023;61.77191162109375;92.76148986816406
(aadc);255;30.88799858093261;61.80242919921875;92.69794464111328
(aaaf);253;29.39039993286132;61.77191162109375;92.69794464111328
(aadc);256;30.88799858093261;61.80242919921875;92.76148986816406
(aaaf);254;29.32799911499023;61.77191162109375;92.63440704345703
(aadc);257;30.88799858093261;61.779541015625;92.69794464111328
(aaaf);255;29.32799911499023;61.77191162109375;92.63440704345703
(aadc);258;30.88799858093261;61.718505859375;92.69794464111328
(aaaf);256;29.32799911499023;61.74139404296875;92.76148986816406
(aadc);259;30.88799858093261;61.626953125;92.69794464111328
(aaaf);257;29.32799911499023;61.74139404296875;92.63440704345703
(aadc);260;30.88799858093261;61.56591796875;92.69794464111328
(aaaf);258;29.32799911499023;61.71087646484375;92.82502746582031
(aadc);261;30.88799858093261;61.5048828125;92.69794464111328
(aaaf);259;29.32799911499023;61.68035888671875;92.82502746582031
(aadc);262;30.88799858093261;61.474365234375;92.69794464111328
(aaaf);260;29.32799911499023;61.61932373046875;92.76148986816406
(aadc);263;30.88799858093261;61.474365234375;92.69794464111328
(aaaf);261;29.32799911499023;61.58880615234375;92.63440704345703
(aadc);264;30.88799858093261;61.5048828125;92.76148986816406
(aaaf);262;29.32799911499023;61.535400390625;92.76148986816406
(aadc);265;30.95039939880371;61.5048828125;92.76148986816406
(aaaf);263;29.32799911499023;61.44384765625;92.76148986816406
(aadc);266;30.88799858093261;61.5048828125;92.69794464111328
