(aaaf);1;12:01:30:479;30.0143985748291;64.343017578125;92.82502746582031;[1]
(aaaf);1;12:01:30:479;30.0143985748291;64.343017578125;92.82502746582031;[1]
(aaaf);1;12:01:46:980;30.0143985748291;64.51849365234375;92.82502746582031;[1]
(aaaf);1;12:01:46:980;30.0143985748291;64.51849365234375;92.82502746582031;[1]
(aaaf);1;12:01:47:308;30.0143985748291;64.51849365234375;93.07917785644531;[1]
(aaaf);1;12:01:47:308;30.0143985748291;64.51849365234375;93.07917785644531;[1]
(aaaf);1;12:01:47:636;30.0143985748291;64.51849365234375;92.82502746582031;[1]
(aaaf);1;12:01:47:636;30.0143985748291;64.51849365234375;92.82502746582031;[1]
(aaaf);1;12:01:47:964;30.0143985748291;64.51849365234375;92.95210266113281;[1]
(aaaf);1;12:01:47:964;30.0143985748291;64.51849365234375;92.95210266113281;[1]
(aaaf);1;12:01:48:292;30.0143985748291;64.51849365234375;92.95210266113281;[1]
(aaaf);1;12:01:48:292;30.0143985748291;64.51849365234375;92.95210266113281;[1]
(aaaf);1;12:01:48:620;30.0143985748291;64.51849365234375;92.82502746582031;[1]
(aaaf);1;12:01:48:620;30.0143985748291;64.51849365234375;92.82502746582031;[1]
(aaaf);1;12:01:48:948;30.0143985748291;64.51849365234375;93.07917785644531;[1]
(aaaf);1;12:01:48:948;30.0143985748291;64.51849365234375;93.07917785644531;[1]
(aaaf);1;12:01:49:275;30.0143985748291;64.51849365234375;92.95210266113281;[1]
(aaaf);1;12:01:49:275;30.0143985748291;64.51849365234375;92.95210266113281;[1]
(aaaf);1;12:01:49:603;30.0143985748291;64.51849365234375;92.95210266113281;[1]
(aaaf);1;12:01:49:603;30.0143985748291;64.51849365234375;92.95210266113281;[1]
(aaaf);1;12:01:49:932;30.0143985748291;64.51849365234375;93.01564025878906;[1]
(aaaf);1;12:01:49:932;30.0143985748291;64.51849365234375;93.01564025878906;[1]
(aaaf);1;12:01:50:259;29.95199966430664;64.51849365234375;92.95210266113281;[1]
(aaaf);1;12:01:50:259;29.95199966430664;64.51849365234375;92.95210266113281;[1]
(aaaf);1;12:01:50:587;29.95199966430664;64.51849365234375;92.95210266113281;[1]
(aaaf);1;12:01:50:587;29.95199966430664;64.51849365234375;92.95210266113281;[1]
(aaaf);1;12:01:50:915;30.0143985748291;64.51849365234375;92.95210266113281;[1]
(aaaf);1;12:01:50:915;30.0143985748291;64.51849365234375;92.95210266113281;[1]
(aaaf);1;12:01:51:243;30.0767993927002;64.54901123046875;92.95210266113281;[1]
(aaaf);1;12:01:51:243;30.0767993927002;64.54901123046875;92.95210266113281;[1]
(aaaf);1;12:01:51:571;30.0143985748291;64.54901123046875;92.82502746582031;[1]
(aaaf);1;12:01:51:571;30.0143985748291;64.54901123046875;92.82502746582031;[1]
(aaaf);1;12:01:51:899;30.0143985748291;64.54901123046875;92.88856506347656;[1]
(aaaf);1;12:01:51:899;30.0143985748291;64.54901123046875;92.88856506347656;[1]
(aaaf);1;12:01:52:227;30.0143985748291;64.54901123046875;92.95210266113281;[1]
(aaaf);1;12:01:52:227;30.0143985748291;64.54901123046875;92.95210266113281;[1]
(aaaf);1;12:01:52:555;29.95199966430664;64.57952880859375;92.95210266113281;[1]
(aaaf);1;12:01:52:555;29.95199966430664;64.57952880859375;92.95210266113281;[1]
(aaaf);1;12:01:52:883;30.0143985748291;64.57952880859375;92.95210266113281;[1]
(aaaf);1;12:01:52:883;30.0143985748291;64.57952880859375;92.95210266113281;[1]
(aaaf);1;12:01:53:212;30.0143985748291;64.57952880859375;92.95210266113281;[1]
(aaaf);1;12:01:53:212;30.0143985748291;64.57952880859375;92.95210266113281;[1]
(aaaf);1;12:01:53:540;30.0143985748291;64.57952880859375;93.01564025878906;[1]
(aaaf);1;12:01:53:540;30.0143985748291;64.57952880859375;93.01564025878906;[1]
(aaaf);1;12:01:53:867;30.0143985748291;64.57952880859375;92.82502746582031;[1]
(aaaf);1;12:01:53:867;30.0143985748291;64.57952880859375;92.82502746582031;[1]
(aaaf);1;12:01:54:195;30.0143985748291;64.57952880859375;92.95210266113281;[1]
(aaaf);1;12:01:54:195;30.0143985748291;64.57952880859375;92.95210266113281;[1]
(aaaf);1;12:01:54:523;30.0143985748291;64.57952880859375;92.95210266113281;[1]
(aaaf);1;12:01:54:523;30.0143985748291;64.57952880859375;92.95210266113281;[1]
(aaaf);1;12:01:54:851;29.95199966430664;64.57952880859375;92.95210266113281;[1]
(aaaf);1;12:01:54:851;29.95199966430664;64.57952880859375;92.95210266113281;[1]
(aaaf);1;12:01:55:179;30.0143985748291;64.61004638671875;92.95210266113281;[1]
(aaaf);1;12:01:55:179;30.0143985748291;64.61004638671875;92.95210266113281;[1]
(aaaf);1;12:01:55:507;30.0143985748291;64.61004638671875;93.07917785644531;[1]
(aaaf);1;12:01:55:507;30.0143985748291;64.61004638671875;93.07917785644531;[1]
(aaaf);1;12:01:55:835;30.0143985748291;64.61004638671875;92.95210266113281;[1]
(aaaf);1;12:01:55:835;30.0143985748291;64.61004638671875;92.95210266113281;[1]
(aaaf);1;12:01:56:162;30.0143985748291;64.61004638671875;92.95210266113281;[1]
(aaaf);1;12:01:56:162;30.0143985748291;64.61004638671875;92.95210266113281;[1]
(aaaf);1;12:01:56:490;30.0143985748291;64.61004638671875;92.88856506347656;[1]
(aaaf);1;12:01:56:490;30.0143985748291;64.61004638671875;92.88856506347656;[1]
(aaaf);1;12:01:56:816;30.0143985748291;64.61004638671875;92.95210266113281;[1]
(aaaf);1;12:01:56:816;30.0143985748291;64.61004638671875;92.95210266113281;[1]
(aaaf);1;12:01:57:144;30.0143985748291;64.61004638671875;92.95210266113281;[1]
(aaaf);1;12:01:57:144;30.0143985748291;64.61004638671875;92.95210266113281;[1]
(aaaf);1;12:01:57:472;30.0143985748291;64.61004638671875;92.95210266113281;[1]
(aaaf);1;12:01:57:472;30.0143985748291;64.61004638671875;92.95210266113281;[1]
(aaaf);1;12:01:57:800;30.0143985748291;64.61004638671875;92.88856506347656;[1]
(aaaf);1;12:01:57:800;30.0143985748291;64.61004638671875;92.88856506347656;[1]
(aaaf);1;12:01:58:128;30.0143985748291;64.61004638671875;92.95210266113281;[1]
(aaaf);1;12:01:58:128;30.0143985748291;64.61004638671875;92.95210266113281;[1]
(aaaf);1;12:01:58:457;30.0143985748291;64.61004638671875;92.95210266113281;[1]
(aaaf);1;12:01:58:457;30.0143985748291;64.61004638671875;92.95210266113281;[1]
(aaaf);1;12:01:58:785;29.95199966430664;64.61004638671875;92.82502746582031;[1]
(aaaf);1;12:01:58:785;29.95199966430664;64.61004638671875;92.82502746582031;[1]
(aaaf);1;12:01:59:113;30.0143985748291;64.61004638671875;92.95210266113281;[1]
(aaaf);1;12:01:59:113;30.0143985748291;64.61004638671875;92.95210266113281;[1]
(aaaf);1;12:01:59:441;30.0143985748291;64.64056396484375;92.82502746582031;[1]
(aaaf);1;12:01:59:441;30.0143985748291;64.64056396484375;92.82502746582031;[1]
(aaaf);1;12:01:59:769;30.0143985748291;64.64056396484375;92.95210266113281;[1]
(aaaf);1;12:01:59:769;30.0143985748291;64.64056396484375;92.95210266113281;[1]
(aaaf);1;12:02:00:97;30.0143985748291;64.67108154296875;92.95210266113281;[1]
(aaaf);1;12:02:00:97;30.0143985748291;64.67108154296875;92.95210266113281;[1]
(aaaf);1;12:02:00:425;30.0143985748291;64.70159912109375;92.82502746582031;[1]
(aaaf);1;12:02:00:425;30.0143985748291;64.70159912109375;92.82502746582031;[1]
(aaaf);1;12:02:00:753;30.0143985748291;64.73211669921875;92.95210266113281;[1]
(aaaf);1;12:02:00:753;30.0143985748291;64.73211669921875;92.95210266113281;[1]
(aaaf);1;12:02:01:81;30.0143985748291;64.73211669921875;92.95210266113281;[1]
(aaaf);1;12:02:01:81;30.0143985748291;64.73211669921875;92.95210266113281;[1]
(aaaf);1;12:02:01:409;30.0143985748291;64.7550048828125;92.82502746582031;[1]
(aaaf);1;12:02:01:409;30.0143985748291;64.7550048828125;92.82502746582031;[1]
(aaaf);1;12:02:01:737;29.95199966430664;64.7550048828125;92.95210266113281;[1]
(aaaf);1;12:02:01:737;29.95199966430664;64.7550048828125;92.95210266113281;[1]
(aaaf);1;12:02:02:65;30.0143985748291;64.8160400390625;92.82502746582031;[1]
(aaaf);1;12:02:02:65;30.0143985748291;64.8160400390625;92.82502746582031;[1]
(aaaf);1;12:02:02:393;30.0143985748291;64.8160400390625;92.95210266113281;[1]
(aaaf);1;12:02:02:393;30.0143985748291;64.8160400390625;92.95210266113281;[1]
(aaaf);1;12:02:02:721;30.0143985748291;64.8465576171875;92.95210266113281;[1]
(aaaf);1;12:02:02:721;30.0143985748291;64.8465576171875;92.95210266113281;[1]
(aaaf);1;12:02:03:49;30.0143985748291;64.8465576171875;92.95210266113281;[0]
