(aaaf);1;12:01:18:777;29.82719993591308;65.23565673828125;92.76148986816406;[1]
(aaaf);1;12:01:18:777;29.82719993591308;65.23565673828125;92.76148986816406;[1]
(aaaf);1;12:01:26:103;29.82719993591308;65.23565673828125;92.95210266113281;[1]
(aaaf);1;12:01:26:103;29.82719993591308;65.23565673828125;92.95210266113281;[1]
(aaaf);1;12:01:26:431;29.82719993591308;65.23565673828125;92.82502746582031;[1]
(aaaf);1;12:01:26:431;29.82719993591308;65.23565673828125;92.82502746582031;[1]
(aaaf);1;12:01:26:759;29.82719993591308;65.23565673828125;93.01564025878906;[1]
(aaaf);1;12:01:26:759;29.82719993591308;65.23565673828125;93.01564025878906;[1]
(aaaf);1;12:01:27:86;29.82719993591308;65.23565673828125;92.95210266113281;[1]
(aaaf);1;12:01:27:86;29.82719993591308;65.23565673828125;92.95210266113281;[1]
(aaaf);1;12:01:27:414;29.82719993591308;65.23565673828125;92.95210266113281;[1]
(aaaf);1;12:01:27:414;29.82719993591308;65.23565673828125;92.95210266113281;[1]
(aaaf);1;12:01:27:743;29.82719993591308;65.20513916015625;92.88856506347656;[1]
(aaaf);1;12:01:27:743;29.82719993591308;65.20513916015625;92.88856506347656;[1]
(aaaf);1;12:01:28:71;29.764799118042;65.17462158203125;92.82502746582031;[1]
(aaaf);1;12:01:28:71;29.764799118042;65.17462158203125;92.82502746582031;[1]
(aaaf);1;12:01:28:399;29.82719993591308;65.17462158203125;92.95210266113281;[1]
(aaaf);1;12:01:28:399;29.82719993591308;65.17462158203125;92.95210266113281;[1]
(aaaf);1;12:01:28:727;29.82719993591308;65.14410400390625;92.95210266113281;[1]
(aaaf);1;12:01:28:727;29.82719993591308;65.14410400390625;92.95210266113281;[1]
(aaaf);1;12:01:29:55;29.82719993591308;65.08306884765625;92.82502746582031;[1]
(aaaf);1;12:01:29:55;29.82719993591308;65.08306884765625;92.82502746582031;[1]
(aaaf);1;12:01:29:383;29.82719993591308;65.08306884765625;92.95210266113281;[1]
(aaaf);1;12:01:29:383;29.82719993591308;65.08306884765625;92.95210266113281;[1]
(aaaf);1;12:01:29:711;29.82719993591308;65.05255126953125;92.95210266113281;[1]
(aaaf);1;12:01:29:711;29.82719993591308;65.05255126953125;92.95210266113281;[1]
(aaaf);1;12:01:30:39;29.82719993591308;65.02203369140625;92.88856506347656;[1]
(aaaf);1;12:01:30:39;29.82719993591308;65.02203369140625;92.88856506347656;[1]
(aaaf);1;12:01:30:367;29.82719993591308;65.02203369140625;92.76148986816406;[1]
(aaaf);1;12:01:30:367;29.82719993591308;65.02203369140625;92.76148986816406;[1]
(aaaf);1;12:01:30:695;29.764799118042;64.99151611328125;92.95210266113281;[1]
(aaaf);1;12:01:30:695;29.764799118042;64.99151611328125;92.95210266113281;[1]
(aaaf);1;12:01:31:23;29.82719993591308;64.99151611328125;92.95210266113281;[1]
(aaaf);1;12:01:31:23;29.82719993591308;64.99151611328125;92.95210266113281;[1]
(aaaf);1;12:01:31:351;29.82719993591308;64.96099853515625;93.07917785644531;[1]
(aaaf);1;12:01:31:351;29.82719993591308;64.96099853515625;93.07917785644531;[1]
(aaaf);1;12:01:31:679;29.82719993591308;64.96099853515625;92.95210266113281;[1]
(aaaf);1;12:01:31:679;29.82719993591308;64.96099853515625;92.95210266113281;[1]
(aaaf);1;12:01:32:7;29.82719993591308;64.9381103515625;92.82502746582031;[1]
(aaaf);1;12:01:32:7;29.82719993591308;64.9381103515625;92.82502746582031;[1]
(aaaf);1;12:01:32:335;29.82719993591308;64.9381103515625;92.95210266113281;[1]
(aaaf);1;12:01:32:335;29.82719993591308;64.9381103515625;92.95210266113281;[1]
(aaaf);1;12:01:32:663;29.82719993591308;64.9381103515625;93.07917785644531;[1]
(aaaf);1;12:01:32:663;29.82719993591308;64.9381103515625;93.07917785644531;[1]
(aaaf);1;12:01:32:991;29.82719993591308;64.9075927734375;92.76148986816406;[1]
(aaaf);1;12:01:32:991;29.82719993591308;64.9075927734375;92.76148986816406;[1]
(aaaf);1;12:01:33:319;29.764799118042;64.9075927734375;92.95210266113281;[1]
(aaaf);1;12:01:33:319;29.764799118042;64.9075927734375;92.95210266113281;[1]
(aaaf);1;12:01:33:647;29.88959884643554;64.9075927734375;92.95210266113281;[1]
(aaaf);1;12:01:33:647;29.88959884643554;64.9075927734375;92.95210266113281;[1]
(aaaf);1;12:01:33:975;29.82719993591308;64.8770751953125;92.95210266113281;[1]
(aaaf);1;12:01:33:975;29.82719993591308;64.8770751953125;92.95210266113281;[1]
(aaaf);1;12:01:34:303;29.82719993591308;64.8770751953125;92.95210266113281;[1]
(aaaf);1;12:01:34:303;29.82719993591308;64.8770751953125;92.95210266113281;[1]
(aaaf);1;12:01:34:631;29.764799118042;64.8770751953125;92.95210266113281;[1]
(aaaf);1;12:01:34:631;29.764799118042;64.8770751953125;92.95210266113281;[1]
(aaaf);1;12:01:34:959;29.82719993591308;64.8465576171875;92.88856506347656;[1]
(aaaf);1;12:01:34:959;29.82719993591308;64.8465576171875;92.88856506347656;[1]
(aaaf);1;12:01:35:287;29.82719993591308;64.8465576171875;92.95210266113281;[1]
(aaaf);1;12:01:35:287;29.82719993591308;64.8465576171875;92.95210266113281;[1]
(aaaf);1;12:01:35:615;29.82719993591308;64.8465576171875;92.95210266113281;[1]
(aaaf);1;12:01:35:615;29.82719993591308;64.8465576171875;92.95210266113281;[1]
(aaaf);1;12:01:35:943;29.82719993591308;64.8160400390625;92.95210266113281;[1]
(aaaf);1;12:01:35:943;29.82719993591308;64.8160400390625;92.95210266113281;[1]
(aaaf);1;12:01:36:271;29.82719993591308;64.8160400390625;92.95210266113281;[1]
(aaaf);1;12:01:36:271;29.82719993591308;64.8160400390625;92.95210266113281;[1]
(aaaf);1;12:01:36:599;29.82719993591308;64.8160400390625;92.95210266113281;[1]
(aaaf);1;12:01:36:599;29.82719993591308;64.8160400390625;92.95210266113281;[1]
(aaaf);1;12:01:36:927;29.82719993591308;64.8160400390625;92.95210266113281;[1]
(aaaf);1;12:01:36:927;29.82719993591308;64.8160400390625;92.95210266113281;[1]
(aaaf);1;12:01:37:256;29.82719993591308;64.8160400390625;92.82502746582031;[1]
(aaaf);1;12:01:37:256;29.82719993591308;64.8160400390625;92.82502746582031;[1]
(aaaf);1;12:01:37:582;29.82719993591308;64.8160400390625;92.95210266113281;[1]
(aaaf);1;12:01:37:582;29.82719993591308;64.8160400390625;92.95210266113281;[1]
(aaaf);1;12:01:37:910;29.82719993591308;64.7855224609375;92.88856506347656;[1]
(aaaf);1;12:01:37:910;29.82719993591308;64.7855224609375;92.88856506347656;[1]
(aaaf);1;12:01:38:238;29.82719993591308;64.7855224609375;93.07917785644531;[1]
(aaaf);1;12:01:38:238;29.82719993591308;64.7855224609375;93.07917785644531;[1]
(aaaf);1;12:01:38:565;29.82719993591308;64.7855224609375;92.95210266113281;[1]
(aaaf);1;12:01:38:565;29.82719993591308;64.7855224609375;92.95210266113281;[1]
(aaaf);1;12:01:38:894;29.82719993591308;64.7855224609375;92.95210266113281;[1]
(aaaf);1;12:01:38:894;29.82719993591308;64.7855224609375;92.95210266113281;[1]
(aaaf);1;12:01:39:222;29.82719993591308;64.7855224609375;92.95210266113281;[1]
(aaaf);1;12:01:39:222;29.82719993591308;64.7855224609375;92.95210266113281;[1]
(aaaf);1;12:01:39:550;29.82719993591308;64.7855224609375;92.82502746582031;[1]
(aaaf);1;12:01:39:550;29.82719993591308;64.7855224609375;92.82502746582031;[1]
(aaaf);1;12:01:39:878;29.88959884643554;64.7855224609375;92.95210266113281;[1]
(aaaf);1;12:01:39:878;29.88959884643554;64.7855224609375;92.95210266113281;[1]
(aaaf);1;12:01:40:206;29.82719993591308;64.7855224609375;93.07917785644531;[1]
(aaaf);1;12:01:40:206;29.82719993591308;64.7855224609375;93.07917785644531;[1]
(aaaf);1;12:01:40:533;29.82719993591308;64.7855224609375;92.82502746582031;[1]
(aaaf);1;12:01:40:533;29.82719993591308;64.7855224609375;92.82502746582031;[1]
(aaaf);1;12:01:40:861;29.82719993591308;64.7855224609375;92.95210266113281;[1]
(aaaf);1;12:01:40:861;29.82719993591308;64.7855224609375;92.95210266113281;[1]
(aaaf);1;12:01:41:189;29.82719993591308;64.7244873046875;92.95210266113281;[1]
(aaaf);1;12:01:41:189;29.82719993591308;64.7244873046875;92.95210266113281;[1]
(aaaf);1;12:01:41:518;29.82719993591308;64.7244873046875;93.07917785644531;[1]
(aaaf);1;12:01:41:518;29.82719993591308;64.7244873046875;93.07917785644531;[1]
(aaaf);1;12:01:41:845;29.82719993591308;64.7244873046875;92.95210266113281;[1]
(aaaf);1;12:01:41:845;29.82719993591308;64.7244873046875;92.95210266113281;[1]
(aaaf);1;12:01:42:173;29.82719993591308;64.7244873046875;92.88856506347656;[1]
(aaaf);1;12:01:42:173;29.82719993591308;64.7244873046875;92.88856506347656;[1]
(aaaf);1;12:01:42:501;29.82719993591308;64.6939697265625;92.95210266113281;[1]
(aaaf);1;12:01:42:501;29.82719993591308;64.6939697265625;92.95210266113281;[1]
(aaaf);1;12:01:42:829;29.82719993591308;64.6939697265625;92.82502746582031;[1]
(aaaf);1;12:01:42:829;29.82719993591308;64.6939697265625;92.82502746582031;[1]
(aaaf);1;12:01:43:157;29.82719993591308;64.6939697265625;92.82502746582031;[1]
(aaaf);1;12:01:43:157;29.82719993591308;64.6939697265625;92.82502746582031;[1]
(aaaf);1;12:01:43:485;29.82719993591308;64.6939697265625;92.82502746582031;[1]
(aaaf);1;12:01:43:485;29.82719993591308;64.6939697265625;92.82502746582031;[1]
(aaaf);1;12:01:43:813;29.82719993591308;64.6939697265625;92.95210266113281;[1]
(aaaf);1;12:01:43:813;29.82719993591308;64.6939697265625;92.95210266113281;[1]
(aaaf);1;12:01:44:141;29.82719993591308;64.6634521484375;92.95210266113281;[1]
(aaaf);1;12:01:44:141;29.82719993591308;64.6634521484375;92.95210266113281;[1]
(aaaf);1;12:01:44:469;29.88959884643554;64.6634521484375;92.95210266113281;[1]
(aaaf);1;12:01:44:469;29.88959884643554;64.6634521484375;92.95210266113281;[1]
(aaaf);1;12:01:44:798;29.82719993591308;64.6634521484375;92.82502746582031;[1]
(aaaf);1;12:01:44:798;29.82719993591308;64.6634521484375;92.82502746582031;[1]
(aaaf);1;12:01:45:125;29.82719993591308;64.6634521484375;92.95210266113281;[1]
(aaaf);1;12:01:45:125;29.82719993591308;64.6634521484375;92.95210266113281;[1]
(aaaf);1;12:01:45:454;29.82719993591308;64.6634521484375;92.95210266113281;[1]
(aaaf);1;12:01:45:454;29.82719993591308;64.6634521484375;92.95210266113281;[1]
(aaaf);1;12:01:45:782;29.82719993591308;64.6634521484375;92.82502746582031;[1]
(aaaf);1;12:01:45:782;29.82719993591308;64.6634521484375;92.82502746582031;[1]
(aaaf);1;12:01:46:109;29.82719993591308;64.6634521484375;92.95210266113281;[1]
(aaaf);1;12:01:46:109;29.82719993591308;64.6634521484375;92.95210266113281;[1]
(aaaf);1;12:01:46:438;29.82719993591308;64.6329345703125;92.95210266113281;[1]
(aaaf);1;12:01:46:438;29.82719993591308;64.6329345703125;92.95210266113281;[1]
(aaaf);1;12:01:46:766;29.82719993591308;64.6329345703125;92.95210266113281;[1]
(aaaf);1;12:01:46:766;29.82719993591308;64.6329345703125;92.95210266113281;[1]
(aaaf);1;12:01:47:94;29.88959884643554;64.6329345703125;92.82502746582031;[1]
(aaaf);1;12:01:47:94;29.88959884643554;64.6329345703125;92.82502746582031;[1]
(aaaf);1;12:01:47:422;29.82719993591308;64.6329345703125;93.07917785644531;[1]
(aaaf);1;12:01:47:422;29.82719993591308;64.6329345703125;93.07917785644531;[1]
(aaaf);1;12:01:47:749;29.82719993591308;64.6329345703125;92.95210266113281;[1]
(aaaf);1;12:01:47:749;29.82719993591308;64.6329345703125;92.95210266113281;[1]
(aaaf);1;12:01:48:77;29.82719993591308;64.64056396484375;92.95210266113281;[1]
(aaaf);1;12:01:48:77;29.82719993591308;64.64056396484375;92.95210266113281;[1]
(aaaf);1;12:01:48:405;29.88959884643554;64.6024169921875;92.95210266113281;[1]
(aaaf);1;12:01:48:405;29.88959884643554;64.6024169921875;92.95210266113281;[1]
(aaaf);1;12:01:48:734;29.82719993591308;64.64056396484375;93.07917785644531;[1]
(aaaf);1;12:01:48:734;29.82719993591308;64.64056396484375;93.07917785644531;[1]
(aaaf);1;12:01:49:61;29.82719993591308;64.6024169921875;92.95210266113281;[1]
(aaaf);1;12:01:49:61;29.82719993591308;64.6024169921875;92.95210266113281;[1]
(aaaf);1;12:01:49:389;29.82719993591308;64.57952880859375;92.95210266113281;[1]
(aaaf);1;12:01:49:389;29.82719993591308;64.57952880859375;92.95210266113281;[1]
(aaaf);1;12:01:49:718;29.88959884643554;64.61004638671875;92.95210266113281;[1]
(aaaf);1;12:01:49:718;29.88959884643554;64.61004638671875;92.95210266113281;[1]
(aaaf);1;12:01:50:46;29.82719993591308;64.61004638671875;92.95210266113281;[1]
(aaaf);1;12:01:50:46;29.82719993591308;64.61004638671875;92.95210266113281;[1]
(aaaf);1;12:01:50:374;29.88959884643554;64.57952880859375;92.95210266113281;[1]
(aaaf);1;12:01:50:374;29.88959884643554;64.57952880859375;92.95210266113281;[1]
(aaaf);1;12:01:50:702;29.88959884643554;64.57952880859375;92.95210266113281;[1]
(aaaf);1;12:01:50:702;29.88959884643554;64.57952880859375;92.95210266113281;[1]
(aaaf);1;12:01:51:30;29.88959884643554;64.57952880859375;92.95210266113281;[1]
(aaaf);1;12:01:51:30;29.88959884643554;64.57952880859375;92.95210266113281;[1]
(aaaf);1;12:01:51:358;29.82719993591308;64.57952880859375;92.82502746582031;[1]
(aaaf);1;12:01:51:358;29.82719993591308;64.57952880859375;92.82502746582031;[1]
(aaaf);1;12:01:51:686;29.82719993591308;64.54901123046875;92.95210266113281;[1]
(aaaf);1;12:01:51:686;29.82719993591308;64.54901123046875;92.95210266113281;[1]
(aaaf);1;12:01:52:14;29.82719993591308;64.57952880859375;92.95210266113281;[1]
(aaaf);1;12:01:52:14;29.82719993591308;64.57952880859375;92.95210266113281;[1]
(aaaf);1;12:01:52:342;29.82719993591308;64.57952880859375;92.95210266113281;[1]
(aaaf);1;12:01:52:342;29.82719993591308;64.57952880859375;92.95210266113281;[1]
(aaaf);1;12:01:52:670;29.82719993591308;64.57952880859375;92.95210266113281;[1]
(aaaf);1;12:01:52:670;29.82719993591308;64.57952880859375;92.95210266113281;[1]
(aaaf);1;12:01:52:999;29.88959884643554;64.57952880859375;92.95210266113281;[1]
(aaaf);1;12:01:52:999;29.88959884643554;64.57952880859375;92.95210266113281;[1]
(aaaf);1;12:01:53:327;29.88959884643554;64.57952880859375;92.82502746582031;[1]
(aaaf);1;12:01:53:327;29.88959884643554;64.57952880859375;92.82502746582031;[1]
(aaaf);1;12:01:53:655;29.88959884643554;64.54901123046875;92.82502746582031;[1]
(aaaf);1;12:01:53:655;29.88959884643554;64.54901123046875;92.82502746582031;[1]
(aaaf);1;12:01:53:983;29.82719993591308;64.54901123046875;92.95210266113281;[1]
(aaaf);1;12:01:53:983;29.82719993591308;64.54901123046875;92.95210266113281;[1]
(aaaf);1;12:01:54:311;29.88959884643554;64.54901123046875;92.95210266113281;[1]
(aaaf);1;12:01:54:311;29.88959884643554;64.54901123046875;92.95210266113281;[1]
(aaaf);1;12:01:54:639;29.88959884643554;64.54901123046875;92.95210266113281;[1]
(aaaf);1;12:01:54:639;29.88959884643554;64.54901123046875;92.95210266113281;[1]
(aaaf);1;12:01:54:967;29.82719993591308;64.54901123046875;92.95210266113281;[1]
(aaaf);1;12:01:54:967;29.82719993591308;64.54901123046875;92.95210266113281;[1]
(aaaf);1;12:01:55:296;29.88959884643554;64.54901123046875;92.95210266113281;[1]
(aaaf);1;12:01:55:296;29.88959884643554;64.54901123046875;92.95210266113281;[1]
(aaaf);1;12:01:55:624;29.88959884643554;64.54901123046875;92.95210266113281;[1]
(aaaf);1;12:01:55:624;29.88959884643554;64.54901123046875;92.95210266113281;[1]
(aaaf);1;12:01:55:952;29.88959884643554;64.54901123046875;92.95210266113281;[1]
(aaaf);1;12:01:55:952;29.88959884643554;64.54901123046875;92.95210266113281;[1]
(aaaf);1;12:01:56:280;29.88959884643554;64.54901123046875;92.95210266113281;[1]
(aaaf);1;12:01:56:280;29.88959884643554;64.54901123046875;92.95210266113281;[1]
(aaaf);1;12:01:56:608;29.82719993591308;64.54901123046875;92.95210266113281;[1]
(aaaf);1;12:01:56:608;29.82719993591308;64.54901123046875;92.95210266113281;[1]
(aaaf);1;12:01:56:936;29.82719993591308;64.54901123046875;92.95210266113281;[1]
(aaaf);1;12:01:56:936;29.82719993591308;64.54901123046875;92.95210266113281;[1]
(aaaf);1;12:01:57:265;29.88959884643554;64.54901123046875;92.82502746582031;[1]
(aaaf);1;12:01:57:265;29.88959884643554;64.54901123046875;92.82502746582031;[1]
(aaaf);1;12:01:57:593;29.88959884643554;64.54901123046875;92.95210266113281;[1]
(aaaf);1;12:01:57:593;29.88959884643554;64.54901123046875;92.95210266113281;[1]
(aaaf);1;12:01:57:921;29.88959884643554;64.54901123046875;92.95210266113281;[1]
(aaaf);1;12:01:57:921;29.88959884643554;64.54901123046875;92.95210266113281;[1]
(aaaf);1;12:01:58:249;29.82719993591308;64.54901123046875;92.95210266113281;[1]
(aaaf);1;12:01:58:249;29.82719993591308;64.54901123046875;92.95210266113281;[1]
(aaaf);1;12:01:58:577;29.88959884643554;64.54901123046875;92.95210266113281;[1]
(aaaf);1;12:01:58:577;29.88959884643554;64.54901123046875;92.95210266113281;[1]
(aaaf);1;12:01:58:905;29.88959884643554;64.54901123046875;92.95210266113281;[1]
(aaaf);1;12:01:58:905;29.88959884643554;64.54901123046875;92.95210266113281;[1]
(aaaf);1;12:01:59:234;29.88959884643554;64.54901123046875;92.95210266113281;[1]
(aaaf);1;12:01:59:234;29.88959884643554;64.54901123046875;92.95210266113281;[1]
(aaaf);1;12:01:59:562;29.88959884643554;64.54901123046875;92.82502746582031;[1]
(aaaf);1;12:01:59:562;29.88959884643554;64.54901123046875;92.82502746582031;[1]
(aaaf);1;12:01:59:890;29.88959884643554;64.54901123046875;92.82502746582031;[1]
(aaaf);1;12:01:59:890;29.88959884643554;64.54901123046875;92.82502746582031;[1]
(aaaf);1;12:02:00:218;29.88959884643554;64.54901123046875;92.88856506347656;[1]
(aaaf);1;12:02:00:218;29.88959884643554;64.54901123046875;92.88856506347656;[1]
(aaaf);1;12:02:00:546;29.82719993591308;64.54901123046875;92.95210266113281;[1]
(aaaf);1;12:02:00:546;29.82719993591308;64.54901123046875;92.95210266113281;[1]
(aaaf);1;12:02:00:874;29.82719993591308;64.51849365234375;92.95210266113281;[1]
(aaaf);1;12:02:00:874;29.82719993591308;64.51849365234375;92.95210266113281;[1]
(aaaf);1;12:02:01:202;29.88959884643554;64.51849365234375;92.95210266113281;[1]
(aaaf);1;12:02:01:202;29.88959884643554;64.51849365234375;92.95210266113281;[1]
(aaaf);1;12:02:01:531;29.88959884643554;64.51849365234375;92.95210266113281;[1]
(aaaf);1;12:02:01:531;29.88959884643554;64.51849365234375;92.95210266113281;[1]
(aaaf);1;12:02:01:859;29.88959884643554;64.57952880859375;93.07917785644531;[1]
(aaaf);1;12:02:01:859;29.88959884643554;64.57952880859375;93.07917785644531;[1]
(aaaf);1;12:02:02:186;29.82719993591308;64.64056396484375;92.95210266113281;[1]
(aaaf);1;12:02:02:186;29.82719993591308;64.64056396484375;92.95210266113281;[1]
(aaaf);1;12:02:02:515;29.88959884643554;64.73211669921875;92.82502746582031;[1]
(aaaf);1;12:02:02:515;29.88959884643554;64.73211669921875;92.82502746582031;[1]
(aaaf);1;12:02:02:843;29.88959884643554;64.8160400390625;92.95210266113281;[1]
(aaaf);1;12:02:02:843;29.88959884643554;64.8160400390625;92.95210266113281;[1]
(aaaf);1;12:02:03:171;29.88959884643554;64.9075927734375;92.95210266113281;[1]
(aaaf);1;12:02:03:171;29.88959884643554;64.9075927734375;92.95210266113281;[1]
(aaaf);1;12:02:03:499;29.88959884643554;64.9991455078125;92.95210266113281;[1]
(aaaf);1;12:02:03:499;29.88959884643554;64.9991455078125;92.95210266113281;[1]
(aaaf);1;12:02:03:827;29.88959884643554;65.05255126953125;92.95210266113281;[1]
(aaaf);1;12:02:03:827;29.88959884643554;65.05255126953125;92.95210266113281;[1]
(aaaf);1;12:02:04:155;29.88959884643554;65.11358642578125;92.95210266113281;[1]
(aaaf);1;12:02:04:155;29.88959884643554;65.11358642578125;92.95210266113281;[1]
(aaaf);1;12:02:04:483;29.88959884643554;65.17462158203125;92.82502746582031;[1]
(aaaf);1;12:02:04:483;29.88959884643554;65.17462158203125;92.82502746582031;[1]
(aaaf);1;12:02:04:809;29.88959884643554;65.23565673828125;92.95210266113281;[1]
(aaaf);1;12:02:04:809;29.88959884643554;65.23565673828125;92.95210266113281;[1]
(aaaf);1;12:02:05:138;29.88959884643554;65.26617431640625;92.95210266113281;[1]
(aaaf);1;12:02:05:138;29.88959884643554;65.26617431640625;92.95210266113281;[1]
(aaaf);1;12:02:05:466;29.82719993591308;65.26617431640625;92.95210266113281;[1]
(aaaf);1;12:02:05:466;29.82719993591308;65.26617431640625;92.95210266113281;[1]
(aaaf);1;12:02:05:794;29.82719993591308;65.26617431640625;92.82502746582031;[1]
(aaaf);1;12:02:05:794;29.82719993591308;65.26617431640625;92.82502746582031;[1]
(aaaf);1;12:02:06:122;29.82719993591308;65.26617431640625;92.95210266113281;[1]
(aaaf);1;12:02:06:122;29.82719993591308;65.26617431640625;92.95210266113281;[1]
(aaaf);1;12:02:06:450;29.88959884643554;65.26617431640625;92.82502746582031;[1]
(aaaf);1;12:02:06:450;29.88959884643554;65.26617431640625;92.82502746582031;[1]
(aaaf);1;12:02:06:778;29.88959884643554;65.26617431640625;92.95210266113281;[1]
(aaaf);1;12:02:06:778;29.88959884643554;65.26617431640625;92.95210266113281;[1]
(aaaf);1;12:02:07:106;29.82719993591308;65.26617431640625;92.95210266113281;[1]
(aaaf);1;12:02:07:106;29.82719993591308;65.26617431640625;92.95210266113281;[1]
(aaaf);1;12:02:07:435;29.88959884643554;65.26617431640625;92.95210266113281;[1]
(aaaf);1;12:02:07:435;29.88959884643554;65.26617431640625;92.95210266113281;[1]
(aaaf);1;12:02:07:763;29.88959884643554;65.29669189453125;92.95210266113281;[1]
(aaaf);1;12:02:07:763;29.88959884643554;65.29669189453125;92.95210266113281;[1]
(aaaf);1;12:02:08:91;29.88959884643554;65.29669189453125;92.95210266113281;[1]
(aaaf);1;12:02:08:91;29.88959884643554;65.29669189453125;92.95210266113281;[1]
(aaaf);1;12:02:08:419;29.88959884643554;65.29669189453125;92.95210266113281;[1]
(aaaf);1;12:02:08:419;29.88959884643554;65.29669189453125;92.95210266113281;[1]
(aaaf);1;12:02:08:747;29.88959884643554;65.29669189453125;92.95210266113281;[1]
(aaaf);1;12:02:08:747;29.88959884643554;65.29669189453125;92.95210266113281;[1]
(aaaf);1;12:02:09:75;29.88959884643554;65.29669189453125;92.95210266113281;[1]
(aaaf);1;12:02:09:75;29.88959884643554;65.29669189453125;92.95210266113281;[1]
(aaaf);1;12:02:09:403;29.88959884643554;65.29669189453125;92.76148986816406;[1]
(aaaf);1;12:02:09:403;29.88959884643554;65.29669189453125;92.76148986816406;[1]
(aaaf);1;12:02:09:731;29.88959884643554;65.29669189453125;92.95210266113281;[1]
(aaaf);1;12:02:09:731;29.88959884643554;65.29669189453125;92.95210266113281;[1]
(aaaf);1;12:02:10:59;29.88959884643554;65.29669189453125;92.95210266113281;[1]
(aaaf);1;12:02:10:59;29.88959884643554;65.29669189453125;92.95210266113281;[1]
(aaaf);1;12:02:10:388;29.88959884643554;65.29669189453125;92.95210266113281;[1]
(aaaf);1;12:02:10:388;29.88959884643554;65.29669189453125;92.95210266113281;[1]
(aaaf);1;12:02:10:716;29.88959884643554;65.29669189453125;92.95210266113281;[1]
(aaaf);1;12:02:10:716;29.88959884643554;65.29669189453125;92.95210266113281;[1]
(aaaf);1;12:02:11:44;29.88959884643554;65.29669189453125;92.95210266113281;[1]
(aaaf);1;12:02:11:44;29.88959884643554;65.29669189453125;92.95210266113281;[1]
(aaaf);1;12:02:11:372;29.88959884643554;65.29669189453125;92.95210266113281;[1]
(aaaf);1;12:02:11:372;29.88959884643554;65.29669189453125;92.95210266113281;[1]
(aaaf);1;12:02:11:700;29.88959884643554;65.29669189453125;93.07917785644531;[1]
(aaaf);1;12:02:11:700;29.88959884643554;65.29669189453125;93.07917785644531;[1]
(aaaf);1;12:02:12:28;29.88959884643554;65.29669189453125;93.07917785644531;[1]
(aaaf);1;12:02:12:28;29.88959884643554;65.29669189453125;93.07917785644531;[1]
(aaaf);1;12:02:12:356;29.88959884643554;65.29669189453125;92.95210266113281;[1]
(aaaf);1;12:02:12:356;29.88959884643554;65.29669189453125;92.95210266113281;[1]
(aaaf);1;12:02:12:684;29.88959884643554;65.29669189453125;92.82502746582031;[1]
(aaaf);1;12:02:12:684;29.88959884643554;65.29669189453125;92.82502746582031;[1]
(aaaf);1;12:02:13:12;29.82719993591308;65.29669189453125;92.95210266113281;[1]
(aaaf);1;12:02:13:12;29.82719993591308;65.29669189453125;92.95210266113281;[1]
(aaaf);1;12:02:13:340;29.88959884643554;65.29669189453125;92.95210266113281;[1]
(aaaf);1;12:02:13:340;29.88959884643554;65.29669189453125;92.95210266113281;[1]
(aaaf);1;12:02:13:668;29.88959884643554;65.29669189453125;92.82502746582031;[1]
(aaaf);1;12:02:13:668;29.88959884643554;65.29669189453125;92.82502746582031;[1]
(aaaf);1;12:02:13:996;29.88959884643554;65.29669189453125;92.95210266113281;[1]
(aaaf);1;12:02:13:996;29.88959884643554;65.29669189453125;92.95210266113281;[1]
(aaaf);1;12:02:14:325;29.88959884643554;65.29669189453125;92.95210266113281;[1]
(aaaf);1;12:02:14:325;29.88959884643554;65.29669189453125;92.95210266113281;[1]
(aaaf);1;12:02:14:653;29.88959884643554;65.29669189453125;92.95210266113281;[1]
(aaaf);1;12:02:14:653;29.88959884643554;65.29669189453125;92.95210266113281;[1]
(aaaf);1;12:02:14:981;29.88959884643554;65.32720947265625;93.07917785644531;[1]
(aaaf);1;12:02:14:981;29.88959884643554;65.32720947265625;93.07917785644531;[1]
(aaaf);1;12:02:15:309;29.88959884643554;65.35009765625;92.82502746582031;[1]
(aaaf);1;12:02:15:309;29.88959884643554;65.35009765625;92.82502746582031;[1]
(aaaf);1;12:02:15:637;29.88959884643554;65.35009765625;92.95210266113281;[1]
(aaaf);1;12:02:15:637;29.88959884643554;65.35009765625;92.95210266113281;[1]
(aaaf);1;12:02:15:965;29.88959884643554;65.35009765625;92.95210266113281;[1]
(aaaf);1;12:02:15:965;29.88959884643554;65.35009765625;92.95210266113281;[1]
(aaaf);1;12:02:16:293;29.88959884643554;65.35009765625;92.95210266113281;[1]
(aaaf);1;12:02:16:293;29.88959884643554;65.35009765625;92.95210266113281;[1]
(aaaf);1;12:02:16:621;29.88959884643554;65.29669189453125;92.95210266113281;[1]
(aaaf);1;12:02:16:621;29.88959884643554;65.29669189453125;92.95210266113281;[1]
(aaaf);1;12:02:16:949;29.88959884643554;65.29669189453125;92.95210266113281;[1]
(aaaf);1;12:02:16:949;29.88959884643554;65.29669189453125;92.95210266113281;[1]
(aaaf);1;12:02:17:277;29.88959884643554;65.29669189453125;92.95210266113281;[1]
(aaaf);1;12:02:17:277;29.88959884643554;65.29669189453125;92.95210266113281;[1]
(aaaf);1;12:02:17:605;29.88959884643554;65.29669189453125;92.95210266113281;[1]
(aaaf);1;12:02:17:605;29.88959884643554;65.29669189453125;92.95210266113281;[1]
(aaaf);1;12:02:17:933;29.88959884643554;65.26617431640625;92.82502746582031;[1]
(aaaf);1;12:02:17:933;29.88959884643554;65.26617431640625;92.82502746582031;[1]
(aaaf);1;12:02:18:261;29.88959884643554;65.26617431640625;92.95210266113281;[1]
(aaaf);1;12:02:18:261;29.88959884643554;65.26617431640625;92.95210266113281;[1]
(aaaf);1;12:02:18:590;29.88959884643554;65.20513916015625;92.95210266113281;[1]
(aaaf);1;12:02:18:590;29.88959884643554;65.20513916015625;92.95210266113281;[1]
(aaaf);1;12:02:18:918;29.88959884643554;65.20513916015625;93.01564025878906;[1]
(aaaf);1;12:02:18:918;29.88959884643554;65.20513916015625;93.01564025878906;[1]
(aaaf);1;12:02:19:245;29.88959884643554;65.11358642578125;92.95210266113281;[1]
(aaaf);1;12:02:19:245;29.88959884643554;65.11358642578125;92.95210266113281;[1]
(aaaf);1;12:02:19:573;29.88959884643554;65.11358642578125;92.95210266113281;[1]
(aaaf);1;12:02:19:573;29.88959884643554;65.11358642578125;92.95210266113281;[1]
(aaaf);1;12:02:19:901;29.88959884643554;65.08306884765625;92.82502746582031;[1]
(aaaf);1;12:02:19:901;29.88959884643554;65.08306884765625;92.82502746582031;[1]
(aaaf);1;12:02:20:229;29.88959884643554;65.05255126953125;92.95210266113281;[1]
(aaaf);1;12:02:20:229;29.88959884643554;65.05255126953125;92.95210266113281;[1]
(aaaf);1;12:02:20:557;29.88959884643554;65.05255126953125;92.82502746582031;[1]
(aaaf);1;12:02:20:557;29.88959884643554;65.05255126953125;92.82502746582031;[1]
(aaaf);1;12:02:20:885;29.95199966430664;65.0296630859375;92.82502746582031;[1]
(aaaf);1;12:02:20:885;29.95199966430664;65.0296630859375;92.82502746582031;[1]
(aaaf);1;12:02:21:213;29.95199966430664;65.0296630859375;92.82502746582031;[1]
(aaaf);1;12:02:21:213;29.95199966430664;65.0296630859375;92.82502746582031;[1]
(aaaf);1;12:02:21:541;29.95199966430664;65.0296630859375;92.95210266113281;[1]
(aaaf);1;12:02:21:541;29.95199966430664;65.0296630859375;92.95210266113281;[1]
(aaaf);1;12:02:21:869;29.95199966430664;65.0296630859375;92.95210266113281;[1]
(aaaf);1;12:02:21:869;29.95199966430664;65.0296630859375;92.95210266113281;[1]
(aaaf);1;12:02:22:197;29.88959884643554;65.0296630859375;92.82502746582031;[1]
(aaaf);1;12:02:22:197;29.88959884643554;65.0296630859375;92.82502746582031;[1]
(aaaf);1;12:02:22:525;29.88959884643554;65.05255126953125;92.95210266113281;[1]
(aaaf);1;12:02:22:525;29.88959884643554;65.05255126953125;92.95210266113281;[1]
(aaaf);1;12:02:22:853;29.88959884643554;65.05255126953125;92.95210266113281;[1]
(aaaf);1;12:02:22:853;29.88959884643554;65.05255126953125;92.95210266113281;[1]
(aaaf);1;12:02:23:181;29.88959884643554;65.08306884765625;92.95210266113281;[1]
(aaaf);1;12:02:23:181;29.88959884643554;65.08306884765625;92.95210266113281;[1]
(aaaf);1;12:02:23:510;29.88959884643554;65.11358642578125;92.95210266113281;[1]
(aaaf);1;12:02:23:510;29.88959884643554;65.11358642578125;92.95210266113281;[1]
(aaaf);1;12:02:23:838;29.88959884643554;65.11358642578125;92.95210266113281;[1]
(aaaf);1;12:02:23:838;29.88959884643554;65.11358642578125;92.95210266113281;[1]
(aaaf);1;12:02:24:166;29.88959884643554;65.17462158203125;93.07917785644531;[1]
(aaaf);1;12:02:24:166;29.88959884643554;65.17462158203125;93.07917785644531;[1]
(aaaf);1;12:02:24:494;29.88959884643554;65.20513916015625;92.95210266113281;[1]
(aaaf);1;12:02:24:494;29.88959884643554;65.20513916015625;92.95210266113281;[1]
(aaaf);1;12:02:24:822;29.88959884643554;65.20513916015625;92.82502746582031;[1]
(aaaf);1;12:02:24:822;29.88959884643554;65.20513916015625;92.82502746582031;[1]
(aaaf);1;12:02:25:150;29.95199966430664;65.23565673828125;92.95210266113281;[1]
(aaaf);1;12:02:25:150;29.95199966430664;65.23565673828125;92.95210266113281;[1]
(aaaf);1;12:02:25:478;29.88959884643554;65.23565673828125;92.82502746582031;[1]
(aaaf);1;12:02:25:478;29.88959884643554;65.23565673828125;92.82502746582031;[1]
(aaaf);1;12:02:25:806;29.88959884643554;65.26617431640625;92.95210266113281;[1]
(aaaf);1;12:02:25:806;29.88959884643554;65.26617431640625;92.95210266113281;[1]
(aaaf);1;12:02:26:134;29.88959884643554;65.26617431640625;92.95210266113281;[1]
(aaaf);1;12:02:26:134;29.88959884643554;65.26617431640625;92.95210266113281;[1]
(aaaf);1;12:02:26:462;29.88959884643554;65.26617431640625;92.76148986816406;[1]
(aaaf);1;12:02:26:462;29.88959884643554;65.26617431640625;92.76148986816406;[1]
(aaaf);1;12:02:26:790;29.95199966430664;65.26617431640625;92.82502746582031;[1]
(aaaf);1;12:02:26:790;29.95199966430664;65.26617431640625;92.82502746582031;[1]
(aaaf);1;12:02:27:118;29.88959884643554;65.26617431640625;92.95210266113281;[1]
(aaaf);1;12:02:27:118;29.88959884643554;65.26617431640625;92.95210266113281;[1]
(aaaf);1;12:02:27:446;29.95199966430664;65.26617431640625;92.95210266113281;[1]
(aaaf);1;12:02:27:446;29.95199966430664;65.26617431640625;92.95210266113281;[1]
(aaaf);1;12:02:27:775;29.88959884643554;65.26617431640625;92.95210266113281;[1]
(aaaf);1;12:02:27:775;29.88959884643554;65.26617431640625;92.95210266113281;[1]
(aaaf);1;12:02:28:103;29.88959884643554;65.29669189453125;92.82502746582031;[1]
(aaaf);1;12:02:28:103;29.88959884643554;65.29669189453125;92.82502746582031;[1]
(aaaf);1;12:02:28:431;29.88959884643554;65.29669189453125;92.95210266113281;[1]
(aaaf);1;12:02:28:431;29.88959884643554;65.29669189453125;92.95210266113281;[1]
(aaaf);1;12:02:28:759;29.88959884643554;65.29669189453125;92.82502746582031;[1]
(aaaf);1;12:02:28:759;29.88959884643554;65.29669189453125;92.82502746582031;[1]
(aaaf);1;12:02:29:87;29.88959884643554;65.29669189453125;92.82502746582031;[1]
(aaaf);1;12:02:29:87;29.88959884643554;65.29669189453125;92.82502746582031;[1]
(aaaf);1;12:02:29:415;29.88959884643554;65.29669189453125;92.95210266113281;[1]
(aaaf);1;12:02:29:415;29.88959884643554;65.29669189453125;92.95210266113281;[1]
(aaaf);1;12:02:29:743;29.88959884643554;65.29669189453125;92.82502746582031;[1]
(aaaf);1;12:02:29:743;29.88959884643554;65.29669189453125;92.82502746582031;[1]
(aaaf);1;12:02:30:71;29.88959884643554;65.26617431640625;92.95210266113281;[1]
(aaaf);1;12:02:30:71;29.88959884643554;65.26617431640625;92.95210266113281;[1]
(aaaf);1;12:02:30:399;29.88959884643554;65.26617431640625;92.95210266113281;[1]
(aaaf);1;12:02:30:399;29.88959884643554;65.26617431640625;92.95210266113281;[1]
(aaaf);1;12:02:30:727;29.88959884643554;65.26617431640625;92.95210266113281;[1]
(aaaf);1;12:02:30:727;29.88959884643554;65.26617431640625;92.95210266113281;[1]
(aaaf);1;12:02:31:55;29.88959884643554;65.26617431640625;92.82502746582031;[1]
(aaaf);1;12:02:31:55;29.88959884643554;65.26617431640625;92.82502746582031;[1]
(aaaf);1;12:02:31:383;29.88959884643554;65.23565673828125;92.95210266113281;[1]
(aaaf);1;12:02:31:383;29.88959884643554;65.23565673828125;92.95210266113281;[1]
(aaaf);1;12:02:31:711;29.95199966430664;65.20513916015625;92.95210266113281;[1]
(aaaf);1;12:02:31:711;29.95199966430664;65.20513916015625;92.95210266113281;[1]
(aaaf);1;12:02:32:40;29.88959884643554;65.17462158203125;92.82502746582031;[1]
(aaaf);1;12:02:32:40;29.88959884643554;65.17462158203125;92.82502746582031;[1]
(aaaf);1;12:02:32:367;29.88959884643554;65.17462158203125;92.95210266113281;[1]
(aaaf);1;12:02:32:367;29.88959884643554;65.17462158203125;92.95210266113281;[1]
(aaaf);1;12:02:32:696;29.88959884643554;65.11358642578125;92.88856506347656;[1]
(aaaf);1;12:02:32:696;29.88959884643554;65.11358642578125;92.88856506347656;[1]
(aaaf);1;12:02:33:24;29.88959884643554;65.08306884765625;92.82502746582031;[1]
(aaaf);1;12:02:33:24;29.88959884643554;65.08306884765625;92.82502746582031;[1]
(aaaf);1;12:02:33:351;29.88959884643554;65.08306884765625;92.82502746582031;[1]
(aaaf);1;12:02:33:351;29.88959884643554;65.08306884765625;92.82502746582031;[1]
(aaaf);1;12:02:33:679;29.88959884643554;65.05255126953125;92.95210266113281;[1]
(aaaf);1;12:02:33:679;29.88959884643554;65.05255126953125;92.95210266113281;[1]
(aaaf);1;12:02:34:8;29.88959884643554;65.05255126953125;92.95210266113281;[1]
(aaaf);1;12:02:34:8;29.88959884643554;65.05255126953125;92.95210266113281;[1]
(aaaf);1;12:02:34:336;29.95199966430664;65.05255126953125;92.82502746582031;[1]
(aaaf);1;12:02:34:336;29.95199966430664;65.05255126953125;92.82502746582031;[1]
(aaaf);1;12:02:34:664;29.88959884643554;65.0296630859375;92.82502746582031;[1]
(aaaf);1;12:02:34:664;29.88959884643554;65.0296630859375;92.82502746582031;[1]
(aaaf);1;12:02:34:987;29.95199966430664;65.0296630859375;92.95210266113281;[1]
(aaaf);1;12:02:34:987;29.95199966430664;65.0296630859375;92.95210266113281;[1]
(aaaf);1;12:02:35:310;29.88959884643554;65.05255126953125;92.95210266113281;[1]
(aaaf);1;12:02:35:310;29.88959884643554;65.05255126953125;92.95210266113281;[1]
(aaaf);1;12:02:35:636;29.88959884643554;65.05255126953125;92.95210266113281;[1]
(aaaf);1;12:02:35:636;29.88959884643554;65.05255126953125;92.95210266113281;[1]
(aaaf);1;12:02:35:963;29.95199966430664;65.05255126953125;92.82502746582031;[1]
(aaaf);1;12:02:35:963;29.95199966430664;65.05255126953125;92.82502746582031;[1]
(aaaf);1;12:02:36:291;29.88959884643554;65.08306884765625;92.95210266113281;[1]
(aaaf);1;12:02:36:291;29.88959884643554;65.08306884765625;92.95210266113281;[1]
(aaaf);1;12:02:36:619;29.88959884643554;65.08306884765625;92.95210266113281;[1]
(aaaf);1;12:02:36:619;29.88959884643554;65.08306884765625;92.95210266113281;[1]
(aaaf);1;12:02:36:947;29.95199966430664;65.08306884765625;92.95210266113281;[1]
(aaaf);1;12:02:36:947;29.95199966430664;65.08306884765625;92.95210266113281;[1]
(aaaf);1;12:02:37:274;29.95199966430664;65.11358642578125;92.95210266113281;[1]
(aaaf);1;12:02:37:274;29.95199966430664;65.11358642578125;92.95210266113281;[1]
(aaaf);1;12:02:37:603;29.95199966430664;65.11358642578125;93.07917785644531;[1]
(aaaf);1;12:02:37:603;29.95199966430664;65.11358642578125;93.07917785644531;[1]
(aaaf);1;12:02:37:931;29.88959884643554;65.11358642578125;92.95210266113281;[1]
(aaaf);1;12:02:37:931;29.88959884643554;65.11358642578125;92.95210266113281;[1]
(aaaf);1;12:02:38:259;29.88959884643554;65.11358642578125;92.95210266113281;[1]
(aaaf);1;12:02:38:259;29.88959884643554;65.11358642578125;92.95210266113281;[1]
(aaaf);1;12:02:38:588;29.95199966430664;65.17462158203125;92.95210266113281;[1]
(aaaf);1;12:02:38:588;29.95199966430664;65.17462158203125;92.95210266113281;[1]
(aaaf);1;12:02:38:916;29.88959884643554;65.17462158203125;92.95210266113281;[1]
(aaaf);1;12:02:38:916;29.88959884643554;65.17462158203125;92.95210266113281;[1]
(aaaf);1;12:02:39:244;29.88959884643554;65.17462158203125;92.82502746582031;[1]
(aaaf);1;12:02:39:244;29.88959884643554;65.17462158203125;92.82502746582031;[1]
(aaaf);1;12:02:39:572;29.88959884643554;65.17462158203125;92.95210266113281;[1]
(aaaf);1;12:02:39:572;29.88959884643554;65.17462158203125;92.95210266113281;[1]
(aaaf);1;12:02:39:900;29.88959884643554;65.17462158203125;92.95210266113281;[1]
(aaaf);1;12:02:39:900;29.88959884643554;65.17462158203125;92.95210266113281;[1]
(aaaf);1;12:02:40:228;29.95199966430664;65.17462158203125;92.82502746582031;[1]
(aaaf);1;12:02:40:228;29.95199966430664;65.17462158203125;92.82502746582031;[1]
(aaaf);1;12:02:40:556;29.88959884643554;65.17462158203125;92.95210266113281;[1]
(aaaf);1;12:02:40:556;29.88959884643554;65.17462158203125;92.95210266113281;[1]
(aaaf);1;12:02:40:884;29.88959884643554;65.17462158203125;92.82502746582031;[1]
(aaaf);1;12:02:40:884;29.88959884643554;65.17462158203125;92.82502746582031;[1]
(aaaf);1;12:02:41:212;29.88959884643554;65.17462158203125;92.82502746582031;[1]
(aaaf);1;12:02:41:212;29.88959884643554;65.17462158203125;92.82502746582031;[1]
(aaaf);1;12:02:41:540;29.88959884643554;65.11358642578125;93.01564025878906;[1]
(aaaf);1;12:02:41:540;29.88959884643554;65.11358642578125;93.01564025878906;[1]
(aaaf);1;12:02:41:867;29.95199966430664;65.11358642578125;92.95210266113281;[1]
(aaaf);1;12:02:41:867;29.95199966430664;65.11358642578125;92.95210266113281;[1]
(aaaf);1;12:02:42:196;29.95199966430664;65.11358642578125;92.95210266113281;[1]
(aaaf);1;12:02:42:196;29.95199966430664;65.11358642578125;92.95210266113281;[1]
(aaaf);1;12:02:42:524;29.95199966430664;65.11358642578125;92.95210266113281;[1]
(aaaf);1;12:02:42:524;29.95199966430664;65.11358642578125;92.95210266113281;[1]
(aaaf);1;12:02:42:852;29.95199966430664;65.11358642578125;92.95210266113281;[1]
(aaaf);1;12:02:42:852;29.95199966430664;65.11358642578125;92.95210266113281;[1]
(aaaf);1;12:02:43:180;29.95199966430664;65.08306884765625;92.82502746582031;[1]
(aaaf);1;12:02:43:180;29.95199966430664;65.08306884765625;92.82502746582031;[1]
(aaaf);1;12:02:43:508;29.95199966430664;65.08306884765625;92.82502746582031;[1]
(aaaf);1;12:02:43:508;29.95199966430664;65.08306884765625;92.82502746582031;[1]
(aaaf);1;12:02:43:836;29.95199966430664;65.05255126953125;92.82502746582031;[1]
(aaaf);1;12:02:43:836;29.95199966430664;65.05255126953125;92.82502746582031;[1]
(aaaf);1;12:02:44:164;29.88959884643554;65.05255126953125;92.95210266113281;[1]
(aaaf);1;12:02:44:164;29.88959884643554;65.05255126953125;92.95210266113281;[1]
(aaaf);1;12:02:44:492;29.88959884643554;65.0296630859375;92.82502746582031;[1]
(aaaf);1;12:02:44:492;29.88959884643554;65.0296630859375;92.82502746582031;[1]
(aaaf);1;12:02:44:820;29.95199966430664;65.0296630859375;92.82502746582031;[1]
(aaaf);1;12:02:44:820;29.95199966430664;65.0296630859375;92.82502746582031;[1]
(aaaf);1;12:02:45:148;29.88959884643554;64.9991455078125;92.95210266113281;[1]
(aaaf);1;12:02:45:148;29.88959884643554;64.9991455078125;92.95210266113281;[1]
(aaaf);1;12:02:45:476;29.88959884643554;64.9991455078125;92.88856506347656;[1]
(aaaf);1;12:02:45:476;29.88959884643554;64.9991455078125;92.88856506347656;[1]
(aaaf);1;12:02:45:804;29.95199966430664;64.9686279296875;92.95210266113281;[1]
(aaaf);1;12:02:45:804;29.95199966430664;64.9686279296875;92.95210266113281;[1]
(aaaf);1;12:02:46:130;29.95199966430664;64.9686279296875;92.95210266113281;[1]
(aaaf);1;12:02:46:130;29.95199966430664;64.9686279296875;92.95210266113281;[1]
(aaaf);1;12:02:46:459;29.95199966430664;64.9381103515625;92.82502746582031;[1]
(aaaf);1;12:02:46:459;29.95199966430664;64.9381103515625;92.82502746582031;[1]
(aaaf);1;12:02:46:787;29.88959884643554;64.9381103515625;92.95210266113281;[1]
(aaaf);1;12:02:46:787;29.88959884643554;64.9381103515625;92.95210266113281;[1]
(aaaf);1;12:02:47:115;29.95199966430664;64.9381103515625;92.82502746582031;[1]
(aaaf);1;12:02:47:115;29.95199966430664;64.9381103515625;92.82502746582031;[1]
(aaaf);1;12:02:47:442;29.95199966430664;64.9381103515625;92.95210266113281;[1]
(aaaf);1;12:02:47:442;29.95199966430664;64.9381103515625;92.95210266113281;[1]
(aaaf);1;12:02:47:771;29.95199966430664;64.9381103515625;92.82502746582031;[1]
(aaaf);1;12:02:47:771;29.95199966430664;64.9381103515625;92.82502746582031;[1]
(aaaf);1;12:02:48:99;29.95199966430664;64.9075927734375;92.82502746582031;[1]
(aaaf);1;12:02:48:99;29.95199966430664;64.9075927734375;92.82502746582031;[1]
(aaaf);1;12:02:48:427;29.95199966430664;64.9075927734375;92.95210266113281;[1]
(aaaf);1;12:02:48:427;29.95199966430664;64.9075927734375;92.95210266113281;[1]
(aaaf);1;12:02:48:755;29.95199966430664;64.9075927734375;92.95210266113281;[1]
(aaaf);1;12:02:48:755;29.95199966430664;64.9075927734375;92.95210266113281;[1]
(aaaf);1;12:02:49:83;29.95199966430664;64.9075927734375;92.95210266113281;[1]
(aaaf);1;12:02:49:83;29.95199966430664;64.9075927734375;92.95210266113281;[1]
(aaaf);1;12:02:49:411;29.95199966430664;64.9075927734375;92.82502746582031;[1]
(aaaf);1;12:02:49:411;29.95199966430664;64.9075927734375;92.82502746582031;[1]
(aaaf);1;12:02:49:739;29.88959884643554;64.9075927734375;92.82502746582031;[1]
(aaaf);1;12:02:49:739;29.88959884643554;64.9075927734375;92.82502746582031;[1]
(aaaf);1;12:02:50:67;29.95199966430664;64.9075927734375;92.95210266113281;[1]
(aaaf);1;12:02:50:67;29.95199966430664;64.9075927734375;92.95210266113281;[1]
(aaaf);1;12:02:50:395;29.95199966430664;64.8770751953125;92.82502746582031;[1]
(aaaf);1;12:02:50:395;29.95199966430664;64.8770751953125;92.82502746582031;[1]
(aaaf);1;12:02:50:723;29.95199966430664;64.8770751953125;92.95210266113281;[1]
(aaaf);1;12:02:50:723;29.95199966430664;64.8770751953125;92.95210266113281;[1]
(aaaf);1;12:02:51:49;29.95199966430664;64.8770751953125;92.82502746582031;[1]
(aaaf);1;12:02:51:49;29.95199966430664;64.8770751953125;92.82502746582031;[1]
(aaaf);1;12:02:51:377;29.95199966430664;64.8770751953125;93.01564025878906;[1]
(aaaf);1;12:02:51:377;29.95199966430664;64.8770751953125;93.01564025878906;[1]
(aaaf);1;12:02:51:704;29.95199966430664;64.8770751953125;92.82502746582031;[1]
(aaaf);1;12:02:51:704;29.95199966430664;64.8770751953125;92.82502746582031;[1]
(aaaf);1;12:02:52:32;29.95199966430664;64.8770751953125;92.82502746582031;[1]
(aaaf);1;12:02:52:32;29.95199966430664;64.8770751953125;92.82502746582031;[1]
(aaaf);1;12:02:52:360;29.95199966430664;64.8770751953125;92.95210266113281;[1]
(aaaf);1;12:02:52:360;29.95199966430664;64.8770751953125;92.95210266113281;[1]
(aaaf);1;12:02:52:688;29.88959884643554;64.8770751953125;92.82502746582031;[1]
(aaaf);1;12:02:52:688;29.88959884643554;64.8770751953125;92.82502746582031;[1]
(aaaf);1;12:02:53:16;29.95199966430664;64.8770751953125;92.88856506347656;[1]
(aaaf);1;12:02:53:16;29.95199966430664;64.8770751953125;92.88856506347656;[1]
(aaaf);1;12:02:53:344;29.95199966430664;64.8770751953125;92.82502746582031;[1]
(aaaf);1;12:02:53:344;29.95199966430664;64.8770751953125;92.82502746582031;[1]
(aaaf);1;12:02:53:672;29.95199966430664;64.8770751953125;92.82502746582031;[1]
(aaaf);1;12:02:53:672;29.95199966430664;64.8770751953125;92.82502746582031;[1]
(aaaf);1;12:02:54:0;29.95199966430664;64.8770751953125;92.95210266113281;[1]
(aaaf);1;12:02:54:0;29.95199966430664;64.8770751953125;92.95210266113281;[1]
(aaaf);1;12:02:54:328;29.95199966430664;64.8770751953125;92.95210266113281;[1]
(aaaf);1;12:02:54:328;29.95199966430664;64.8770751953125;92.95210266113281;[1]
(aaaf);1;12:02:54:656;29.95199966430664;64.8770751953125;92.82502746582031;[1]
(aaaf);1;12:02:54:656;29.95199966430664;64.8770751953125;92.82502746582031;[1]
(aaaf);1;12:02:54:984;30.0143985748291;64.8770751953125;92.82502746582031;[1]
(aaaf);1;12:02:54:984;30.0143985748291;64.8770751953125;92.82502746582031;[1]
(aaaf);1;12:02:55:310;29.95199966430664;64.9075927734375;92.95210266113281;[1]
(aaaf);1;12:02:55:310;29.95199966430664;64.9075927734375;92.95210266113281;[1]
(aaaf);1;12:02:55:640;30.0143985748291;64.9381103515625;92.95210266113281;[1]
(aaaf);1;12:02:55:640;30.0143985748291;64.9381103515625;92.95210266113281;[1]
(aaaf);1;12:02:55:968;30.0143985748291;64.9381103515625;92.82502746582031;[1]
(aaaf);1;12:02:55:968;30.0143985748291;64.9381103515625;92.82502746582031;[1]
(aaaf);1;12:02:56:296;29.95199966430664;64.9381103515625;92.82502746582031;[1]
(aaaf);1;12:02:56:296;29.95199966430664;64.9381103515625;92.82502746582031;[1]
(aaaf);1;12:02:56:624;29.95199966430664;64.9686279296875;92.82502746582031;[1]
(aaaf);1;12:02:56:624;29.95199966430664;64.9686279296875;92.82502746582031;[1]
(aaaf);1;12:02:56:951;29.95199966430664;64.9381103515625;92.95210266113281;[1]
(aaaf);1;12:02:56:951;29.95199966430664;64.9381103515625;92.95210266113281;[1]
(aaaf);1;12:02:57:279;30.0143985748291;64.9381103515625;92.82502746582031;[1]
(aaaf);1;12:02:57:279;30.0143985748291;64.9381103515625;92.82502746582031;[1]
(aaaf);1;12:02:57:607;29.95199966430664;64.9075927734375;92.95210266113281;[1]
(aaaf);1;12:02:57:607;29.95199966430664;64.9075927734375;92.95210266113281;[1]
(aaaf);1;12:02:57:935;29.95199966430664;64.9075927734375;92.82502746582031;[1]
(aaaf);1;12:02:57:935;29.95199966430664;64.9075927734375;92.82502746582031;[1]
(aaaf);1;12:02:58:263;29.95199966430664;64.8770751953125;92.82502746582031;[1]
(aaaf);1;12:02:58:263;29.95199966430664;64.8770751953125;92.82502746582031;[1]
(aaaf);1;12:02:58:591;29.95199966430664;64.8770751953125;92.95210266113281;[1]
(aaaf);1;12:02:58:591;29.95199966430664;64.8770751953125;92.95210266113281;[1]
(aaaf);1;12:02:58:919;29.95199966430664;64.8770751953125;92.82502746582031;[1]
(aaaf);1;12:02:58:919;29.95199966430664;64.8770751953125;92.82502746582031;[1]
(aaaf);1;12:02:59:247;29.95199966430664;64.8770751953125;92.95210266113281;[1]
(aaaf);1;12:02:59:247;29.95199966430664;64.8770751953125;92.95210266113281;[1]
(aaaf);1;12:02:59:575;30.0143985748291;64.8465576171875;92.82502746582031;[1]
(aaaf);1;12:02:59:575;30.0143985748291;64.8465576171875;92.82502746582031;[1]
(aaaf);1;12:02:59:903;29.95199966430664;64.8465576171875;92.82502746582031;[1]
(aaaf);1;12:02:59:903;29.95199966430664;64.8465576171875;92.82502746582031;[1]
(aaaf);1;12:03:00:231;29.95199966430664;64.8465576171875;92.95210266113281;[1]
(aaaf);1;12:03:00:231;29.95199966430664;64.8465576171875;92.95210266113281;[1]
(aaaf);1;12:03:00:559;29.95199966430664;64.8465576171875;92.88856506347656;[1]
(aaaf);1;12:03:00:559;29.95199966430664;64.8465576171875;92.88856506347656;[1]
(aaaf);1;12:03:00:887;29.95199966430664;64.8465576171875;92.95210266113281;[1]
(aaaf);1;12:03:00:887;29.95199966430664;64.8465576171875;92.95210266113281;[1]
(aaaf);1;12:03:01:216;29.95199966430664;64.8465576171875;92.95210266113281;[1]
(aaaf);1;12:03:01:216;29.95199966430664;64.8465576171875;92.95210266113281;[1]
(aaaf);1;12:03:01:544;29.95199966430664;64.8465576171875;92.95210266113281;[1]
(aaaf);1;12:03:01:544;29.95199966430664;64.8465576171875;92.95210266113281;[1]
(aaaf);1;12:03:01:872;29.95199966430664;64.8160400390625;92.95210266113281;[1]
(aaaf);1;12:03:01:872;29.95199966430664;64.8160400390625;92.95210266113281;[1]
(aaaf);1;12:03:02:200;29.95199966430664;64.8160400390625;92.95210266113281;[1]
(aaaf);1;12:03:02:200;29.95199966430664;64.8160400390625;92.95210266113281;[1]
(aaaf);1;12:03:02:528;29.95199966430664;64.8160400390625;92.82502746582031;[1]
(aaaf);1;12:03:02:528;29.95199966430664;64.8160400390625;92.82502746582031;[1]
(aaaf);1;12:03:02:856;29.95199966430664;64.7550048828125;92.95210266113281;[1]
(aaaf);1;12:03:02:856;29.95199966430664;64.7550048828125;92.95210266113281;[1]
(aaaf);1;12:03:03:184;29.95199966430664;64.7550048828125;92.82502746582031;[1]
(aaaf);1;12:03:03:184;29.95199966430664;64.7550048828125;92.82502746582031;[1]
(aaaf);1;12:03:03:512;30.0143985748291;64.7550048828125;92.95210266113281;[1]
(aaaf);1;12:03:03:512;30.0143985748291;64.7550048828125;92.95210266113281;[1]
(aaaf);1;12:03:03:840;29.95199966430664;64.73211669921875;92.82502746582031;[1]
(aaaf);1;12:03:03:840;29.95199966430664;64.73211669921875;92.82502746582031;[1]
(aaaf);1;12:03:04:168;29.95199966430664;64.73211669921875;92.82502746582031;[1]
(aaaf);1;12:03:04:168;29.95199966430664;64.73211669921875;92.82502746582031;[1]
(aaaf);1;12:03:04:496;29.95199966430664;64.73211669921875;92.95210266113281;[1]
(aaaf);1;12:03:04:496;29.95199966430664;64.73211669921875;92.95210266113281;[1]
(aaaf);1;12:03:04:824;29.95199966430664;64.7550048828125;92.95210266113281;[1]
(aaaf);1;12:03:04:824;29.95199966430664;64.7550048828125;92.95210266113281;[1]
(aaaf);1;12:03:05:152;30.0143985748291;64.73211669921875;93.07917785644531;[1]
(aaaf);1;12:03:05:152;30.0143985748291;64.73211669921875;93.07917785644531;[1]
(aaaf);1;12:03:05:480;30.0143985748291;64.7550048828125;92.95210266113281;[1]
(aaaf);1;12:03:05:480;30.0143985748291;64.7550048828125;92.95210266113281;[1]
(aaaf);1;12:03:05:808;29.95199966430664;64.7550048828125;92.95210266113281;[1]
(aaaf);1;12:03:05:808;29.95199966430664;64.7550048828125;92.95210266113281;[1]
(aaaf);1;12:03:06:136;30.0143985748291;64.7550048828125;93.07917785644531;[1]
(aaaf);1;12:03:06:136;30.0143985748291;64.7550048828125;93.07917785644531;[1]
(aaaf);1;12:03:06:464;29.95199966430664;64.8160400390625;92.95210266113281;[1]
(aaaf);1;12:03:06:464;29.95199966430664;64.8160400390625;92.95210266113281;[1]
(aaaf);1;12:03:06:792;30.0143985748291;64.8160400390625;92.88856506347656;[1]
(aaaf);1;12:03:06:792;30.0143985748291;64.8160400390625;92.88856506347656;[1]
(aaaf);1;12:03:07:120;30.0143985748291;64.8160400390625;92.95210266113281;[1]
(aaaf);1;12:03:07:120;30.0143985748291;64.8160400390625;92.95210266113281;[1]
(aaaf);1;12:03:07:448;29.95199966430664;64.8160400390625;92.95210266113281;[1]
(aaaf);1;12:03:07:448;29.95199966430664;64.8160400390625;92.95210266113281;[1]
(aaaf);1;12:03:07:776;29.95199966430664;64.8465576171875;92.82502746582031;[1]
(aaaf);1;12:03:07:776;29.95199966430664;64.8465576171875;92.82502746582031;[1]
(aaaf);1;12:03:08:104;30.0143985748291;64.8465576171875;92.95210266113281;[1]
(aaaf);1;12:03:08:104;30.0143985748291;64.8465576171875;92.95210266113281;[1]
(aaaf);1;12:03:08:432;30.0143985748291;64.8465576171875;92.95210266113281;[1]
(aaaf);1;12:03:08:432;30.0143985748291;64.8465576171875;92.95210266113281;[1]
(aaaf);1;12:03:08:760;29.95199966430664;64.8465576171875;92.95210266113281;[1]
(aaaf);1;12:03:08:760;29.95199966430664;64.8465576171875;92.95210266113281;[1]
(aaaf);1;12:03:09:88;30.0143985748291;64.8465576171875;92.95210266113281;[1]
(aaaf);1;12:03:09:88;30.0143985748291;64.8465576171875;92.95210266113281;[1]
(aaaf);1;12:03:09:416;29.95199966430664;64.8465576171875;92.95210266113281;[1]
(aaaf);1;12:03:09:416;29.95199966430664;64.8465576171875;92.95210266113281;[1]
(aaaf);1;12:03:09:744;29.95199966430664;64.8465576171875;92.95210266113281;[1]
(aaaf);1;12:03:09:744;29.95199966430664;64.8465576171875;92.95210266113281;[1]
(aaaf);1;12:03:10:72;30.0143985748291;64.8465576171875;92.82502746582031;[1]
(aaaf);1;12:03:10:72;30.0143985748291;64.8465576171875;92.82502746582031;[1]
(aaaf);1;12:03:10:400;29.95199966430664;64.8160400390625;92.95210266113281;[1]
(aaaf);1;12:03:10:400;29.95199966430664;64.8160400390625;92.95210266113281;[1]
(aaaf);1;12:03:10:728;30.0143985748291;64.8465576171875;92.82502746582031;[1]
(aaaf);1;12:03:10:728;30.0143985748291;64.8465576171875;92.82502746582031;[1]
(aaaf);1;12:03:11:56;29.95199966430664;64.8160400390625;93.01564025878906;[1]
(aaaf);1;12:03:11:56;29.95199966430664;64.8160400390625;93.01564025878906;[1]
(aaaf);1;12:03:11:383;29.95199966430664;64.8160400390625;92.95210266113281;[1]
(aaaf);1;12:03:11:383;29.95199966430664;64.8160400390625;92.95210266113281;[1]
(aaaf);1;12:03:11:711;29.95199966430664;64.8160400390625;92.95210266113281;[1]
(aaaf);1;12:03:11:711;29.95199966430664;64.8160400390625;92.95210266113281;[1]
(aaaf);1;12:03:12:38;29.95199966430664;64.8160400390625;92.82502746582031;[1]
(aaaf);1;12:03:12:38;29.95199966430664;64.8160400390625;92.82502746582031;[1]
(aaaf);1;12:03:12:367;30.0143985748291;64.8160400390625;92.95210266113281;[1]
(aaaf);1;12:03:12:367;30.0143985748291;64.8160400390625;92.95210266113281;[1]
(aaaf);1;12:03:12:695;29.95199966430664;64.7550048828125;92.95210266113281;[1]
(aaaf);1;12:03:12:695;29.95199966430664;64.7550048828125;92.95210266113281;[1]
(aaaf);1;12:03:13:24;29.95199966430664;64.7550048828125;93.07917785644531;[1]
(aaaf);1;12:03:13:24;29.95199966430664;64.7550048828125;93.07917785644531;[1]
(aaaf);1;12:03:13:351;30.0143985748291;64.7550048828125;92.82502746582031;[1]
(aaaf);1;12:03:13:351;30.0143985748291;64.7550048828125;92.82502746582031;[1]
(aaaf);1;12:03:13:679;29.95199966430664;64.73211669921875;92.82502746582031;[1]
(aaaf);1;12:03:13:679;29.95199966430664;64.73211669921875;92.82502746582031;[1]
(aaaf);1;12:03:14:7;30.0143985748291;64.70159912109375;92.95210266113281;[1]
(aaaf);1;12:03:14:7;30.0143985748291;64.70159912109375;92.95210266113281;[1]
(aaaf);1;12:03:14:335;29.95199966430664;64.70159912109375;92.95210266113281;[1]
(aaaf);1;12:03:14:335;29.95199966430664;64.70159912109375;92.95210266113281;[1]
(aaaf);1;12:03:14:663;30.0143985748291;64.67108154296875;93.01564025878906;[1]
(aaaf);1;12:03:14:663;30.0143985748291;64.67108154296875;93.01564025878906;[1]
(aaaf);1;12:03:14:990;30.0143985748291;64.67108154296875;92.95210266113281;[1]
(aaaf);1;12:03:14:990;30.0143985748291;64.67108154296875;92.95210266113281;[1]
(aaaf);1;12:03:15:318;29.95199966430664;64.64056396484375;92.82502746582031;[1]
(aaaf);1;12:03:15:318;29.95199966430664;64.64056396484375;92.82502746582031;[1]
(aaaf);1;12:03:15:646;29.95199966430664;64.64056396484375;92.82502746582031;[1]
(aaaf);1;12:03:15:646;29.95199966430664;64.64056396484375;92.82502746582031;[1]
(aaaf);1;12:03:15:974;29.95199966430664;64.64056396484375;92.82502746582031;[1]
(aaaf);1;12:03:15:974;29.95199966430664;64.64056396484375;92.82502746582031;[1]
(aaaf);1;12:03:16:302;30.0143985748291;64.64056396484375;92.95210266113281;[1]
(aaaf);1;12:03:16:302;30.0143985748291;64.64056396484375;92.95210266113281;[1]
(aaaf);1;12:03:16:630;30.0143985748291;64.64056396484375;92.82502746582031;[1]
(aaaf);1;12:03:16:630;30.0143985748291;64.64056396484375;92.82502746582031;[1]
(aaaf);1;12:03:16:958;29.95199966430664;64.61004638671875;92.95210266113281;[1]
(aaaf);1;12:03:16:958;29.95199966430664;64.61004638671875;92.95210266113281;[1]
(aaaf);1;12:03:17:286;30.0143985748291;64.61004638671875;92.95210266113281;[1]
(aaaf);1;12:03:17:286;30.0143985748291;64.61004638671875;92.95210266113281;[1]
(aaaf);1;12:03:17:614;30.0143985748291;64.61004638671875;92.95210266113281;[1]
(aaaf);1;12:03:17:614;30.0143985748291;64.61004638671875;92.95210266113281;[1]
(aaaf);1;12:03:17:943;29.95199966430664;64.61004638671875;92.95210266113281;[1]
(aaaf);1;12:03:17:943;29.95199966430664;64.61004638671875;92.95210266113281;[1]
(aaaf);1;12:03:18:271;30.0143985748291;64.61004638671875;92.95210266113281;[1]
(aaaf);1;12:03:18:271;30.0143985748291;64.61004638671875;92.95210266113281;[1]
(aaaf);1;12:03:18:599;29.95199966430664;64.57952880859375;92.82502746582031;[1]
(aaaf);1;12:03:18:599;29.95199966430664;64.57952880859375;92.82502746582031;[1]
(aaaf);1;12:03:18:927;29.95199966430664;64.57952880859375;92.95210266113281;[1]
(aaaf);1;12:03:18:927;29.95199966430664;64.57952880859375;92.95210266113281;[1]
(aaaf);1;12:03:19:255;30.0143985748291;64.57952880859375;92.95210266113281;[1]
(aaaf);1;12:03:19:255;30.0143985748291;64.57952880859375;92.95210266113281;[1]
(aaaf);1;12:03:19:583;29.95199966430664;64.57952880859375;92.95210266113281;[1]
(aaaf);1;12:03:19:583;29.95199966430664;64.57952880859375;92.95210266113281;[1]
(aaaf);1;12:03:19:911;29.95199966430664;64.54901123046875;92.95210266113281;[1]
(aaaf);1;12:03:19:911;29.95199966430664;64.54901123046875;92.95210266113281;[1]
(aaaf);1;12:03:20:240;29.95199966430664;64.54901123046875;92.82502746582031;[1]
(aaaf);1;12:03:20:240;29.95199966430664;64.54901123046875;92.82502746582031;[1]
