(cacf);1;109358;29.39039993286132;65.5484619140625;92.95210266113281;[1]
(cacf);1;109358;29.39039993286132;65.5484619140625;92.95210266113281;[1]
(cacf);1;109681;29.39039993286132;65.5484619140625;92.95210266113281;[1]
(cacf);1;109681;29.39039993286132;65.5484619140625;92.95210266113281;[1]
(cacf);1;110003;29.39039993286132;65.5484619140625;92.95210266113281;[1]
(cacf);1;110003;29.39039993286132;65.5484619140625;92.95210266113281;[1]
(cacf);1;110326;29.45279884338378;65.5484619140625;92.88856506347656;[1]
(cacf);1;110326;29.45279884338378;65.5484619140625;92.88856506347656;[1]
(cacf);1;110649;29.45279884338378;65.5484619140625;92.88856506347656;[1]
(cacf);1;110649;29.45279884338378;65.5484619140625;92.88856506347656;[1]
(cacf);1;110972;29.39039993286132;65.5484619140625;93.07917785644531;[1]
(cacf);1;110972;29.39039993286132;65.5484619140625;93.07917785644531;[1]
(cacf);1;111294;29.39039993286132;65.5179443359375;92.88856506347656;[1]
(cacf);1;111294;29.39039993286132;65.5179443359375;92.88856506347656;[1]
(cacf);1;111616;29.45279884338378;65.5179443359375;92.88856506347656;[1]
(cacf);1;111616;29.45279884338378;65.5179443359375;92.88856506347656;[1]
(cacf);1;111939;29.39039993286132;65.5179443359375;92.88856506347656;[1]
(cacf);1;111939;29.39039993286132;65.5179443359375;92.88856506347656;[1]
(cacf);1;112262;29.39039993286132;65.5179443359375;92.95210266113281;[1]
(cacf);1;112262;29.39039993286132;65.5179443359375;92.95210266113281;[1]
(cacf);1;112584;29.39039993286132;65.5179443359375;92.88856506347656;[1]
(cacf);1;112584;29.39039993286132;65.5179443359375;92.88856506347656;[1]
(cacf);1;112907;29.39039993286132;65.5179443359375;92.95210266113281;[1]
(cacf);1;112907;29.39039993286132;65.5179443359375;92.95210266113281;[1]
(cacf);1;113230;29.39039993286132;65.5179443359375;93.01564025878906;[1]
(cacf);1;113230;29.39039993286132;65.5179443359375;93.01564025878906;[1]
(cacf);1;113552;29.39039993286132;65.5179443359375;93.01564025878906;[1]
(cacf);1;113552;29.39039993286132;65.5179443359375;93.01564025878906;[1]
(cacf);1;113873;29.39039993286132;65.4874267578125;92.95210266113281;[1]
(cacf);1;113873;29.39039993286132;65.4874267578125;92.95210266113281;[1]
(cacf);1;114196;29.45279884338378;65.4874267578125;92.95210266113281;[1]
(cacf);1;114196;29.45279884338378;65.4874267578125;92.95210266113281;[1]
(cacf);1;114519;29.39039993286132;65.4874267578125;92.82502746582031;[1]
(cacf);1;114519;29.39039993286132;65.4874267578125;92.82502746582031;[1]
(cacf);1;114841;29.45279884338378;65.4874267578125;92.95210266113281;[1]
(cacf);1;114841;29.45279884338378;65.4874267578125;92.95210266113281;[1]
(cacf);1;115164;29.45279884338378;65.4874267578125;93.01564025878906;[1]
(cacf);1;115164;29.45279884338378;65.4874267578125;93.01564025878906;[1]
(cacf);1;115486;29.39039993286132;65.4874267578125;92.88856506347656;[1]
(cacf);1;115486;29.39039993286132;65.4874267578125;92.88856506347656;[1]
(cacf);1;115808;29.45279884338378;65.4874267578125;93.01564025878906;[1]
(cacf);1;115808;29.45279884338378;65.4874267578125;93.01564025878906;[1]
(cacf);1;116130;29.45279884338378;65.4874267578125;92.88856506347656;[1]
(cacf);1;116130;29.45279884338378;65.4874267578125;92.88856506347656;[1]
(cacf);1;116453;29.39039993286132;65.4874267578125;93.01564025878906;[1]
(cacf);1;116453;29.39039993286132;65.4874267578125;93.01564025878906;[1]
(cacf);1;116775;29.39039993286132;65.4874267578125;92.95210266113281;[1]
(cacf);1;116775;29.39039993286132;65.4874267578125;92.95210266113281;[1]
(cacf);1;117098;29.39039993286132;65.4874267578125;92.88856506347656;[1]
(cacf);1;117098;29.39039993286132;65.4874267578125;92.88856506347656;[1]
(cacf);1;117420;29.39039993286132;65.4874267578125;93.07917785644531;[1]
(cacf);1;117420;29.39039993286132;65.4874267578125;93.07917785644531;[1]
(cacf);1;117743;29.45279884338378;65.4874267578125;92.88856506347656;[1]
(cacf);1;117743;29.45279884338378;65.4874267578125;92.88856506347656;[1]
(cacf);1;118065;29.39039993286132;65.4569091796875;93.07917785644531;[1]
(cacf);1;118065;29.39039993286132;65.4569091796875;93.07917785644531;[1]
(cacf);1;118387;29.39039993286132;65.4569091796875;93.01564025878906;[1]
(cacf);1;118387;29.39039993286132;65.4569091796875;93.01564025878906;[1]
(cacf);1;118709;29.45279884338378;65.4569091796875;92.95210266113281;[1]
(cacf);1;118709;29.45279884338378;65.4569091796875;92.95210266113281;[1]
(cacf);1;119032;29.45279884338378;65.4569091796875;92.88856506347656;[1]
(cacf);1;119032;29.45279884338378;65.4569091796875;92.88856506347656;[1]
(cacf);1;119355;29.45279884338378;65.4569091796875;92.88856506347656;[1]
(cacf);1;119355;29.45279884338378;65.4569091796875;92.88856506347656;[1]
(cacf);1;119677;29.45279884338378;65.4569091796875;92.88856506347656;[1]
(cacf);1;119677;29.45279884338378;65.4569091796875;92.88856506347656;[1]
(cacf);1;120000;29.45279884338378;65.4569091796875;93.07917785644531;[1]
(cacf);1;120000;29.45279884338378;65.4569091796875;93.07917785644531;[1]
(cacf);1;120322;29.39039993286132;65.4569091796875;93.07917785644531;[1]
(cacf);1;120322;29.39039993286132;65.4569091796875;93.07917785644531;[1]
(cacf);1;120645;29.45279884338378;65.4569091796875;93.07917785644531;[1]
(cacf);1;120645;29.45279884338378;65.4569091796875;93.07917785644531;[1]
(cacf);1;120967;29.39039993286132;65.4569091796875;92.95210266113281;[1]
(cacf);1;120967;29.39039993286132;65.4569091796875;92.95210266113281;[1]
(cacf);1;121290;29.45279884338378;65.4263916015625;93.07917785644531;[1]
(cacf);1;121290;29.45279884338378;65.4263916015625;93.07917785644531;[1]
(cacf);1;121612;29.45279884338378;65.4263916015625;92.88856506347656;[1]
(cacf);1;121612;29.45279884338378;65.4263916015625;92.88856506347656;[1]
(cacf);1;121935;29.39039993286132;65.4263916015625;93.01564025878906;[1]
(cacf);1;121935;29.39039993286132;65.4263916015625;93.01564025878906;[1]
(cacf);1;122255;29.45279884338378;65.4263916015625;92.88856506347656;[1]
(cacf);1;122255;29.45279884338378;65.4263916015625;92.88856506347656;[1]
(cacf);1;122577;29.39039993286132;65.4263916015625;92.88856506347656;[1]
(cacf);1;122577;29.39039993286132;65.4263916015625;92.88856506347656;[1]
(cacf);1;122900;29.45279884338378;65.4263916015625;92.95210266113281;[1]
(cacf);1;122900;29.45279884338378;65.4263916015625;92.95210266113281;[1]
(cacf);1;123223;29.45279884338378;65.4263916015625;92.88856506347656;[1]
(cacf);1;123223;29.45279884338378;65.4263916015625;92.88856506347656;[1]
(cacf);1;123546;29.45279884338378;65.4263916015625;92.82502746582031;[1]
(cacf);1;123546;29.45279884338378;65.4263916015625;92.82502746582031;[1]
(cacf);1;123868;29.45279884338378;65.4263916015625;92.95210266113281;[1]
(cacf);1;123868;29.45279884338378;65.4263916015625;92.95210266113281;[1]
(cacf);1;124191;29.45279884338378;65.4263916015625;93.01564025878906;[1]
(cacf);1;124191;29.45279884338378;65.4263916015625;93.01564025878906;[1]
(cacf);1;124513;29.39039993286132;65.4263916015625;93.07917785644531;[1]
(cacf);1;124513;29.39039993286132;65.4263916015625;93.07917785644531;[1]
(cacf);1;124835;29.45279884338378;65.4263916015625;93.07917785644531;[1]
(cacf);1;124835;29.45279884338378;65.4263916015625;93.07917785644531;[1]
(cacf);1;125157;29.45279884338378;65.3958740234375;93.07917785644531;[1]
(cacf);1;125157;29.45279884338378;65.3958740234375;93.07917785644531;[1]
(cacf);1;125479;29.45279884338378;65.3958740234375;92.95210266113281;[1]
(cacf);1;125479;29.45279884338378;65.3958740234375;92.95210266113281;[1]
(cacf);1;125802;29.45279884338378;65.3958740234375;92.76148986816406;[1]
(cacf);1;125802;29.45279884338378;65.3958740234375;92.76148986816406;[1]
(cacf);1;126125;29.39039993286132;65.3958740234375;93.07917785644531;[1]
(cacf);1;126125;29.39039993286132;65.3958740234375;93.07917785644531;[1]
(cacf);1;126447;29.45279884338378;65.3958740234375;93.07917785644531;[1]
(cacf);1;126447;29.45279884338378;65.3958740234375;93.07917785644531;[1]
(cacf);1;126769;29.45279884338378;65.3653564453125;92.95210266113281;[1]
(cacf);1;126769;29.45279884338378;65.3653564453125;92.95210266113281;[1]
(cacf);1;127092;29.45279884338378;65.3653564453125;93.07917785644531;[1]
(cacf);1;127092;29.45279884338378;65.3653564453125;93.07917785644531;[1]
(cacf);1;127414;29.45279884338378;65.3653564453125;92.88856506347656;[1]
(cacf);1;127414;29.45279884338378;65.3653564453125;92.88856506347656;[1]
(cacf);1;127737;29.45279884338378;65.3653564453125;92.95210266113281;[1]
(cacf);1;127737;29.45279884338378;65.3653564453125;92.95210266113281;[1]
(cacf);1;128060;29.45279884338378;65.3653564453125;92.95210266113281;[1]
(cacf);1;128060;29.45279884338378;65.3653564453125;92.95210266113281;[1]
(cacf);1;128382;29.45279884338378;65.3653564453125;92.88856506347656;[1]
(cacf);1;128382;29.45279884338378;65.3653564453125;92.88856506347656;[1]
(cacf);1;128705;29.45279884338378;65.3653564453125;93.01564025878906;[1]
(cacf);1;128705;29.45279884338378;65.3653564453125;93.01564025878906;[1]
(cacf);1;129027;29.45279884338378;65.3653564453125;93.01564025878906;[1]
(cacf);1;129027;29.45279884338378;65.3653564453125;93.01564025878906;[1]
(cacf);1;129349;29.45279884338378;65.3653564453125;92.95210266113281;[1]
(cacf);1;129349;29.45279884338378;65.3653564453125;92.95210266113281;[1]
(cacf);1;129671;29.45279884338378;65.31195068359375;92.95210266113281;[1]
(cacf);1;129671;29.45279884338378;65.31195068359375;92.95210266113281;[1]
(cacf);1;129994;29.45279884338378;65.31195068359375;92.82502746582031;[1]
(cacf);1;129994;29.45279884338378;65.31195068359375;92.82502746582031;[1]
(cacf);1;130317;29.45279884338378;65.31195068359375;92.95210266113281;[1]
(cacf);1;130317;29.45279884338378;65.31195068359375;92.95210266113281;[1]
(cacf);1;130640;29.45279884338378;65.31195068359375;93.07917785644531;[1]
(cacf);1;130640;29.45279884338378;65.31195068359375;93.07917785644531;[1]
(cacf);1;130962;29.45279884338378;65.31195068359375;93.01564025878906;[1]
(cacf);1;130962;29.45279884338378;65.31195068359375;93.01564025878906;[1]
(cacf);1;131284;29.45279884338378;65.31195068359375;93.01564025878906;[1]
(cacf);1;131284;29.45279884338378;65.31195068359375;93.01564025878906;[1]
(cacf);1;131606;29.45279884338378;65.31195068359375;92.95210266113281;[1]
(cacf);1;131606;29.45279884338378;65.31195068359375;92.95210266113281;[1]
(cacf);1;131929;29.45279884338378;65.31195068359375;93.07917785644531;[1]
(cacf);1;131929;29.45279884338378;65.31195068359375;93.07917785644531;[1]
(cacf);1;132251;29.51519966125488;65.31195068359375;92.95210266113281;[1]
(cacf);1;132251;29.51519966125488;65.31195068359375;92.95210266113281;[1]
(cacf);1;132574;29.45279884338378;65.28143310546875;93.07917785644531;[1]
(cacf);1;132574;29.45279884338378;65.28143310546875;93.07917785644531;[1]
(cacf);1;132896;29.51519966125488;65.28143310546875;93.07917785644531;[1]
(cacf);1;132896;29.51519966125488;65.28143310546875;93.07917785644531;[1]
(cacf);1;133219;29.45279884338378;65.28143310546875;92.88856506347656;[1]
(cacf);1;133219;29.45279884338378;65.28143310546875;92.88856506347656;[1]
(cacf);1;133541;29.45279884338378;65.28143310546875;92.95210266113281;[1]
(cacf);1;133541;29.45279884338378;65.28143310546875;92.95210266113281;[1]
(cacf);1;133864;29.45279884338378;65.28143310546875;93.01564025878906;[1]
(cacf);1;133864;29.45279884338378;65.28143310546875;93.01564025878906;[1]
(cacf);1;134186;29.51519966125488;65.28143310546875;93.01564025878906;[1]
(cacf);1;134186;29.51519966125488;65.28143310546875;93.01564025878906;[1]
(cacf);1;134508;29.45279884338378;65.28143310546875;93.07917785644531;[1]
(cacf);1;134508;29.45279884338378;65.28143310546875;93.07917785644531;[1]
(cacf);1;134830;29.45279884338378;65.28143310546875;92.88856506347656;[1]
(cacf);1;134830;29.45279884338378;65.28143310546875;92.88856506347656;[1]
(cacf);1;135153;29.45279884338378;65.28143310546875;92.95210266113281;[1]
(cacf);1;135153;29.45279884338378;65.28143310546875;92.95210266113281;[1]
(cacf);1;135476;29.51519966125488;65.28143310546875;93.07917785644531;[1]
(cacf);1;135476;29.51519966125488;65.28143310546875;93.07917785644531;[1]
(cacf);1;135798;29.45279884338378;65.28143310546875;93.07917785644531;[1]
(cacf);1;135798;29.45279884338378;65.28143310546875;93.07917785644531;[1]
(cacf);1;136121;29.45279884338378;65.28143310546875;92.95210266113281;[1]
(cacf);1;136121;29.45279884338378;65.28143310546875;92.95210266113281;[1]
(cacf);1;136444;29.51519966125488;65.25091552734375;93.07917785644531;[1]
(cacf);1;136444;29.51519966125488;65.25091552734375;93.07917785644531;[1]
(cacf);1;136766;29.45279884338378;65.25091552734375;92.88856506347656;[1]
(cacf);1;136766;29.45279884338378;65.25091552734375;92.88856506347656;[1]
(cacf);1;137089;29.51519966125488;65.25091552734375;93.01564025878906;[1]
(cacf);1;137089;29.51519966125488;65.25091552734375;93.01564025878906;[1]
(cacf);1;137411;29.51519966125488;65.25091552734375;93.01564025878906;[1]
(cacf);1;137411;29.51519966125488;65.25091552734375;93.01564025878906;[1]
(cacf);1;137732;29.51519966125488;65.22039794921875;92.95210266113281;[1]
(cacf);1;137732;29.51519966125488;65.22039794921875;92.95210266113281;[1]
(cacf);1;138055;29.45279884338378;65.22039794921875;92.95210266113281;[1]
(cacf);1;138055;29.45279884338378;65.22039794921875;92.95210266113281;[1]
(cacf);1;138378;29.51519966125488;65.22039794921875;92.95210266113281;[1]
(cacf);1;138378;29.51519966125488;65.22039794921875;92.95210266113281;[1]
(cacf);1;138701;29.51519966125488;65.25091552734375;93.01564025878906;[1]
(cacf);1;138701;29.51519966125488;65.25091552734375;93.01564025878906;[1]
(cacf);1;139023;29.51519966125488;65.25091552734375;93.07917785644531;[1]
(cacf);1;139023;29.51519966125488;65.25091552734375;93.07917785644531;[1]
(cacf);1;139345;29.51519966125488;65.22039794921875;92.88856506347656;[1]
(cacf);1;139345;29.51519966125488;65.22039794921875;92.88856506347656;[1]
(cacf);1;139668;29.51519966125488;65.18988037109375;93.07917785644531;[1]
(cacf);1;139668;29.51519966125488;65.18988037109375;93.07917785644531;[1]
(cacf);1;139990;29.51519966125488;65.22039794921875;93.07917785644531;[1]
(cacf);1;139990;29.51519966125488;65.22039794921875;93.07917785644531;[1]
(cacf);1;140313;29.51519966125488;65.22039794921875;93.07917785644531;[1]
(cacf);1;140313;29.51519966125488;65.22039794921875;93.07917785644531;[1]
(cacf);1;140635;29.51519966125488;65.18988037109375;92.95210266113281;[1]
(cacf);1;140635;29.51519966125488;65.18988037109375;92.95210266113281;[1]
(cacf);1;140958;29.51519966125488;65.18988037109375;93.01564025878906;[1]
(cacf);1;140958;29.51519966125488;65.18988037109375;93.01564025878906;[1]
(cacf);1;141280;29.45279884338378;65.18988037109375;92.95210266113281;[1]
(cacf);1;141280;29.45279884338378;65.18988037109375;92.95210266113281;[1]
(cacf);1;141603;29.45279884338378;65.18988037109375;93.07917785644531;[1]
(cacf);1;141603;29.45279884338378;65.18988037109375;93.07917785644531;[1]
(cacf);1;141925;29.51519966125488;65.18988037109375;92.95210266113281;[1]
(cacf);1;141925;29.51519966125488;65.18988037109375;92.95210266113281;[1]
(cacf);1;142248;29.51519966125488;65.18988037109375;92.95210266113281;[1]
(cacf);1;142248;29.51519966125488;65.18988037109375;92.95210266113281;[1]
(cacf);1;142571;29.51519966125488;65.18988037109375;92.95210266113281;[1]
(cacf);1;142571;29.51519966125488;65.18988037109375;92.95210266113281;[1]
(cacf);1;142892;29.51519966125488;65.18988037109375;93.07917785644531;[1]
(cacf);1;142892;29.51519966125488;65.18988037109375;93.07917785644531;[1]
(cacf);1;143214;29.45279884338378;65.18988037109375;92.95210266113281;[1]
(cacf);1;143214;29.45279884338378;65.18988037109375;92.95210266113281;[1]
(cacf);1;143537;29.51519966125488;65.18988037109375;92.88856506347656;[1]
(cacf);1;143537;29.51519966125488;65.18988037109375;92.88856506347656;[1]
(cacf);1;143860;29.51519966125488;65.18988037109375;93.07917785644531;[1]
(cacf);1;143860;29.51519966125488;65.18988037109375;93.07917785644531;[1]
(cacf);1;144182;29.51519966125488;65.18988037109375;93.01564025878906;[1]
(cacf);1;144182;29.51519966125488;65.18988037109375;93.01564025878906;[1]
(cacf);1;144504;29.51519966125488;65.18988037109375;92.95210266113281;[1]
(cacf);1;144504;29.51519966125488;65.18988037109375;92.95210266113281;[1]
(cacf);1;144827;29.51519966125488;65.18988037109375;93.07917785644531;[1]
(cacf);1;144827;29.51519966125488;65.18988037109375;93.07917785644531;[1]
(cacf);1;145149;29.51519966125488;65.18988037109375;93.07917785644531;[1]
(cacf);1;145149;29.51519966125488;65.18988037109375;93.07917785644531;[1]
(cacf);1;145471;29.51519966125488;65.18988037109375;92.88856506347656;[1]
(cacf);1;145471;29.51519966125488;65.18988037109375;92.88856506347656;[1]
(cacf);1;145794;29.51519966125488;65.18988037109375;93.07917785644531;[1]
(cacf);1;145794;29.51519966125488;65.18988037109375;93.07917785644531;[1]
(cacf);1;146117;29.51519966125488;65.18988037109375;92.95210266113281;[1]
(cacf);1;146117;29.51519966125488;65.18988037109375;92.95210266113281;[1]
(cacf);1;146438;29.51519966125488;65.18988037109375;92.88856506347656;[1]
(cacf);1;146438;29.51519966125488;65.18988037109375;92.88856506347656;[1]
(cacf);1;146760;29.51519966125488;65.18988037109375;93.07917785644531;[1]
(cacf);1;146760;29.51519966125488;65.18988037109375;93.07917785644531;[1]
(cacf);1;147083;29.51519966125488;65.18988037109375;92.95210266113281;[1]
(cacf);1;147083;29.51519966125488;65.18988037109375;92.95210266113281;[1]
(cacf);1;147406;29.51519966125488;65.18988037109375;92.95210266113281;[1]
(cacf);1;147406;29.51519966125488;65.18988037109375;92.95210266113281;[1]
(cacf);1;147729;29.45279884338378;65.18988037109375;92.95210266113281;[1]
(cacf);1;147729;29.45279884338378;65.18988037109375;92.95210266113281;[1]
(cacf);1;148052;29.51519966125488;65.18988037109375;92.95210266113281;[1]
(cacf);1;148052;29.51519966125488;65.18988037109375;92.95210266113281;[1]
(cacf);1;148374;29.45279884338378;65.18988037109375;93.07917785644531;[1]
(cacf);1;148374;29.45279884338378;65.18988037109375;93.07917785644531;[1]
(cacf);1;148697;29.51519966125488;65.18988037109375;92.88856506347656;[1]
(cacf);1;148697;29.51519966125488;65.18988037109375;92.88856506347656;[1]
(cacf);1;149019;29.51519966125488;65.18988037109375;92.95210266113281;[1]
(cacf);1;149019;29.51519966125488;65.18988037109375;92.95210266113281;[1]
(cacf);1;149342;29.51519966125488;65.18988037109375;92.95210266113281;[1]
(cacf);1;149342;29.51519966125488;65.18988037109375;92.95210266113281;[1]
(cacf);1;149665;29.51519966125488;65.18988037109375;92.95210266113281;[1]
(cacf);1;149665;29.51519966125488;65.18988037109375;92.95210266113281;[1]
(cacf);1;149988;29.51519966125488;65.18988037109375;93.07917785644531;[1]
(cacf);1;149988;29.51519966125488;65.18988037109375;93.07917785644531;[1]
(cacf);1;150310;29.51519966125488;65.18988037109375;93.07917785644531;[1]
(cacf);1;150310;29.51519966125488;65.18988037109375;93.07917785644531;[1]
(cacf);1;150633;29.51519966125488;65.1669921875;92.95210266113281;[1]
(cacf);1;150633;29.51519966125488;65.1669921875;92.95210266113281;[1]
(cacf);1;150955;29.57759857177734;65.1669921875;92.95210266113281;[1]
(cacf);1;150955;29.57759857177734;65.1669921875;92.95210266113281;[1]
(cacf);1;151278;29.51519966125488;65.1669921875;92.95210266113281;[1]
(cacf);1;151278;29.51519966125488;65.1669921875;92.95210266113281;[1]
(cacf);1;151596;29.51519966125488;65.1669921875;93.07917785644531;[1]
(cacf);1;151596;29.51519966125488;65.1669921875;93.07917785644531;[1]
(cacf);1;151918;29.51519966125488;65.1669921875;92.95210266113281;[1]
(cacf);1;151918;29.51519966125488;65.1669921875;92.95210266113281;[1]
(cacf);1;152235;29.57759857177734;65.1669921875;92.95210266113281;[1]
(cacf);1;152235;29.57759857177734;65.1669921875;92.95210266113281;[1]
(cacf);1;152558;29.57759857177734;65.1669921875;92.95210266113281;[1]
(cacf);1;152558;29.57759857177734;65.1669921875;92.95210266113281;[1]
(cacf);1;152876;29.51519966125488;65.1669921875;93.01564025878906;[1]
(cacf);1;152876;29.51519966125488;65.1669921875;93.01564025878906;[1]
(cacf);1;153197;29.51519966125488;65.1669921875;93.07917785644531;[1]
(cacf);1;153197;29.51519966125488;65.1669921875;93.07917785644531;[1]
(cacf);1;153514;29.51519966125488;65.1669921875;92.95210266113281;[1]
(cacf);1;153514;29.51519966125488;65.1669921875;92.95210266113281;[1]
(cacf);1;153837;29.51519966125488;65.1669921875;92.95210266113281;[1]
(cacf);1;153837;29.51519966125488;65.1669921875;92.95210266113281;[1]
(cacf);1;154155;29.51519966125488;65.1669921875;93.07917785644531;[1]
(cacf);1;154155;29.51519966125488;65.1669921875;93.07917785644531;[1]
(cacf);1;154477;29.51519966125488;65.1669921875;92.95210266113281;[1]
(cacf);1;154477;29.51519966125488;65.1669921875;92.95210266113281;[1]
(cacf);1;154794;29.57759857177734;65.1669921875;93.07917785644531;[1]
(cacf);1;154794;29.57759857177734;65.1669921875;93.07917785644531;[1]
(cacf);1;155117;29.51519966125488;65.136474609375;92.95210266113281;[1]
(cacf);1;155117;29.51519966125488;65.136474609375;92.95210266113281;[1]
(cacf);1;155439;29.51519966125488;65.136474609375;92.88856506347656;[1]
(cacf);1;155439;29.51519966125488;65.136474609375;92.88856506347656;[1]
(cacf);1;155762;29.51519966125488;65.136474609375;92.95210266113281;[1]
(cacf);1;155762;29.51519966125488;65.136474609375;92.95210266113281;[1]
(cacf);1;156080;29.51519966125488;65.10595703125;92.95210266113281;[1]
(cacf);1;156080;29.51519966125488;65.10595703125;92.95210266113281;[1]
(cacf);1;156403;29.51519966125488;65.10595703125;93.01564025878906;[1]
(cacf);1;156403;29.51519966125488;65.10595703125;93.01564025878906;[1]
(cacf);1;156724;29.51519966125488;65.10595703125;92.88856506347656;[1]
(cacf);1;156724;29.51519966125488;65.10595703125;92.88856506347656;[1]
(cacf);1;157042;29.57759857177734;65.10595703125;92.95210266113281;[1]
(cacf);1;157042;29.57759857177734;65.10595703125;92.95210266113281;[1]
(cacf);1;157364;29.51519966125488;65.10595703125;92.95210266113281;[1]
(cacf);1;157364;29.51519966125488;65.10595703125;92.95210266113281;[1]
(cacf);1;157687;29.51519966125488;65.10595703125;92.95210266113281;[1]
(cacf);1;157687;29.51519966125488;65.10595703125;92.95210266113281;[1]
(cacf);1;158005;29.57759857177734;65.10595703125;93.01564025878906;[1]
(cacf);1;158005;29.57759857177734;65.10595703125;93.01564025878906;[1]
(cacf);1;158326;29.51519966125488;65.075439453125;92.82502746582031;[1]
(cacf);1;158326;29.51519966125488;65.075439453125;92.82502746582031;[1]
(cacf);1;158649;29.51519966125488;65.075439453125;92.95210266113281;[1]
(cacf);1;158649;29.51519966125488;65.075439453125;92.95210266113281;[1]
(cacf);1;158972;29.57759857177734;65.075439453125;92.95210266113281;[1]
(cacf);1;158972;29.57759857177734;65.075439453125;92.95210266113281;[1]
(cacf);1;159294;29.51519966125488;65.075439453125;93.07917785644531;[1]
(cacf);1;159294;29.51519966125488;65.075439453125;93.07917785644531;[1]
(cacf);1;159615;29.57759857177734;65.075439453125;92.95210266113281;[1]
(cacf);1;159615;29.57759857177734;65.075439453125;92.95210266113281;[1]
(cacf);1;159938;29.57759857177734;65.075439453125;92.95210266113281;[1]
(cacf);1;159938;29.57759857177734;65.075439453125;92.95210266113281;[1]
(cacf);1;160261;29.57759857177734;65.075439453125;92.95210266113281;[1]
(cacf);1;160261;29.57759857177734;65.075439453125;92.95210266113281;[1]
(cacf);1;160583;29.57759857177734;65.075439453125;92.95210266113281;[1]
(cacf);1;160583;29.57759857177734;65.075439453125;92.95210266113281;[1]
(cacf);1;160906;29.57759857177734;65.014404296875;93.07917785644531;[1]
(cacf);1;160906;29.57759857177734;65.014404296875;93.07917785644531;[1]
(cacf);1;161223;29.51519966125488;65.014404296875;93.07917785644531;[1]
(cacf);1;161223;29.51519966125488;65.014404296875;93.07917785644531;[1]
(cacf);1;161541;29.51519966125488;65.014404296875;93.07917785644531;[1]
(cacf);1;161541;29.51519966125488;65.014404296875;93.07917785644531;[1]
(cacf);1;161863;29.51519966125488;65.014404296875;93.07917785644531;[1]
(cacf);1;161863;29.51519966125488;65.014404296875;93.07917785644531;[1]
(cacf);1;162180;29.57759857177734;65.014404296875;92.76148986816406;[1]
(cacf);1;162180;29.57759857177734;65.014404296875;92.76148986816406;[1]
(cacf);1;162498;29.57759857177734;65.014404296875;93.07917785644531;[1]
(cacf);1;162498;29.57759857177734;65.014404296875;93.07917785644531;[1]
(cacf);1;162815;29.57759857177734;65.014404296875;92.95210266113281;[1]
(cacf);1;162815;29.57759857177734;65.014404296875;92.95210266113281;[1]
(cacf);1;163133;29.57759857177734;65.014404296875;93.07917785644531;[1]
(cacf);1;163133;29.57759857177734;65.014404296875;93.07917785644531;[1]
(cacf);1;163450;29.57759857177734;65.014404296875;93.07917785644531;[1]
(cacf);1;163450;29.57759857177734;65.014404296875;93.07917785644531;[1]
(cacf);1;163768;29.57759857177734;65.014404296875;93.07917785644531;[1]
(cacf);1;163768;29.57759857177734;65.014404296875;93.07917785644531;[1]
(cacf);1;164090;29.51519966125488;65.014404296875;93.07917785644531;[1]
(cacf);1;164090;29.51519966125488;65.014404296875;93.07917785644531;[1]
(cacf);1;164412;29.57759857177734;65.014404296875;93.07917785644531;[1]
(cacf);1;164412;29.57759857177734;65.014404296875;93.07917785644531;[1]
(cacf);1;164729;29.57759857177734;65.014404296875;93.07917785644531;[1]
(cacf);1;164729;29.57759857177734;65.014404296875;93.07917785644531;[1]
(cacf);1;165047;29.57759857177734;65.014404296875;93.01564025878906;[1]
(cacf);1;165047;29.57759857177734;65.014404296875;93.01564025878906;[1]
(aaaf);1;159875;31.57439994812011;63.57244873046875;92.95210266113281;[1]
(cacf);1;165368;29.51519966125488;65.014404296875;92.95210266113281;[1]
(aaaf);1;160197;31.57439994812011;63.57244873046875;92.88856506347656;[1]
(cacf);1;165686;29.57759857177734;65.014404296875;92.95210266113281;[1]
(cacf);1;165686;29.57759857177734;65.014404296875;92.95210266113281;[1]
(aaaf);1;160518;31.63679885864257;63.57244873046875;92.88856506347656;[1]
(cacf);1;166004;29.57759857177734;65.014404296875;92.95210266113281;[1]
(aaaf);1;160839;31.57439994812011;63.54193115234375;92.88856506347656;[1]
(cacf);1;166322;29.57759857177734;65.014404296875;92.95210266113281;[1]
(cacf);1;166322;29.57759857177734;65.014404296875;92.95210266113281;[1]
(aaaf);1;161160;31.57439994812011;63.54193115234375;92.88856506347656;[1]
(cacf);1;166644;29.57759857177734;65.014404296875;92.95210266113281;[1]
(aaaf);1;161481;31.57439994812011;63.54193115234375;92.82502746582031;[1]
(cacf);1;166962;29.57759857177734;64.98388671875;92.95210266113281;[1]
(cacf);1;166962;29.57759857177734;64.98388671875;92.95210266113281;[1]
(aaaf);1;161802;31.57439994812011;63.51141357421875;92.95210266113281;[1]
(cacf);1;167285;29.57759857177734;64.98388671875;92.95210266113281;[1]
(aaaf);1;162123;31.57439994812011;63.51141357421875;92.95210266113281;[1]
(cacf);1;167608;29.57759857177734;64.98388671875;92.95210266113281;[1]
(cacf);1;167608;29.57759857177734;64.98388671875;92.95210266113281;[1]
(aaaf);1;162444;31.57439994812011;63.51141357421875;92.82502746582031;[1]
(cacf);1;167930;29.57759857177734;64.98388671875;93.07917785644531;[1]
(aaaf);1;162765;31.63679885864257;63.51141357421875;93.01564025878906;[1]
(cacf);1;168252;29.57759857177734;64.98388671875;92.95210266113281;[1]
(cacf);1;168252;29.57759857177734;64.98388671875;92.95210266113281;[1]
(aaaf);1;163085;31.63679885864257;63.51141357421875;92.82502746582031;[1]
(cacf);1;168575;29.57759857177734;64.98388671875;92.95210266113281;[1]
(aaaf);1;163407;31.57439994812011;63.51141357421875;92.88856506347656;[1]
(cacf);1;168898;29.57759857177734;64.98388671875;92.88856506347656;[1]
(cacf);1;168898;29.57759857177734;64.98388671875;92.88856506347656;[1]
(cacf);1;169220;29.63999938964843;64.98388671875;93.07917785644531;[1]
(cacf);1;169220;29.63999938964843;64.98388671875;93.07917785644531;[1]
(cacf);1;169542;29.57759857177734;64.98388671875;92.82502746582031;[1]
(cacf);1;169542;29.57759857177734;64.98388671875;92.82502746582031;[1]
(aaaf);1;164369;31.57439994812011;63.51141357421875;92.82502746582031;[1]
(cacf);1;169865;29.57759857177734;64.953369140625;92.82502746582031;[1]
(aaaf);1;164690;31.63679885864257;63.51141357421875;92.88856506347656;[1]
(cacf);1;170182;29.57759857177734;64.953369140625;93.01564025878906;[1]
(cacf);1;170182;29.57759857177734;64.953369140625;93.01564025878906;[1]
(cacf);1;170504;29.57759857177734;64.953369140625;92.95210266113281;[1]
(cacf);1;170504;29.57759857177734;64.953369140625;92.95210266113281;[1]
(cacf);1;170827;29.57759857177734;64.953369140625;92.95210266113281;[1]
(cacf);1;170827;29.57759857177734;64.953369140625;92.95210266113281;[1]
(aaaf);1;165653;31.69919967651367;63.48089599609375;92.82502746582031;[1]
(cacf);1;171150;29.57759857177734;64.953369140625;92.95210266113281;[1]
(aaaf);1;165974;31.63679885864257;63.48089599609375;92.82502746582031;[1]
(cacf);1;171472;29.57759857177734;64.953369140625;92.95210266113281;[1]
(cacf);1;171472;29.57759857177734;64.953369140625;92.95210266113281;[1]
(cacf);1;171795;29.63999938964843;64.953369140625;92.95210266113281;[1]
(cacf);1;171795;29.63999938964843;64.953369140625;92.95210266113281;[1]
(cacf);1;172118;29.57759857177734;64.953369140625;92.95210266113281;[1]
(cacf);1;172118;29.57759857177734;64.953369140625;92.95210266113281;[1]
(cacf);1;172441;29.57759857177734;64.953369140625;92.82502746582031;[1]
(cacf);1;172441;29.57759857177734;64.953369140625;92.82502746582031;[1]
(cacf);1;172763;29.57759857177734;64.953369140625;92.95210266113281;[1]
(cacf);1;172763;29.57759857177734;64.953369140625;92.95210266113281;[1]
(cacf);1;173086;29.57759857177734;64.953369140625;92.95210266113281;[1]
(cacf);1;173086;29.57759857177734;64.953369140625;92.95210266113281;[1]
(cacf);1;173404;29.57759857177734;64.93048095703125;92.95210266113281;[1]
(cacf);1;173404;29.57759857177734;64.93048095703125;92.95210266113281;[1]
(cacf);1;173727;29.57759857177734;64.93048095703125;92.95210266113281;[1]
(cacf);1;173727;29.57759857177734;64.93048095703125;92.95210266113281;[1]
(cacf);1;174050;29.57759857177734;64.93048095703125;92.95210266113281;[1]
(cacf);1;174050;29.57759857177734;64.93048095703125;92.95210266113281;[1]
(cacf);1;174372;29.57759857177734;64.93048095703125;92.95210266113281;[1]
(cacf);1;174372;29.57759857177734;64.93048095703125;92.95210266113281;[1]
(cacf);1;174695;29.57759857177734;64.93048095703125;93.07917785644531;[1]
(cacf);1;174695;29.57759857177734;64.93048095703125;93.07917785644531;[1]
(cacf);1;175018;29.57759857177734;64.93048095703125;92.88856506347656;[1]
(cacf);1;175018;29.57759857177734;64.93048095703125;92.88856506347656;[1]
(cacf);1;175341;29.57759857177734;64.93048095703125;92.95210266113281;[1]
(cacf);1;175341;29.57759857177734;64.93048095703125;92.95210266113281;[1]
(cacf);1;175663;29.57759857177734;64.93048095703125;92.95210266113281;[1]
(cacf);1;175663;29.57759857177734;64.93048095703125;92.95210266113281;[1]
(cacf);1;175986;29.57759857177734;64.93048095703125;92.95210266113281;[1]
(cacf);1;175986;29.57759857177734;64.93048095703125;92.95210266113281;[1]
(cacf);1;176309;29.57759857177734;64.93048095703125;92.95210266113281;[1]
(cacf);1;176309;29.57759857177734;64.93048095703125;92.95210266113281;[1]
(cacf);1;176632;29.57759857177734;64.93048095703125;93.07917785644531;[1]
(cacf);1;176632;29.57759857177734;64.93048095703125;93.07917785644531;[1]
(cacf);1;176954;29.57759857177734;64.93048095703125;92.95210266113281;[1]
(cacf);1;176954;29.57759857177734;64.93048095703125;92.95210266113281;[1]
(cacf);1;177277;29.63999938964843;64.93048095703125;92.88856506347656;[1]
(cacf);1;177277;29.63999938964843;64.93048095703125;92.88856506347656;[1]
(cacf);1;177600;29.63999938964843;64.93048095703125;92.95210266113281;[1]
(cacf);1;177600;29.63999938964843;64.93048095703125;92.95210266113281;[1]
(cacf);1;177923;29.63999938964843;64.93048095703125;92.95210266113281;[1]
(cacf);1;177923;29.63999938964843;64.93048095703125;92.95210266113281;[1]
(cacf);1;178246;29.63999938964843;64.89996337890625;92.95210266113281;[1]
(cacf);1;178246;29.63999938964843;64.89996337890625;92.95210266113281;[1]
(cacf);1;178568;29.57759857177734;64.89996337890625;92.95210266113281;[1]
(cacf);1;178568;29.57759857177734;64.89996337890625;92.95210266113281;[1]
(cacf);1;178891;29.63999938964843;64.89996337890625;92.95210266113281;[1]
(cacf);1;178891;29.63999938964843;64.89996337890625;92.95210266113281;[1]
(cacf);1;179214;29.57759857177734;64.89996337890625;93.07917785644531;[1]
(cacf);1;179214;29.57759857177734;64.89996337890625;93.07917785644531;[1]
(cacf);1;179535;29.63999938964843;64.89996337890625;93.01564025878906;[1]
(cacf);1;179535;29.63999938964843;64.89996337890625;93.01564025878906;[1]
(cacf);1;179857;29.63999938964843;64.89996337890625;93.01564025878906;[1]
(cacf);1;179857;29.63999938964843;64.89996337890625;93.01564025878906;[1]
(cacf);1;180177;29.63999938964843;64.89996337890625;93.01564025878906;[1]
(cacf);1;180177;29.63999938964843;64.89996337890625;93.01564025878906;[1]
(cacf);1;180495;29.63999938964843;64.89996337890625;92.95210266113281;[1]
(cacf);1;180495;29.63999938964843;64.89996337890625;92.95210266113281;[1]
(cacf);1;180818;29.63999938964843;64.89996337890625;92.82502746582031;[1]
(cacf);1;180818;29.63999938964843;64.89996337890625;92.82502746582031;[1]
(cacf);1;181141;29.63999938964843;64.89996337890625;93.01564025878906;[1]
(cacf);1;181141;29.63999938964843;64.89996337890625;93.01564025878906;[1]
(cacf);1;181463;29.57759857177734;64.89996337890625;92.95210266113281;[1]
(cacf);1;181463;29.57759857177734;64.89996337890625;92.95210266113281;[1]
(cacf);1;181786;29.63999938964843;64.89996337890625;93.07917785644531;[1]
(cacf);1;181786;29.63999938964843;64.89996337890625;93.07917785644531;[1]
(cacf);1;182108;29.63999938964843;64.89996337890625;92.82502746582031;[1]
(cacf);1;182108;29.63999938964843;64.89996337890625;92.82502746582031;[1]
(cacf);1;182431;29.63999938964843;64.89996337890625;93.14271545410156;[1]
(cacf);1;182431;29.63999938964843;64.89996337890625;93.14271545410156;[1]
(cacf);1;182753;29.63999938964843;64.89996337890625;92.95210266113281;[1]
(cacf);1;182753;29.63999938964843;64.89996337890625;92.95210266113281;[1]
(cacf);1;183076;29.63999938964843;64.89996337890625;93.07917785644531;[1]
(cacf);1;183076;29.63999938964843;64.89996337890625;93.07917785644531;[1]
(cacf);1;183398;29.57759857177734;64.89996337890625;92.95210266113281;[1]
(cacf);1;183398;29.57759857177734;64.89996337890625;92.95210266113281;[1]
(cacf);1;183721;29.63999938964843;64.86944580078125;93.07917785644531;[1]
(cacf);1;183721;29.63999938964843;64.86944580078125;93.07917785644531;[1]
(cacf);1;184042;29.63999938964843;64.86944580078125;92.95210266113281;[1]
(cacf);1;184042;29.63999938964843;64.86944580078125;92.95210266113281;[1]
(cacf);1;184365;29.63999938964843;64.86944580078125;92.95210266113281;[1]
(cacf);1;184365;29.63999938964843;64.86944580078125;92.95210266113281;[1]
(cacf);1;184686;29.63999938964843;64.86944580078125;93.07917785644531;[1]
(cacf);1;184686;29.63999938964843;64.86944580078125;93.07917785644531;[1]
(cacf);1;185009;29.63999938964843;64.86944580078125;92.82502746582031;[1]
(cacf);1;185009;29.63999938964843;64.86944580078125;92.82502746582031;[1]
(cacf);1;185331;29.57759857177734;64.86944580078125;92.95210266113281;[1]
(cacf);1;185331;29.57759857177734;64.86944580078125;92.95210266113281;[1]
(cacf);1;185654;29.63999938964843;64.86944580078125;92.82502746582031;[1]
(cacf);1;185654;29.63999938964843;64.86944580078125;92.82502746582031;[1]
(cacf);1;185977;29.63999938964843;64.86944580078125;93.07917785644531;[1]
(cacf);1;185977;29.63999938964843;64.86944580078125;93.07917785644531;[1]
(cacf);1;186299;29.63999938964843;64.86944580078125;92.95210266113281;[1]
(cacf);1;186299;29.63999938964843;64.86944580078125;92.95210266113281;[1]
(cacf);1;186622;29.63999938964843;64.86944580078125;92.95210266113281;[1]
(cacf);1;186622;29.63999938964843;64.86944580078125;92.95210266113281;[1]
(cacf);1;186945;29.63999938964843;64.86944580078125;92.95210266113281;[1]
(cacf);1;186945;29.63999938964843;64.86944580078125;92.95210266113281;[1]
(cacf);1;187268;29.63999938964843;64.86944580078125;92.95210266113281;[1]
(cacf);1;187268;29.63999938964843;64.86944580078125;92.95210266113281;[1]
(cacf);1;187591;29.63999938964843;64.86944580078125;92.95210266113281;[1]
(cacf);1;187591;29.63999938964843;64.86944580078125;92.95210266113281;[1]
(cacf);1;187914;29.63999938964843;64.86944580078125;93.07917785644531;[1]
(cacf);1;187914;29.63999938964843;64.86944580078125;93.07917785644531;[1]
(cacf);1;188236;29.57759857177734;64.86944580078125;93.07917785644531;[1]
(cacf);1;188236;29.57759857177734;64.86944580078125;93.07917785644531;[1]
(cacf);1;188558;29.63999938964843;64.86944580078125;92.95210266113281;[1]
(cacf);1;188558;29.63999938964843;64.86944580078125;92.95210266113281;[1]
(cacf);1;188881;29.63999938964843;64.86944580078125;92.88856506347656;[1]
(cacf);1;188881;29.63999938964843;64.86944580078125;92.88856506347656;[1]
(cacf);1;189204;29.63999938964843;64.86944580078125;93.01564025878906;[1]
(cacf);1;189204;29.63999938964843;64.86944580078125;93.01564025878906;[1]
(cacf);1;189526;29.63999938964843;64.86944580078125;92.95210266113281;[1]
(cacf);1;189526;29.63999938964843;64.86944580078125;92.95210266113281;[1]
(cacf);1;189849;29.63999938964843;64.86944580078125;93.07917785644531;[1]
(cacf);1;189849;29.63999938964843;64.86944580078125;93.07917785644531;[1]
(cacf);1;190171;29.63999938964843;64.83892822265625;93.07917785644531;[1]
(cacf);1;190171;29.63999938964843;64.83892822265625;93.07917785644531;[1]
(cacf);1;190494;29.63999938964843;64.83892822265625;92.95210266113281;[1]
(cacf);1;190494;29.63999938964843;64.83892822265625;92.95210266113281;[1]
(cacf);1;190816;29.63999938964843;64.83892822265625;92.95210266113281;[1]
(cacf);1;190816;29.63999938964843;64.83892822265625;92.95210266113281;[1]
(cacf);1;191139;29.63999938964843;64.83892822265625;92.95210266113281;[1]
(cacf);1;191139;29.63999938964843;64.83892822265625;92.95210266113281;[1]
(cacf);1;191462;29.7023983001709;64.83892822265625;92.82502746582031;[1]
(cacf);1;191462;29.7023983001709;64.83892822265625;92.82502746582031;[1]
(cacf);1;191785;29.63999938964843;64.83892822265625;93.07917785644531;[1]
(cacf);1;191785;29.63999938964843;64.83892822265625;93.07917785644531;[1]
(cacf);1;192107;29.7023983001709;64.83892822265625;93.01564025878906;[1]
(cacf);1;192107;29.7023983001709;64.83892822265625;93.01564025878906;[1]
(cacf);1;192429;29.63999938964843;64.83892822265625;92.95210266113281;[1]
(cacf);1;192429;29.63999938964843;64.83892822265625;92.95210266113281;[1]
(cacf);1;192752;29.7023983001709;64.83892822265625;93.01564025878906;[1]
(cacf);1;192752;29.7023983001709;64.83892822265625;93.01564025878906;[1]
(cacf);1;193074;29.63999938964843;64.83892822265625;93.01564025878906;[1]
(cacf);1;193074;29.63999938964843;64.83892822265625;93.01564025878906;[1]
(cacf);1;193395;29.7023983001709;64.83892822265625;93.14271545410156;[1]
(cacf);1;193395;29.7023983001709;64.83892822265625;93.14271545410156;[1]
(cacf);1;193718;29.63999938964843;64.80841064453125;92.95210266113281;[1]
(cacf);1;193718;29.63999938964843;64.80841064453125;92.95210266113281;[1]
(cacf);1;194040;29.63999938964843;64.80841064453125;92.95210266113281;[1]
(cacf);1;194040;29.63999938964843;64.80841064453125;92.95210266113281;[1]
(cacf);1;194363;29.63999938964843;64.80841064453125;93.01564025878906;[1]
(cacf);1;194363;29.63999938964843;64.80841064453125;93.01564025878906;[1]
(cacf);1;194685;29.63999938964843;64.80841064453125;92.95210266113281;[1]
(cacf);1;194685;29.63999938964843;64.80841064453125;92.95210266113281;[1]
(cacf);1;195008;29.63999938964843;64.80841064453125;92.95210266113281;[1]
(cacf);1;195008;29.63999938964843;64.80841064453125;92.95210266113281;[1]
(cacf);1;195331;29.63999938964843;64.80841064453125;92.95210266113281;[1]
(cacf);1;195331;29.63999938964843;64.80841064453125;92.95210266113281;[1]
(cacf);1;195654;29.63999938964843;64.80841064453125;93.14271545410156;[1]
(cacf);1;195654;29.63999938964843;64.80841064453125;93.14271545410156;[1]
(cacf);1;195976;29.7023983001709;64.77789306640625;92.88856506347656;[1]
(cacf);1;195976;29.7023983001709;64.77789306640625;92.88856506347656;[1]
(cacf);1;196299;29.7023983001709;64.77789306640625;93.14271545410156;[1]
(cacf);1;196299;29.7023983001709;64.77789306640625;93.14271545410156;[1]
(cacf);1;196621;29.63999938964843;64.77789306640625;92.95210266113281;[1]
(cacf);1;196621;29.63999938964843;64.77789306640625;92.95210266113281;[1]
(cacf);1;196943;29.7023983001709;64.77789306640625;92.95210266113281;[1]
(cacf);1;196943;29.7023983001709;64.77789306640625;92.95210266113281;[1]
(cacf);1;197266;29.7023983001709;64.77789306640625;92.95210266113281;[1]
(cacf);1;197266;29.7023983001709;64.77789306640625;92.95210266113281;[1]
(cacf);1;197589;29.63999938964843;64.77789306640625;92.95210266113281;[1]
(cacf);1;197589;29.63999938964843;64.77789306640625;92.95210266113281;[1]
(cacf);1;197912;29.63999938964843;64.77789306640625;92.95210266113281;[1]
(cacf);1;197912;29.63999938964843;64.77789306640625;92.95210266113281;[1]
(cacf);1;198234;29.63999938964843;64.74737548828125;92.95210266113281;[1]
(cacf);1;198234;29.63999938964843;64.74737548828125;92.95210266113281;[1]
(cacf);1;198556;29.63999938964843;64.7855224609375;92.95210266113281;[1]
(cacf);1;198556;29.63999938964843;64.7855224609375;92.95210266113281;[1]
(cacf);1;198878;29.7023983001709;64.7855224609375;92.95210266113281;[1]
(cacf);1;198878;29.7023983001709;64.7855224609375;92.95210266113281;[1]
(cacf);1;199199;29.7023983001709;64.74737548828125;92.95210266113281;[1]
(cacf);1;199199;29.7023983001709;64.74737548828125;92.95210266113281;[1]
(cacf);1;199522;29.7023983001709;64.74737548828125;92.95210266113281;[1]
(cacf);1;199522;29.7023983001709;64.74737548828125;92.95210266113281;[1]
(cacf);1;199845;29.7023983001709;64.7855224609375;93.01564025878906;[1]
(cacf);1;199845;29.7023983001709;64.7855224609375;93.01564025878906;[1]
(cacf);1;200167;29.7023983001709;64.7855224609375;93.14271545410156;[1]
(cacf);1;200167;29.7023983001709;64.7855224609375;93.14271545410156;[1]
(cacf);1;200489;29.63999938964843;64.7855224609375;93.01564025878906;[1]
(cacf);1;200489;29.63999938964843;64.7855224609375;93.01564025878906;[1]
(cacf);1;200809;29.63999938964843;64.7550048828125;92.95210266113281;[1]
(cacf);1;200809;29.63999938964843;64.7550048828125;92.95210266113281;[1]
(cacf);1;201132;29.7023983001709;64.7550048828125;92.95210266113281;[1]
(cacf);1;201132;29.7023983001709;64.7550048828125;92.95210266113281;[1]
(cacf);1;201455;29.7023983001709;64.7550048828125;92.95210266113281;[1]
(cacf);1;201455;29.7023983001709;64.7550048828125;92.95210266113281;[1]
(cacf);1;201777;29.63999938964843;64.7550048828125;93.01564025878906;[1]
(cacf);1;201777;29.63999938964843;64.7550048828125;93.01564025878906;[1]
(cacf);1;202099;29.7023983001709;64.7550048828125;93.07917785644531;[1]
(cacf);1;202099;29.7023983001709;64.7550048828125;93.07917785644531;[1]
(cacf);1;202421;29.7023983001709;64.7550048828125;93.01564025878906;[1]
(cacf);1;202421;29.7023983001709;64.7550048828125;93.01564025878906;[1]
(cacf);1;202743;29.7023983001709;64.7550048828125;92.95210266113281;[1]
(cacf);1;202743;29.7023983001709;64.7550048828125;92.95210266113281;[1]
(cacf);1;203066;29.7023983001709;64.7550048828125;92.95210266113281;[1]
(cacf);1;203066;29.7023983001709;64.7550048828125;92.95210266113281;[1]
(cacf);1;203389;29.7023983001709;64.7550048828125;93.07917785644531;[1]
(cacf);1;203389;29.7023983001709;64.7550048828125;93.07917785644531;[1]
(cacf);1;203711;29.7023983001709;64.7550048828125;93.07917785644531;[1]
(cacf);1;203711;29.7023983001709;64.7550048828125;93.07917785644531;[1]
(cacf);1;204034;29.7023983001709;64.7550048828125;92.95210266113281;[1]
(cacf);1;204034;29.7023983001709;64.7550048828125;92.95210266113281;[1]
(cacf);1;204356;29.7023983001709;64.7550048828125;92.82502746582031;[1]
(cacf);1;204356;29.7023983001709;64.7550048828125;92.82502746582031;[1]
(cacf);1;204679;29.7023983001709;64.7550048828125;93.01564025878906;[1]
(cacf);1;204679;29.7023983001709;64.7550048828125;93.01564025878906;[1]
(cacf);1;205001;29.7023983001709;64.6939697265625;92.95210266113281;[1]
(cacf);1;205001;29.7023983001709;64.6939697265625;92.95210266113281;[1]
(cacf);1;205323;29.7023983001709;64.6939697265625;93.07917785644531;[1]
(cacf);1;205323;29.7023983001709;64.6939697265625;93.07917785644531;[1]
(cacf);1;205646;29.7023983001709;64.6939697265625;93.01564025878906;[1]
(cacf);1;205646;29.7023983001709;64.6939697265625;93.01564025878906;[1]
(cacf);1;205967;29.63999938964843;64.6939697265625;93.01564025878906;[1]
(cacf);1;205967;29.63999938964843;64.6939697265625;93.01564025878906;[1]
(cacf);1;206289;29.7023983001709;64.6939697265625;93.01564025878906;[1]
(cacf);1;206289;29.7023983001709;64.6939697265625;93.01564025878906;[1]
(cacf);1;206611;29.7023983001709;64.6939697265625;93.01564025878906;[1]
(cacf);1;206611;29.7023983001709;64.6939697265625;93.01564025878906;[1]
(cacf);1;206933;29.7023983001709;64.6939697265625;92.95210266113281;[1]
(cacf);1;206933;29.7023983001709;64.6939697265625;92.95210266113281;[1]
(cacf);1;207255;29.7023983001709;64.6939697265625;92.95210266113281;[1]
(cacf);1;207255;29.7023983001709;64.6939697265625;92.95210266113281;[1]
(cacf);1;207578;29.7023983001709;64.6634521484375;93.01564025878906;[1]
(cacf);1;207578;29.7023983001709;64.6634521484375;93.01564025878906;[1]
(cacf);1;207900;29.7023983001709;64.6634521484375;92.95210266113281;[1]
(cacf);1;207900;29.7023983001709;64.6634521484375;92.95210266113281;[1]
(cacf);1;208223;29.63999938964843;64.6634521484375;93.01564025878906;[1]
(cacf);1;208223;29.63999938964843;64.6634521484375;93.01564025878906;[1]
(cacf);1;208544;29.764799118042;64.6634521484375;92.82502746582031;[1]
(cacf);1;208544;29.764799118042;64.6634521484375;92.82502746582031;[1]
(cacf);1;208867;29.7023983001709;64.6634521484375;92.95210266113281;[1]
(cacf);1;208867;29.7023983001709;64.6634521484375;92.95210266113281;[1]
(cacf);1;209189;29.7023983001709;64.6634521484375;92.95210266113281;[1]
(cacf);1;209189;29.7023983001709;64.6634521484375;92.95210266113281;[1]
(cacf);1;209512;29.7023983001709;64.6634521484375;92.95210266113281;[1]
(cacf);1;209512;29.7023983001709;64.6634521484375;92.95210266113281;[1]
(cacf);1;209835;29.7023983001709;64.6634521484375;93.01564025878906;[1]
(cacf);1;209835;29.7023983001709;64.6634521484375;93.01564025878906;[1]
(cacf);1;210157;29.7023983001709;64.6634521484375;92.95210266113281;[1]
(cacf);1;210157;29.7023983001709;64.6634521484375;92.95210266113281;[1]
(cacf);1;210479;29.7023983001709;64.6634521484375;92.95210266113281;[1]
(cacf);1;210479;29.7023983001709;64.6634521484375;92.95210266113281;[1]
(cacf);1;210802;29.7023983001709;64.6634521484375;92.95210266113281;[1]
(cacf);1;210802;29.7023983001709;64.6634521484375;92.95210266113281;[1]
(cacf);1;211125;29.7023983001709;64.6634521484375;93.01564025878906;[1]
(cacf);1;211125;29.7023983001709;64.6634521484375;93.01564025878906;[1]
(cacf);1;211446;29.7023983001709;64.6634521484375;92.95210266113281;[1]
(cacf);1;211446;29.7023983001709;64.6634521484375;92.95210266113281;[1]
(cacf);1;211769;29.7023983001709;64.6329345703125;93.01564025878906;[1]
(cacf);1;211769;29.7023983001709;64.6329345703125;93.01564025878906;[1]
(cacf);1;212091;29.7023983001709;64.6634521484375;92.95210266113281;[1]
(cacf);1;212091;29.7023983001709;64.6634521484375;92.95210266113281;[1]
(cacf);1;212413;29.7023983001709;64.6329345703125;93.14271545410156;[1]
(cacf);1;212413;29.7023983001709;64.6329345703125;93.14271545410156;[1]
(cacf);1;212735;29.7023983001709;64.6329345703125;93.14271545410156;[1]
(cacf);1;212735;29.7023983001709;64.6329345703125;93.14271545410156;[1]
(cacf);1;213058;29.764799118042;64.6329345703125;92.95210266113281;[1]
(cacf);1;213058;29.764799118042;64.6329345703125;92.95210266113281;[1]
(cacf);1;213380;29.7023983001709;64.6329345703125;93.01564025878906;[1]
(cacf);1;213380;29.7023983001709;64.6329345703125;93.01564025878906;[1]
(cacf);1;213702;29.7023983001709;64.6329345703125;92.95210266113281;[1]
(cacf);1;213702;29.7023983001709;64.6329345703125;92.95210266113281;[1]
(cacf);1;214024;29.7023983001709;64.6329345703125;92.82502746582031;[1]
(cacf);1;214024;29.7023983001709;64.6329345703125;92.82502746582031;[1]
(cacf);1;214347;29.764799118042;64.6329345703125;93.01564025878906;[1]
(cacf);1;214347;29.764799118042;64.6329345703125;93.01564025878906;[1]
(cacf);1;214669;29.7023983001709;64.6329345703125;93.01564025878906;[1]
(cacf);1;214669;29.7023983001709;64.6329345703125;93.01564025878906;[1]
(cacf);1;214990;29.7023983001709;64.6024169921875;93.01564025878906;[1]
(cacf);1;214990;29.7023983001709;64.6024169921875;93.01564025878906;[1]
(cacf);1;215312;29.764799118042;64.6329345703125;92.82502746582031;[1]
(cacf);1;215312;29.764799118042;64.6329345703125;92.82502746582031;[1]
(cacf);1;215635;29.764799118042;64.6024169921875;92.82502746582031;[1]
(cacf);1;215635;29.764799118042;64.6024169921875;92.82502746582031;[1]
(cacf);1;215957;29.7023983001709;64.6024169921875;92.95210266113281;[1]
(cacf);1;215957;29.7023983001709;64.6024169921875;92.95210266113281;[1]
(cacf);1;216280;29.7023983001709;64.6024169921875;93.01564025878906;[1]
(cacf);1;216280;29.7023983001709;64.6024169921875;93.01564025878906;[1]
(cacf);1;216601;29.7023983001709;64.6024169921875;92.82502746582031;[1]
(cacf);1;216601;29.7023983001709;64.6024169921875;92.82502746582031;[1]
(cacf);1;216924;29.7023983001709;64.6024169921875;93.01564025878906;[1]
(cacf);1;216924;29.7023983001709;64.6024169921875;93.01564025878906;[1]
(cacf);1;217246;29.764799118042;64.6024169921875;93.01564025878906;[1]
(cacf);1;217246;29.764799118042;64.6024169921875;93.01564025878906;[1]
(cacf);1;217567;29.7023983001709;64.6024169921875;92.88856506347656;[1]
(cacf);1;217567;29.7023983001709;64.6024169921875;92.88856506347656;[1]
(cacf);1;217890;29.764799118042;64.6024169921875;92.95210266113281;[1]
(cacf);1;217890;29.764799118042;64.6024169921875;92.95210266113281;[1]
(cacf);1;218213;29.7023983001709;64.6024169921875;92.95210266113281;[1]
(cacf);1;218213;29.7023983001709;64.6024169921875;92.95210266113281;[1]
(cacf);1;218535;29.764799118042;64.6024169921875;93.07917785644531;[1]
(cacf);1;218535;29.764799118042;64.6024169921875;93.07917785644531;[1]
(cacf);1;218858;29.764799118042;64.6024169921875;93.01564025878906;[1]
(cacf);1;218858;29.764799118042;64.6024169921875;93.01564025878906;[1]
(cacf);1;219179;29.7023983001709;64.6024169921875;92.82502746582031;[1]
(cacf);1;219179;29.7023983001709;64.6024169921875;92.82502746582031;[1]
(cacf);1;219502;29.7023983001709;64.6024169921875;92.95210266113281;[1]
(cacf);1;219502;29.7023983001709;64.6024169921875;92.95210266113281;[1]
(cacf);1;219824;29.7023983001709;64.6024169921875;93.01564025878906;[1]
(cacf);1;219824;29.7023983001709;64.6024169921875;93.01564025878906;[1]
(cacf);1;220146;29.7023983001709;64.6024169921875;93.07917785644531;[1]
(cacf);1;220146;29.7023983001709;64.6024169921875;93.07917785644531;[1]
(cacf);1;220467;29.764799118042;64.6024169921875;93.07917785644531;[1]
(cacf);1;220467;29.764799118042;64.6024169921875;93.07917785644531;[1]
(cacf);1;220789;29.764799118042;64.6024169921875;92.82502746582031;[1]
(cacf);1;220789;29.764799118042;64.6024169921875;92.82502746582031;[1]
(cacf);1;221112;29.7023983001709;64.6024169921875;93.01564025878906;[1]
(cacf);1;221112;29.7023983001709;64.6024169921875;93.01564025878906;[1]
(cacf);1;221433;29.7023983001709;64.6024169921875;93.01564025878906;[1]
(cacf);1;221433;29.7023983001709;64.6024169921875;93.01564025878906;[1]
(cacf);1;221755;29.764799118042;64.5718994140625;93.01564025878906;[1]
(cacf);1;221755;29.764799118042;64.5718994140625;93.01564025878906;[1]
(cacf);1;222077;29.7023983001709;64.5718994140625;93.01564025878906;[1]
(cacf);1;222077;29.7023983001709;64.5718994140625;93.01564025878906;[1]
(cacf);1;222399;29.7023983001709;64.5718994140625;93.07917785644531;[1]
(cacf);1;222399;29.7023983001709;64.5718994140625;93.07917785644531;[1]
(cacf);1;222721;29.7023983001709;64.5718994140625;93.14271545410156;[1]
(cacf);1;222721;29.7023983001709;64.5718994140625;93.14271545410156;[1]
(cacf);1;223043;29.764799118042;64.5718994140625;93.07917785644531;[1]
(cacf);1;223043;29.764799118042;64.5718994140625;93.07917785644531;[1]
(cacf);1;223365;29.764799118042;64.5718994140625;92.95210266113281;[1]
(cacf);1;223365;29.764799118042;64.5718994140625;92.95210266113281;[1]
(cacf);1;223688;29.764799118042;64.5718994140625;93.07917785644531;[1]
(cacf);1;223688;29.764799118042;64.5718994140625;93.07917785644531;[1]
(cacf);1;224010;29.764799118042;64.5718994140625;93.07917785644531;[1]
(cacf);1;224010;29.764799118042;64.5718994140625;93.07917785644531;[1]
(cacf);1;224333;29.764799118042;64.5718994140625;93.01564025878906;[1]
(cacf);1;224333;29.764799118042;64.5718994140625;93.01564025878906;[1]
(cacf);1;224654;29.764799118042;64.5718994140625;93.14271545410156;[1]
(cacf);1;224654;29.764799118042;64.5718994140625;93.14271545410156;[1]
(cacf);1;224976;29.7023983001709;64.5718994140625;93.14271545410156;[1]
(cacf);1;224976;29.7023983001709;64.5718994140625;93.14271545410156;[1]
(cacf);1;225298;29.764799118042;64.5718994140625;93.01564025878906;[1]
(cacf);1;225298;29.764799118042;64.5718994140625;93.01564025878906;[1]
(cacf);1;225620;29.764799118042;64.5718994140625;93.01564025878906;[1]
(cacf);1;225620;29.764799118042;64.5718994140625;93.01564025878906;[1]
(cacf);1;225942;29.764799118042;64.5718994140625;93.07917785644531;[1]
(cacf);1;225942;29.764799118042;64.5718994140625;93.07917785644531;[1]
(cacf);1;226264;29.764799118042;64.5718994140625;93.07917785644531;[1]
(cacf);1;226264;29.764799118042;64.5718994140625;93.07917785644531;[1]
(cacf);1;226586;29.764799118042;64.5413818359375;93.01564025878906;[1]
(cacf);1;226586;29.764799118042;64.5413818359375;93.01564025878906;[1]
(cacf);1;226908;29.764799118042;64.5413818359375;93.01564025878906;[1]
(cacf);1;226908;29.764799118042;64.5413818359375;93.01564025878906;[1]
(cacf);1;227229;29.764799118042;64.5413818359375;93.14271545410156;[1]
(cacf);1;227229;29.764799118042;64.5413818359375;93.14271545410156;[1]
(cacf);1;227551;29.764799118042;64.5413818359375;93.01564025878906;[1]
(cacf);1;227551;29.764799118042;64.5413818359375;93.01564025878906;[1]
(cacf);1;227873;29.7023983001709;64.5413818359375;92.95210266113281;[1]
(cacf);1;227873;29.7023983001709;64.5413818359375;92.95210266113281;[1]
(cacf);1;228196;29.764799118042;64.5413818359375;93.01564025878906;[1]
(cacf);1;228196;29.764799118042;64.5413818359375;93.01564025878906;[1]
(cacf);1;228518;29.764799118042;64.5413818359375;93.14271545410156;[1]
(cacf);1;228518;29.764799118042;64.5413818359375;93.14271545410156;[1]
(cacf);1;228838;29.7023983001709;64.5413818359375;92.95210266113281;[1]
(cacf);1;228838;29.7023983001709;64.5413818359375;92.95210266113281;[1]
(cacf);1;229161;29.7023983001709;64.5413818359375;93.01564025878906;[1]
(cacf);1;229161;29.7023983001709;64.5413818359375;93.01564025878906;[1]
(cacf);1;229481;29.764799118042;64.5413818359375;93.14271545410156;[1]
(cacf);1;229481;29.764799118042;64.5413818359375;93.14271545410156;[1]
(cacf);1;229803;29.7023983001709;64.5413818359375;93.07917785644531;[1]
(cacf);1;229803;29.7023983001709;64.5413818359375;93.07917785644531;[1]
(cacf);1;230125;29.764799118042;64.5413818359375;93.07917785644531;[1]
(cacf);1;230125;29.764799118042;64.5413818359375;93.07917785644531;[1]
(cacf);1;230448;29.764799118042;64.5413818359375;93.01564025878906;[1]
(cacf);1;230448;29.764799118042;64.5413818359375;93.01564025878906;[1]
(cacf);1;230769;29.7023983001709;64.5413818359375;93.14271545410156;[1]
(cacf);1;230769;29.7023983001709;64.5413818359375;93.14271545410156;[1]
(cacf);1;231091;29.764799118042;64.5108642578125;93.01564025878906;[1]
(cacf);1;231091;29.764799118042;64.5108642578125;93.01564025878906;[1]
(cacf);1;231413;29.764799118042;64.5108642578125;92.95210266113281;[1]
(cacf);1;231413;29.764799118042;64.5108642578125;92.95210266113281;[1]
(cacf);1;231736;29.764799118042;64.5108642578125;93.01564025878906;[1]
(cacf);1;231736;29.764799118042;64.5108642578125;93.01564025878906;[1]
(cacf);1;232057;29.764799118042;64.5108642578125;93.01564025878906;[1]
(cacf);1;232057;29.764799118042;64.5108642578125;93.01564025878906;[1]
(cacf);1;232379;29.764799118042;64.5108642578125;93.01564025878906;[1]
(cacf);1;232379;29.764799118042;64.5108642578125;93.01564025878906;[1]
(cacf);1;232701;29.764799118042;64.5108642578125;92.95210266113281;[1]
(cacf);1;232701;29.764799118042;64.5108642578125;92.95210266113281;[1]
(cacf);1;233023;29.764799118042;64.5108642578125;92.95210266113281;[1]
(cacf);1;233023;29.764799118042;64.5108642578125;92.95210266113281;[1]
(cacf);1;233346;29.764799118042;64.5108642578125;92.95210266113281;[1]
(cacf);1;233346;29.764799118042;64.5108642578125;92.95210266113281;[1]
(cacf);1;233669;29.764799118042;64.5108642578125;93.01564025878906;[1]
(cacf);1;233669;29.764799118042;64.5108642578125;93.01564025878906;[1]
(cacf);1;233990;29.764799118042;64.5108642578125;92.95210266113281;[1]
(cacf);1;233990;29.764799118042;64.5108642578125;92.95210266113281;[1]
(cacf);1;234313;29.764799118042;64.5108642578125;93.01564025878906;[1]
(cacf);1;234313;29.764799118042;64.5108642578125;93.01564025878906;[1]
(cacf);1;234635;29.764799118042;64.5108642578125;93.07917785644531;[1]
(cacf);1;234635;29.764799118042;64.5108642578125;93.07917785644531;[1]
(cacf);1;234957;29.764799118042;64.5108642578125;92.95210266113281;[1]
(cacf);1;234957;29.764799118042;64.5108642578125;92.95210266113281;[1]
(cacf);1;235280;29.764799118042;64.5108642578125;93.07917785644531;[1]
(cacf);1;235280;29.764799118042;64.5108642578125;93.07917785644531;[1]
(cacf);1;235602;29.764799118042;64.5108642578125;93.01564025878906;[1]
(cacf);1;235602;29.764799118042;64.5108642578125;93.01564025878906;[1]
(cacf);1;235924;29.764799118042;64.5108642578125;92.95210266113281;[1]
(cacf);1;235924;29.764799118042;64.5108642578125;92.95210266113281;[1]
(cacf);1;236246;29.764799118042;64.48797607421875;92.95210266113281;[1]
(cacf);1;236246;29.764799118042;64.48797607421875;92.95210266113281;[1]
(cacf);1;236569;29.764799118042;64.48797607421875;93.01564025878906;[1]
(cacf);1;236569;29.764799118042;64.48797607421875;93.01564025878906;[1]
(cacf);1;236891;29.764799118042;64.48797607421875;92.82502746582031;[0]
