(aaaf);1;12:02:31:399;28.64159965515136;71.30865478515625;92.88856506347656;[1]
(aaaf);1;12:02:31:399;28.64159965515136;71.30865478515625;92.88856506347656;[1]
(aaaf);1;12:05:36:598;29.57759857177734;68.432373046875;92.69794464111328;[1]
(aaaf);1;12:05:36:598;29.57759857177734;68.432373046875;92.69794464111328;[1]
(aaaf);1;12:05:36:926;29.57759857177734;68.432373046875;93.07917785644531;[1]
(aaaf);1;12:05:36:926;29.57759857177734;68.432373046875;93.07917785644531;[1]
(aaaf);1;12:05:37:254;29.57759857177734;68.432373046875;92.88856506347656;[1]
(aaaf);1;12:05:37:254;29.57759857177734;68.432373046875;92.88856506347656;[1]
(aaaf);1;12:05:37:582;29.57759857177734;68.432373046875;92.82502746582031;[1]
(aaaf);1;12:05:37:582;29.57759857177734;68.432373046875;92.82502746582031;[1]
(aaaf);1;12:05:37:910;29.57759857177734;68.40185546875;92.95210266113281;[1]
(aaaf);1;12:05:37:910;29.57759857177734;68.40185546875;92.95210266113281;[1]
(aaaf);1;12:05:38:238;29.57759857177734;68.40185546875;92.95210266113281;[1]
(aaaf);1;12:05:38:238;29.57759857177734;68.40185546875;92.95210266113281;[1]
(aaaf);1;12:05:38:566;29.57759857177734;68.40185546875;92.95210266113281;[1]
(aaaf);1;12:05:38:566;29.57759857177734;68.40185546875;92.95210266113281;[1]
(aaaf);1;12:05:38:894;29.51519966125488;68.40185546875;92.76148986816406;[1]
(aaaf);1;12:05:38:894;29.51519966125488;68.40185546875;92.76148986816406;[1]
(aaaf);1;12:05:39:222;29.57759857177734;68.371337890625;92.82502746582031;[1]
(aaaf);1;12:05:39:222;29.57759857177734;68.371337890625;92.82502746582031;[1]
(aaaf);1;12:05:39:550;29.57759857177734;68.371337890625;92.95210266113281;[1]
(aaaf);1;12:05:39:550;29.57759857177734;68.371337890625;92.95210266113281;[1]
(aaaf);1;12:05:39:878;29.57759857177734;68.371337890625;92.95210266113281;[1]
(aaaf);1;12:05:39:878;29.57759857177734;68.371337890625;92.95210266113281;[1]
(aaaf);1;12:05:40:206;29.57759857177734;68.371337890625;92.82502746582031;[1]
(aaaf);1;12:05:40:206;29.57759857177734;68.371337890625;92.82502746582031;[1]
(aaaf);1;12:05:40:534;29.57759857177734;68.371337890625;92.95210266113281;[1]
(aaaf);1;12:05:40:534;29.57759857177734;68.371337890625;92.95210266113281;[1]
(aaaf);1;12:05:40:862;29.57759857177734;68.371337890625;92.95210266113281;[1]
(aaaf);1;12:05:40:862;29.57759857177734;68.371337890625;92.95210266113281;[1]
(aaaf);1;12:05:41:190;29.57759857177734;68.34844970703125;92.95210266113281;[1]
(aaaf);1;12:05:41:190;29.57759857177734;68.34844970703125;92.95210266113281;[1]
(aaaf);1;12:05:41:518;29.57759857177734;68.34844970703125;92.95210266113281;[1]
(aaaf);1;12:05:41:518;29.57759857177734;68.34844970703125;92.95210266113281;[1]
(aaaf);1;12:05:41:846;29.57759857177734;68.34844970703125;93.01564025878906;[1]
(aaaf);1;12:05:41:846;29.57759857177734;68.34844970703125;93.01564025878906;[1]
(aaaf);1;12:05:42:173;29.57759857177734;68.34844970703125;92.88856506347656;[1]
(aaaf);1;12:05:42:173;29.57759857177734;68.34844970703125;92.88856506347656;[1]
(aaaf);1;12:05:42:502;29.57759857177734;68.34844970703125;92.95210266113281;[1]
(aaaf);1;12:05:42:502;29.57759857177734;68.34844970703125;92.95210266113281;[1]
(aaaf);1;12:05:42:830;29.57759857177734;68.34844970703125;92.82502746582031;[1]
(aaaf);1;12:05:42:830;29.57759857177734;68.34844970703125;92.82502746582031;[1]
(aaaf);1;12:05:43:158;29.57759857177734;68.34844970703125;92.95210266113281;[1]
(aaaf);1;12:05:43:158;29.57759857177734;68.34844970703125;92.95210266113281;[1]
(aaaf);1;12:05:43:486;29.57759857177734;68.31793212890625;92.82502746582031;[1]
(aaaf);1;12:05:43:486;29.57759857177734;68.31793212890625;92.82502746582031;[1]
(aaaf);1;12:05:43:814;29.57759857177734;68.31793212890625;93.07917785644531;[1]
(aaaf);1;12:05:43:814;29.57759857177734;68.31793212890625;93.07917785644531;[1]
(aaaf);1;12:05:44:142;29.57759857177734;68.31793212890625;92.82502746582031;[1]
(aaaf);1;12:05:44:142;29.57759857177734;68.31793212890625;92.82502746582031;[1]
(aaaf);1;12:05:44:470;29.57759857177734;68.31793212890625;93.07917785644531;[1]
(aaaf);1;12:05:44:470;29.57759857177734;68.31793212890625;93.07917785644531;[1]
(aaaf);1;12:05:44:797;29.57759857177734;68.31793212890625;92.82502746582031;[1]
(aaaf);1;12:05:44:797;29.57759857177734;68.31793212890625;92.82502746582031;[1]
(aaaf);1;12:05:45:125;29.63999938964843;68.31793212890625;92.95210266113281;[1]
(aaaf);1;12:05:45:125;29.63999938964843;68.31793212890625;92.95210266113281;[1]
(aaaf);1;12:05:45:454;29.57759857177734;68.31793212890625;92.95210266113281;[1]
(aaaf);1;12:05:45:454;29.57759857177734;68.31793212890625;92.95210266113281;[1]
(aaaf);1;12:05:45:782;29.57759857177734;68.31793212890625;92.76148986816406;[1]
(aaaf);1;12:05:45:782;29.57759857177734;68.31793212890625;92.76148986816406;[1]
(aaaf);1;12:05:46:110;29.57759857177734;68.31793212890625;92.95210266113281;[1]
(aaaf);1;12:05:46:110;29.57759857177734;68.31793212890625;92.95210266113281;[1]
(aaaf);1;12:05:46:438;29.57759857177734;68.31793212890625;92.95210266113281;[1]
(aaaf);1;12:05:46:438;29.57759857177734;68.31793212890625;92.95210266113281;[1]
(aaaf);1;12:05:46:766;29.57759857177734;68.31793212890625;92.95210266113281;[1]
(aaaf);1;12:05:46:766;29.57759857177734;68.31793212890625;92.95210266113281;[1]
(aaaf);1;12:05:47:94;29.63999938964843;68.31793212890625;93.07917785644531;[1]
(aaaf);1;12:05:47:94;29.63999938964843;68.31793212890625;93.07917785644531;[1]
(aaaf);1;12:05:47:422;29.57759857177734;68.31793212890625;92.95210266113281;[1]
(aaaf);1;12:05:47:422;29.57759857177734;68.31793212890625;92.95210266113281;[1]
(aaaf);1;12:05:47:750;29.57759857177734;68.31793212890625;92.82502746582031;[1]
(aaaf);1;12:05:47:750;29.57759857177734;68.31793212890625;92.82502746582031;[1]
(aaaf);1;12:05:48:78;29.57759857177734;68.31793212890625;92.95210266113281;[1]
(aaaf);1;12:05:48:78;29.57759857177734;68.31793212890625;92.95210266113281;[1]
(aaaf);1;12:05:48:406;29.57759857177734;68.34844970703125;92.95210266113281;[1]
(aaaf);1;12:05:48:406;29.57759857177734;68.34844970703125;92.95210266113281;[1]
(aaaf);1;12:05:48:734;29.57759857177734;68.34844970703125;93.07917785644531;[1]
(aaaf);1;12:05:48:734;29.57759857177734;68.34844970703125;93.07917785644531;[1]
(aaaf);1;12:05:49:62;29.63999938964843;68.34844970703125;92.95210266113281;[1]
(aaaf);1;12:05:49:62;29.63999938964843;68.34844970703125;92.95210266113281;[1]
(aaaf);1;12:05:49:390;29.57759857177734;68.34844970703125;93.07917785644531;[1]
(aaaf);1;12:05:49:390;29.57759857177734;68.34844970703125;93.07917785644531;[1]
(aaaf);1;12:05:49:718;29.57759857177734;68.34844970703125;93.07917785644531;[1]
(aaaf);1;12:05:49:718;29.57759857177734;68.34844970703125;93.07917785644531;[1]
(aaaf);1;12:05:50:45;29.57759857177734;68.34844970703125;92.95210266113281;[1]
(aaaf);1;12:05:50:45;29.57759857177734;68.34844970703125;92.95210266113281;[1]
(aaaf);1;12:05:50:374;29.63999938964843;68.34844970703125;92.95210266113281;[1]
(aaaf);1;12:05:50:374;29.63999938964843;68.34844970703125;92.95210266113281;[1]
(aaaf);1;12:05:50:702;29.63999938964843;68.34844970703125;92.82502746582031;[1]
(aaaf);1;12:05:50:702;29.63999938964843;68.34844970703125;92.82502746582031;[1]
(aaaf);1;12:05:51:30;29.63999938964843;68.34844970703125;92.95210266113281;[1]
(aaaf);1;12:05:51:30;29.63999938964843;68.34844970703125;92.95210266113281;[1]
(aaaf);1;12:05:51:358;29.57759857177734;68.34844970703125;92.95210266113281;[1]
(aaaf);1;12:05:51:358;29.57759857177734;68.34844970703125;92.95210266113281;[1]
(aaaf);1;12:05:51:686;29.63999938964843;68.34844970703125;92.82502746582031;[1]
(aaaf);1;12:05:51:686;29.63999938964843;68.34844970703125;92.82502746582031;[1]
(aaaf);1;12:05:52:14;29.63999938964843;68.34844970703125;92.82502746582031;[1]
(aaaf);1;12:05:52:14;29.63999938964843;68.34844970703125;92.82502746582031;[1]
(aaaf);1;12:05:52:342;29.57759857177734;68.34844970703125;93.07917785644531;[1]
(aaaf);1;12:05:52:342;29.57759857177734;68.34844970703125;93.07917785644531;[1]
(aaaf);1;12:05:52:670;29.57759857177734;68.371337890625;92.95210266113281;[1]
(aaaf);1;12:05:52:670;29.57759857177734;68.371337890625;92.95210266113281;[1]
(aaaf);1;12:05:52:998;29.63999938964843;68.371337890625;92.95210266113281;[1]
(aaaf);1;12:05:52:998;29.63999938964843;68.371337890625;92.95210266113281;[1]
(aaaf);1;12:05:53:326;29.57759857177734;68.371337890625;92.95210266113281;[1]
(aaaf);1;12:05:53:326;29.57759857177734;68.371337890625;92.95210266113281;[1]
(aaaf);1;12:05:53:654;29.63999938964843;68.371337890625;92.95210266113281;[1]
(aaaf);1;12:05:53:654;29.63999938964843;68.371337890625;92.95210266113281;[1]
(aaaf);1;12:05:53:982;29.63999938964843;68.371337890625;92.82502746582031;[1]
(aaaf);1;12:05:53:982;29.63999938964843;68.371337890625;92.82502746582031;[1]
(aaaf);1;12:05:54:310;29.63999938964843;68.371337890625;92.69794464111328;[1]
(aaaf);1;12:05:54:310;29.63999938964843;68.371337890625;92.69794464111328;[1]
(aaaf);1;12:05:54:638;29.63999938964843;68.371337890625;92.82502746582031;[1]
(aaaf);1;12:05:54:638;29.63999938964843;68.371337890625;92.82502746582031;[1]
(aaaf);1;12:05:54:965;29.63999938964843;68.371337890625;92.95210266113281;[1]
(aaaf);1;12:05:54:965;29.63999938964843;68.371337890625;92.95210266113281;[1]
(aaaf);1;12:05:55:293;29.63999938964843;68.371337890625;92.82502746582031;[1]
(aaaf);1;12:05:55:293;29.63999938964843;68.371337890625;92.82502746582031;[1]
(aaaf);1;12:05:55:621;29.63999938964843;68.371337890625;92.76148986816406;[1]
(aaaf);1;12:05:55:621;29.63999938964843;68.371337890625;92.76148986816406;[1]
(aaaf);1;12:05:55:948;29.63999938964843;68.371337890625;92.95210266113281;[1]
(aaaf);1;12:05:55:948;29.63999938964843;68.371337890625;92.95210266113281;[1]
(aaaf);1;12:05:56:277;29.57759857177734;68.34844970703125;92.95210266113281;[1]
(aaaf);1;12:05:56:277;29.57759857177734;68.34844970703125;92.95210266113281;[1]
(aaaf);1;12:05:56:605;29.63999938964843;68.34844970703125;92.95210266113281;[1]
(aaaf);1;12:05:56:605;29.63999938964843;68.34844970703125;92.95210266113281;[1]
(aaaf);1;12:05:56:933;29.57759857177734;68.34844970703125;92.95210266113281;[1]
(aaaf);1;12:05:56:933;29.57759857177734;68.34844970703125;92.95210266113281;[1]
(aaaf);1;12:05:57:261;29.57759857177734;68.34844970703125;93.01564025878906;[1]
(aaaf);1;12:05:57:261;29.57759857177734;68.34844970703125;93.01564025878906;[1]
(aaaf);1;12:05:57:588;29.63999938964843;68.34844970703125;92.82502746582031;[1]
(aaaf);1;12:05:57:588;29.63999938964843;68.34844970703125;92.82502746582031;[1]
(aaaf);1;12:05:57:916;29.63999938964843;68.34844970703125;92.82502746582031;[1]
(aaaf);1;12:05:57:916;29.63999938964843;68.34844970703125;92.82502746582031;[1]
(aaaf);1;12:05:58:244;29.63999938964843;68.34844970703125;92.95210266113281;[1]
(aaaf);1;12:05:58:244;29.63999938964843;68.34844970703125;92.95210266113281;[1]
(aaaf);1;12:05:58:572;29.57759857177734;68.34844970703125;92.95210266113281;[1]
(aaaf);1;12:05:58:572;29.57759857177734;68.34844970703125;92.95210266113281;[1]
(aaaf);1;12:05:58:901;29.63999938964843;68.34844970703125;92.82502746582031;[1]
(aaaf);1;12:05:58:901;29.63999938964843;68.34844970703125;92.82502746582031;[1]
(aaaf);1;12:05:59:229;29.63999938964843;68.34844970703125;92.82502746582031;[1]
(aaaf);1;12:05:59:229;29.63999938964843;68.34844970703125;92.82502746582031;[1]
(aaaf);1;12:05:59:557;29.63999938964843;68.34844970703125;92.76148986816406;[1]
(aaaf);1;12:05:59:557;29.63999938964843;68.34844970703125;92.76148986816406;[1]
(aaaf);1;12:05:59:885;29.57759857177734;68.34844970703125;92.95210266113281;[1]
(aaaf);1;12:05:59:885;29.57759857177734;68.34844970703125;92.95210266113281;[1]
(aaaf);1;12:06:00:213;29.63999938964843;68.31793212890625;92.82502746582031;[1]
(aaaf);1;12:06:00:213;29.63999938964843;68.31793212890625;92.82502746582031;[1]
(aaaf);1;12:06:00:541;29.63999938964843;68.31793212890625;92.95210266113281;[1]
(aaaf);1;12:06:00:541;29.63999938964843;68.31793212890625;92.95210266113281;[1]
(aaaf);1;12:06:00:869;29.63999938964843;68.31793212890625;92.95210266113281;[1]
(aaaf);1;12:06:00:869;29.63999938964843;68.31793212890625;92.95210266113281;[1]
(aaaf);1;12:06:01:197;29.63999938964843;68.31793212890625;92.95210266113281;[1]
(aaaf);1;12:06:01:197;29.63999938964843;68.31793212890625;92.95210266113281;[1]
(aaaf);1;12:06:01:525;29.63999938964843;68.31793212890625;92.95210266113281;[1]
(aaaf);1;12:06:01:525;29.63999938964843;68.31793212890625;92.95210266113281;[1]
(aaaf);1;12:06:01:853;29.63999938964843;68.31793212890625;93.07917785644531;[1]
(aaaf);1;12:06:01:853;29.63999938964843;68.31793212890625;93.07917785644531;[1]
(aaaf);1;12:06:02:181;29.63999938964843;68.31793212890625;93.07917785644531;[1]
(aaaf);1;12:06:02:181;29.63999938964843;68.31793212890625;93.07917785644531;[1]
(aaaf);1;12:06:02:509;29.63999938964843;68.31793212890625;93.07917785644531;[1]
(aaaf);1;12:06:02:509;29.63999938964843;68.31793212890625;93.07917785644531;[1]
(aaaf);1;12:06:02:837;29.63999938964843;68.31793212890625;92.82502746582031;[1]
(aaaf);1;12:06:02:837;29.63999938964843;68.31793212890625;92.82502746582031;[1]
(aaaf);1;12:06:03:165;29.63999938964843;68.31793212890625;92.95210266113281;[1]
(aaaf);1;12:06:03:165;29.63999938964843;68.31793212890625;92.95210266113281;[1]
(aaaf);1;12:06:03:493;29.63999938964843;68.31793212890625;92.69794464111328;[1]
(aaaf);1;12:06:03:493;29.63999938964843;68.31793212890625;92.69794464111328;[1]
(aaaf);1;12:06:03:821;29.63999938964843;68.31793212890625;92.95210266113281;[1]
(aaaf);1;12:06:03:821;29.63999938964843;68.31793212890625;92.95210266113281;[1]
(aaaf);1;12:06:04:149;29.63999938964843;68.31793212890625;92.95210266113281;[1]
(aaaf);1;12:06:04:149;29.63999938964843;68.31793212890625;92.95210266113281;[1]
(aaaf);1;12:06:04:477;29.63999938964843;68.25689697265625;92.95210266113281;[1]
(aaaf);1;12:06:04:477;29.63999938964843;68.25689697265625;92.95210266113281;[1]
(aaaf);1;12:06:04:805;29.63999938964843;68.25689697265625;92.95210266113281;[1]
(aaaf);1;12:06:04:805;29.63999938964843;68.25689697265625;92.95210266113281;[1]
(aaaf);1;12:06:05:134;29.63999938964843;68.25689697265625;92.95210266113281;[1]
(aaaf);1;12:06:05:134;29.63999938964843;68.25689697265625;92.95210266113281;[1]
(aaaf);1;12:06:05:462;29.63999938964843;68.25689697265625;92.95210266113281;[1]
(aaaf);1;12:06:05:462;29.63999938964843;68.25689697265625;92.95210266113281;[1]
(aaaf);1;12:06:05:790;29.7023983001709;68.25689697265625;92.82502746582031;[1]
(aaaf);1;12:06:05:790;29.7023983001709;68.25689697265625;92.82502746582031;[1]
(aaaf);1;12:06:06:118;29.7023983001709;68.25689697265625;92.95210266113281;[1]
(aaaf);1;12:06:06:118;29.7023983001709;68.25689697265625;92.95210266113281;[1]
(aaaf);1;12:06:06:446;29.7023983001709;68.25689697265625;92.95210266113281;[1]
(aaaf);1;12:06:06:446;29.7023983001709;68.25689697265625;92.95210266113281;[1]
(aaaf);1;12:06:06:774;29.7023983001709;68.2340087890625;92.95210266113281;[1]
(aaaf);1;12:06:06:774;29.7023983001709;68.2340087890625;92.95210266113281;[1]
(aaaf);1;12:06:07:102;29.7023983001709;68.2340087890625;92.82502746582031;[1]
(aaaf);1;12:06:07:102;29.7023983001709;68.2340087890625;92.82502746582031;[1]
(aaaf);1;12:06:07:430;29.63999938964843;68.2340087890625;92.82502746582031;[1]
(aaaf);1;12:06:07:430;29.63999938964843;68.2340087890625;92.82502746582031;[1]
(aaaf);1;12:06:07:758;29.63999938964843;68.2340087890625;92.88856506347656;[1]
(aaaf);1;12:06:07:758;29.63999938964843;68.2340087890625;92.88856506347656;[1]
(aaaf);1;12:06:08:92;29.7023983001709;68.2340087890625;93.01564025878906;[1]
(aaaf);1;12:06:08:92;29.7023983001709;68.2340087890625;93.01564025878906;[1]
(aaaf);1;12:06:08:419;29.63999938964843;68.2340087890625;93.01564025878906;[1]
(aaaf);1;12:06:08:419;29.63999938964843;68.2340087890625;93.01564025878906;[1]
(aaaf);1;12:06:08:746;29.63999938964843;68.2340087890625;92.95210266113281;[1]
(aaaf);1;12:06:08:746;29.63999938964843;68.2340087890625;92.95210266113281;[1]
(aaaf);1;12:06:09:74;29.63999938964843;68.2340087890625;93.01564025878906;[1]
(aaaf);1;12:06:09:74;29.63999938964843;68.2340087890625;93.01564025878906;[1]
(aaaf);1;12:06:09:401;29.7023983001709;68.2340087890625;92.88856506347656;[1]
(aaaf);1;12:06:09:401;29.7023983001709;68.2340087890625;92.88856506347656;[1]
(aaaf);1;12:06:09:729;29.63999938964843;68.2340087890625;92.95210266113281;[1]
(aaaf);1;12:06:09:729;29.63999938964843;68.2340087890625;92.95210266113281;[1]
(aaaf);1;12:06:10:57;29.63999938964843;68.2034912109375;92.82502746582031;[1]
(aaaf);1;12:06:10:57;29.63999938964843;68.2034912109375;92.82502746582031;[1]
(aaaf);1;12:06:10:385;29.7023983001709;68.2034912109375;92.82502746582031;[1]
(aaaf);1;12:06:10:385;29.7023983001709;68.2034912109375;92.82502746582031;[1]
(aaaf);1;12:06:10:713;29.63999938964843;68.2034912109375;92.88856506347656;[1]
(aaaf);1;12:06:10:713;29.63999938964843;68.2034912109375;92.88856506347656;[1]
(aaaf);1;12:06:11:46;29.63999938964843;68.1729736328125;92.88856506347656;[1]
(aaaf);1;12:06:11:46;29.63999938964843;68.1729736328125;92.88856506347656;[1]
(aaaf);1;12:06:11:374;29.63999938964843;68.1729736328125;92.88856506347656;[1]
(aaaf);1;12:06:11:374;29.63999938964843;68.1729736328125;92.88856506347656;[1]
(aaaf);1;12:06:11:702;29.7023983001709;68.1729736328125;92.82502746582031;[1]
(aaaf);1;12:06:11:702;29.7023983001709;68.1729736328125;92.82502746582031;[1]
(aaaf);1;12:06:12:30;29.63999938964843;68.15008544921875;92.95210266113281;[1]
(aaaf);1;12:06:12:30;29.63999938964843;68.15008544921875;92.95210266113281;[1]
(aaaf);1;12:06:12:358;29.63999938964843;68.15008544921875;92.82502746582031;[1]
(aaaf);1;12:06:12:358;29.63999938964843;68.15008544921875;92.82502746582031;[1]
(aaaf);1;12:06:12:686;29.7023983001709;68.15008544921875;92.95210266113281;[1]
(aaaf);1;12:06:12:686;29.7023983001709;68.15008544921875;92.95210266113281;[1]
(aaaf);1;12:06:13:14;29.7023983001709;68.15008544921875;92.95210266113281;[1]
(aaaf);1;12:06:13:14;29.7023983001709;68.15008544921875;92.95210266113281;[1]
(aaaf);1;12:06:13:342;29.63999938964843;68.11956787109375;92.95210266113281;[1]
(aaaf);1;12:06:13:342;29.63999938964843;68.11956787109375;92.95210266113281;[1]
(aaaf);1;12:06:13:670;29.63999938964843;68.11956787109375;92.82502746582031;[1]
(aaaf);1;12:06:13:670;29.63999938964843;68.11956787109375;92.82502746582031;[1]
(aaaf);1;12:06:13:998;29.7023983001709;68.11956787109375;92.88856506347656;[1]
(aaaf);1;12:06:13:998;29.7023983001709;68.11956787109375;92.88856506347656;[1]
(aaaf);1;12:06:14:326;29.7023983001709;68.11956787109375;92.88856506347656;[1]
(aaaf);1;12:06:14:326;29.7023983001709;68.11956787109375;92.88856506347656;[1]
(aaaf);1;12:06:14:655;29.7023983001709;68.11956787109375;92.95210266113281;[1]
(aaaf);1;12:06:14:655;29.7023983001709;68.11956787109375;92.95210266113281;[1]
(aaaf);1;12:06:14:981;29.7023983001709;68.08905029296875;92.82502746582031;[1]
(aaaf);1;12:06:14:981;29.7023983001709;68.08905029296875;92.82502746582031;[1]
(aaaf);1;12:06:15:309;29.63999938964843;68.08905029296875;92.95210266113281;[1]
(aaaf);1;12:06:15:309;29.63999938964843;68.08905029296875;92.95210266113281;[1]
(aaaf);1;12:06:15:637;29.63999938964843;68.08905029296875;92.82502746582031;[1]
(aaaf);1;12:06:15:637;29.63999938964843;68.08905029296875;92.82502746582031;[1]
(aaaf);1;12:06:15:965;29.7023983001709;68.08905029296875;92.95210266113281;[1]
(aaaf);1;12:06:15:965;29.7023983001709;68.08905029296875;92.95210266113281;[1]
(aaaf);1;12:06:16:293;29.63999938964843;68.066162109375;92.95210266113281;[1]
(aaaf);1;12:06:16:293;29.63999938964843;68.066162109375;92.95210266113281;[1]
(aaaf);1;12:06:16:621;29.7023983001709;68.066162109375;92.95210266113281;[1]
(aaaf);1;12:06:16:621;29.7023983001709;68.066162109375;92.95210266113281;[1]
(aaaf);1;12:06:16:949;29.7023983001709;68.066162109375;93.01564025878906;[1]
(aaaf);1;12:06:16:949;29.7023983001709;68.066162109375;93.01564025878906;[1]
(aaaf);1;12:06:17:276;29.7023983001709;68.066162109375;93.01564025878906;[1]
(aaaf);1;12:06:17:276;29.7023983001709;68.066162109375;93.01564025878906;[1]
(aaaf);1;12:06:17:603;29.7023983001709;68.066162109375;92.95210266113281;[1]
(aaaf);1;12:06:17:603;29.7023983001709;68.066162109375;92.95210266113281;[1]
(aaaf);1;12:06:17:931;29.7023983001709;68.066162109375;92.95210266113281;[1]
(aaaf);1;12:06:17:931;29.7023983001709;68.066162109375;92.95210266113281;[1]
(aaaf);1;12:06:18:259;29.7023983001709;68.03564453125;92.82502746582031;[1]
(aaaf);1;12:06:18:259;29.7023983001709;68.03564453125;92.82502746582031;[1]
(aaaf);1;12:06:18:581;29.7023983001709;68.03564453125;92.82502746582031;[1]
(aaaf);1;12:06:18:581;29.7023983001709;68.03564453125;92.82502746582031;[1]
(aaaf);1;12:06:18:904;29.7023983001709;68.03564453125;92.95210266113281;[1]
(aaaf);1;12:06:18:904;29.7023983001709;68.03564453125;92.95210266113281;[1]
(aaaf);1;12:06:19:227;29.764799118042;68.03564453125;92.82502746582031;[1]
(aaaf);1;12:06:19:227;29.764799118042;68.03564453125;92.82502746582031;[1]
(aaaf);1;12:06:19:555;29.7023983001709;68.07379150390625;92.95210266113281;[1]
(aaaf);1;12:06:19:555;29.7023983001709;68.07379150390625;92.95210266113281;[1]
(aaaf);1;12:06:19:883;29.7023983001709;68.03564453125;92.82502746582031;[1]
(aaaf);1;12:06:19:883;29.7023983001709;68.03564453125;92.82502746582031;[1]
(aaaf);1;12:06:20:211;29.7023983001709;68.07379150390625;93.01564025878906;[1]
(aaaf);1;12:06:20:211;29.7023983001709;68.07379150390625;93.01564025878906;[1]
(aaaf);1;12:06:20:538;29.7023983001709;68.03564453125;92.88856506347656;[1]
(aaaf);1;12:06:20:538;29.7023983001709;68.03564453125;92.88856506347656;[1]
(aaaf);1;12:06:20:866;29.7023983001709;68.07379150390625;92.88856506347656;[1]
(aaaf);1;12:06:20:866;29.7023983001709;68.07379150390625;92.88856506347656;[1]
(aaaf);1;12:06:21:194;29.7023983001709;68.07379150390625;92.95210266113281;[1]
(aaaf);1;12:06:21:194;29.7023983001709;68.07379150390625;92.95210266113281;[1]
(aaaf);1;12:06:21:522;29.7023983001709;68.04327392578125;92.95210266113281;[1]
(aaaf);1;12:06:21:522;29.7023983001709;68.04327392578125;92.95210266113281;[1]
(aaaf);1;12:06:21:850;29.7023983001709;68.04327392578125;92.82502746582031;[1]
(aaaf);1;12:06:21:850;29.7023983001709;68.04327392578125;92.82502746582031;[1]
(aaaf);1;12:06:22:176;29.7023983001709;68.04327392578125;92.95210266113281;[1]
(aaaf);1;12:06:22:176;29.7023983001709;68.04327392578125;92.95210266113281;[1]
(aaaf);1;12:06:22:504;29.7023983001709;68.04327392578125;92.82502746582031;[1]
(aaaf);1;12:06:22:504;29.7023983001709;68.04327392578125;92.82502746582031;[1]
(aaaf);1;12:06:22:832;29.7023983001709;68.04327392578125;93.07917785644531;[1]
(aaaf);1;12:06:22:832;29.7023983001709;68.04327392578125;93.07917785644531;[1]
(aaaf);1;12:06:23:160;29.7023983001709;68.04327392578125;92.95210266113281;[1]
(aaaf);1;12:06:23:160;29.7023983001709;68.04327392578125;92.95210266113281;[1]
(aaaf);1;12:06:23:488;29.7023983001709;68.04327392578125;93.01564025878906;[1]
(aaaf);1;12:06:23:488;29.7023983001709;68.04327392578125;93.01564025878906;[1]
(aaaf);1;12:06:23:815;29.7023983001709;68.04327392578125;92.88856506347656;[1]
(aaaf);1;12:06:23:815;29.7023983001709;68.04327392578125;92.88856506347656;[1]
(aaaf);1;12:06:24:143;29.7023983001709;68.04327392578125;93.01564025878906;[1]
(aaaf);1;12:06:24:143;29.7023983001709;68.04327392578125;93.01564025878906;[1]
(aaaf);1;12:06:24:470;29.7023983001709;68.04327392578125;92.95210266113281;[1]
(aaaf);1;12:06:24:470;29.7023983001709;68.04327392578125;92.95210266113281;[1]
(aaaf);1;12:06:24:798;29.7023983001709;68.04327392578125;92.82502746582031;[1]
(aaaf);1;12:06:24:798;29.7023983001709;68.04327392578125;92.82502746582031;[1]
(aaaf);1;12:06:25:126;29.7023983001709;67.9898681640625;93.01564025878906;[1]
(aaaf);1;12:06:25:126;29.7023983001709;67.9898681640625;93.01564025878906;[1]
(aaaf);1;12:06:25:453;29.7023983001709;67.9898681640625;93.01564025878906;[1]
(aaaf);1;12:06:25:453;29.7023983001709;67.9898681640625;93.01564025878906;[1]
(aaaf);1;12:06:25:780;29.7023983001709;67.9898681640625;92.95210266113281;[1]
(aaaf);1;12:06:25:780;29.7023983001709;67.9898681640625;92.95210266113281;[1]
(aaaf);1;12:06:26:108;29.7023983001709;67.9898681640625;92.82502746582031;[1]
(aaaf);1;12:06:26:108;29.7023983001709;67.9898681640625;92.82502746582031;[1]
(aaaf);1;12:06:26:436;29.7023983001709;67.9593505859375;93.01564025878906;[1]
(aaaf);1;12:06:26:436;29.7023983001709;67.9593505859375;93.01564025878906;[1]
(aaaf);1;12:06:26:763;29.7023983001709;67.9593505859375;93.14271545410156;[1]
(aaaf);1;12:06:26:763;29.7023983001709;67.9593505859375;93.14271545410156;[1]
(aaaf);1;12:06:27:91;29.7023983001709;67.9593505859375;92.88856506347656;[1]
(aaaf);1;12:06:27:91;29.7023983001709;67.9593505859375;92.88856506347656;[1]
(aaaf);1;12:06:27:418;29.7023983001709;67.93646240234375;93.01564025878906;[1]
(aaaf);1;12:06:27:418;29.7023983001709;67.93646240234375;93.01564025878906;[1]
(aaaf);1;12:06:27:746;29.7023983001709;67.93646240234375;92.95210266113281;[1]
(aaaf);1;12:06:27:746;29.7023983001709;67.93646240234375;92.95210266113281;[1]
(aaaf);1;12:06:28:74;29.7023983001709;67.93646240234375;92.95210266113281;[1]
(aaaf);1;12:06:28:74;29.7023983001709;67.93646240234375;92.95210266113281;[1]
(aaaf);1;12:06:28:402;29.7023983001709;67.93646240234375;92.88856506347656;[1]
(aaaf);1;12:06:28:402;29.7023983001709;67.93646240234375;92.88856506347656;[1]
(aaaf);1;12:06:28:730;29.7023983001709;67.93646240234375;93.01564025878906;[1]
(aaaf);1;12:06:28:730;29.7023983001709;67.93646240234375;93.01564025878906;[1]
(aaaf);1;12:06:29:57;29.7023983001709;67.93646240234375;92.88856506347656;[1]
(aaaf);1;12:06:29:57;29.7023983001709;67.93646240234375;92.88856506347656;[1]
(aaaf);1;12:06:29:385;29.7023983001709;67.93646240234375;92.88856506347656;[1]
(aaaf);1;12:06:29:385;29.7023983001709;67.93646240234375;92.88856506347656;[1]
(aaaf);1;12:06:29:713;29.7023983001709;67.93646240234375;92.95210266113281;[1]
(aaaf);1;12:06:29:713;29.7023983001709;67.93646240234375;92.95210266113281;[1]
(aaaf);1;12:06:30:41;29.7023983001709;67.93646240234375;92.95210266113281;[1]
(aaaf);1;12:06:30:41;29.7023983001709;67.93646240234375;92.95210266113281;[1]
(aaaf);1;12:06:30:369;29.7023983001709;67.90594482421875;93.01564025878906;[1]
(aaaf);1;12:06:30:369;29.7023983001709;67.90594482421875;93.01564025878906;[1]
(aaaf);1;12:06:30:696;29.7023983001709;67.90594482421875;93.01564025878906;[1]
(aaaf);1;12:06:30:696;29.7023983001709;67.90594482421875;93.01564025878906;[1]
(aaaf);1;12:06:31:23;29.7023983001709;67.90594482421875;92.88856506347656;[1]
(aaaf);1;12:06:31:23;29.7023983001709;67.90594482421875;92.88856506347656;[1]
(aaaf);1;12:06:31:351;29.764799118042;67.90594482421875;92.82502746582031;[1]
(aaaf);1;12:06:31:351;29.764799118042;67.90594482421875;92.82502746582031;[1]
(aaaf);1;12:06:31:679;29.7023983001709;67.90594482421875;92.88856506347656;[1]
(aaaf);1;12:06:31:679;29.7023983001709;67.90594482421875;92.88856506347656;[1]
(aaaf);1;12:06:32:7;29.7023983001709;67.90594482421875;92.95210266113281;[1]
(aaaf);1;12:06:32:7;29.7023983001709;67.90594482421875;92.95210266113281;[1]
(aaaf);1;12:06:32:335;29.7023983001709;67.90594482421875;92.82502746582031;[1]
(aaaf);1;12:06:32:335;29.7023983001709;67.90594482421875;92.82502746582031;[1]
(aaaf);1;12:06:32:663;29.764799118042;67.90594482421875;92.95210266113281;[1]
(aaaf);1;12:06:32:663;29.764799118042;67.90594482421875;92.95210266113281;[1]
(aaaf);1;12:06:32:991;29.7023983001709;67.90594482421875;92.88856506347656;[1]
(aaaf);1;12:06:32:991;29.7023983001709;67.90594482421875;92.88856506347656;[1]
(aaaf);1;12:06:33:319;29.764799118042;67.90594482421875;93.01564025878906;[1]
(aaaf);1;12:06:33:319;29.764799118042;67.90594482421875;93.01564025878906;[1]
(aaaf);1;12:06:33:646;29.764799118042;67.90594482421875;92.95210266113281;[1]
(aaaf);1;12:06:33:646;29.764799118042;67.90594482421875;92.95210266113281;[1]
(aaaf);1;12:06:33:974;29.7023983001709;67.87542724609375;93.01564025878906;[1]
(aaaf);1;12:06:33:974;29.7023983001709;67.87542724609375;93.01564025878906;[1]
(aaaf);1;12:06:34:300;29.7023983001709;67.87542724609375;92.82502746582031;[1]
(aaaf);1;12:06:34:300;29.7023983001709;67.87542724609375;92.82502746582031;[1]
(aaaf);1;12:06:34:629;29.7023983001709;67.87542724609375;92.88856506347656;[1]
(aaaf);1;12:06:34:629;29.7023983001709;67.87542724609375;92.88856506347656;[1]
(aaaf);1;12:06:34:957;29.764799118042;67.87542724609375;92.76148986816406;[1]
(aaaf);1;12:06:34:957;29.764799118042;67.87542724609375;92.76148986816406;[1]
(aaaf);1;12:06:35:285;29.764799118042;67.87542724609375;92.76148986816406;[1]
(aaaf);1;12:06:35:285;29.764799118042;67.87542724609375;92.76148986816406;[1]
(aaaf);1;12:06:35:613;29.764799118042;67.87542724609375;92.76148986816406;[1]
(aaaf);1;12:06:35:613;29.764799118042;67.87542724609375;92.76148986816406;[1]
(aaaf);1;12:06:35:941;29.764799118042;67.87542724609375;92.95210266113281;[1]
(aaaf);1;12:06:35:941;29.764799118042;67.87542724609375;92.95210266113281;[1]
(aaaf);1;12:06:36:269;29.7023983001709;67.84490966796875;93.07917785644531;[1]
(aaaf);1;12:06:36:269;29.7023983001709;67.84490966796875;93.07917785644531;[1]
(aaaf);1;12:06:36:597;29.764799118042;67.84490966796875;92.88856506347656;[1]
(aaaf);1;12:06:36:597;29.764799118042;67.84490966796875;92.88856506347656;[1]
(aaaf);1;12:06:36:925;29.764799118042;67.84490966796875;93.01564025878906;[1]
(aaaf);1;12:06:36:925;29.764799118042;67.84490966796875;93.01564025878906;[1]
(aaaf);1;12:06:37:252;29.764799118042;67.84490966796875;92.76148986816406;[1]
(aaaf);1;12:06:37:252;29.764799118042;67.84490966796875;92.76148986816406;[1]
(aaaf);1;12:06:37:580;29.764799118042;67.822021484375;92.88856506347656;[1]
(aaaf);1;12:06:37:580;29.764799118042;67.822021484375;92.88856506347656;[1]
(aaaf);1;12:06:37:955;29.7023983001709;67.822021484375;92.95210266113281;[1]
(aaaf);1;12:06:37:955;29.7023983001709;67.822021484375;92.95210266113281;[1]
(aaaf);1;12:06:38:283;29.7023983001709;67.822021484375;93.01564025878906;[1]
(aaaf);1;12:06:38:283;29.7023983001709;67.822021484375;93.01564025878906;[1]
(aaaf);1;12:06:38:610;29.7023983001709;67.822021484375;92.88856506347656;[1]
(aaaf);1;12:06:38:610;29.7023983001709;67.822021484375;92.88856506347656;[1]
(aaaf);1;12:06:38:938;29.7023983001709;67.822021484375;92.95210266113281;[1]
(aaaf);1;12:06:38:938;29.7023983001709;67.822021484375;92.95210266113281;[1]
(aaaf);1;12:06:39:266;29.764799118042;67.822021484375;92.88856506347656;[1]
(aaaf);1;12:06:39:266;29.764799118042;67.822021484375;92.88856506347656;[1]
(aaaf);1;12:06:39:592;29.764799118042;67.79150390625;92.82502746582031;[1]
(aaaf);1;12:06:39:592;29.764799118042;67.79150390625;92.82502746582031;[1]
(aaaf);1;12:06:39:920;29.764799118042;67.79150390625;93.01564025878906;[1]
(aaaf);1;12:06:39:920;29.764799118042;67.79150390625;93.01564025878906;[1]
(aaaf);1;12:06:40:247;29.764799118042;67.79150390625;93.01564025878906;[1]
(aaaf);1;12:06:40:247;29.764799118042;67.79150390625;93.01564025878906;[1]
(aaaf);1;12:06:40:574;29.7023983001709;67.79150390625;92.95210266113281;[1]
(aaaf);1;12:06:40:574;29.7023983001709;67.79150390625;92.95210266113281;[1]
(aaaf);1;12:06:40:902;29.764799118042;67.79150390625;92.95210266113281;[1]
(aaaf);1;12:06:40:902;29.764799118042;67.79150390625;92.95210266113281;[1]
(aaaf);1;12:06:41:229;29.764799118042;67.79150390625;92.88856506347656;[1]
(aaaf);1;12:06:41:229;29.764799118042;67.79150390625;92.88856506347656;[1]
(aaaf);1;12:06:41:557;29.764799118042;67.79150390625;92.88856506347656;[1]
(aaaf);1;12:06:41:557;29.764799118042;67.79150390625;92.88856506347656;[1]
(aaaf);1;12:06:41:880;29.7023983001709;67.79150390625;92.76148986816406;[0]
