(aaaf);1;12:03:20:896;29.95199966430664;64.54901123046875;92.82502746582031;[1]
(aaaf);1;12:03:20:896;29.95199966430664;64.54901123046875;92.82502746582031;[1]
(aaaf);1;12:04:05:962;30.0143985748291;64.10650634765625;92.95210266113281;[1]
(aaaf);1;12:04:05:962;30.0143985748291;64.10650634765625;92.95210266113281;[1]
(aaaf);1;12:04:06:290;30.0767993927002;64.10650634765625;92.95210266113281;[1]
(aaaf);1;12:04:06:290;30.0767993927002;64.10650634765625;92.95210266113281;[1]
(aaaf);1;12:04:06:619;30.0767993927002;64.10650634765625;92.95210266113281;[1]
(aaaf);1;12:04:06:619;30.0767993927002;64.10650634765625;92.95210266113281;[1]
(aaaf);1;12:04:06:947;30.0767993927002;64.10650634765625;92.95210266113281;[1]
(aaaf);1;12:04:06:947;30.0767993927002;64.10650634765625;92.95210266113281;[1]
(aaaf);1;12:04:07:275;30.0767993927002;64.19805908203125;93.01564025878906;[1]
(aaaf);1;12:04:07:275;30.0767993927002;64.19805908203125;93.01564025878906;[1]
(aaaf);1;12:04:07:602;30.0767993927002;64.22857666015625;92.95210266113281;[1]
(aaaf);1;12:04:07:602;30.0767993927002;64.22857666015625;92.95210266113281;[1]
(aaaf);1;12:04:07:930;30.0143985748291;64.28961181640625;92.95210266113281;[1]
(aaaf);1;12:04:07:930;30.0143985748291;64.28961181640625;92.95210266113281;[1]
(aaaf);1;12:04:08:258;30.0767993927002;64.3125;92.82502746582031;[1]
(aaaf);1;12:04:08:258;30.0767993927002;64.3125;92.82502746582031;[1]
(aaaf);1;12:04:08:581;30.0767993927002;64.343017578125;92.82502746582031;[1]
(aaaf);1;12:04:08:581;30.0767993927002;64.343017578125;92.82502746582031;[1]
(aaaf);1;12:04:08:908;30.0767993927002;64.37353515625;92.88856506347656;[1]
(aaaf);1;12:04:08:908;30.0767993927002;64.37353515625;92.88856506347656;[1]
(aaaf);1;12:04:09:236;30.0767993927002;64.404052734375;92.82502746582031;[1]
(aaaf);1;12:04:09:236;30.0767993927002;64.404052734375;92.82502746582031;[1]
(aaaf);1;12:04:09:564;30.0143985748291;64.404052734375;92.95210266113281;[1]
(aaaf);1;12:04:09:564;30.0143985748291;64.404052734375;92.95210266113281;[1]
(aaaf);1;12:04:09:892;30.0767993927002;64.4345703125;92.95210266113281;[1]
(aaaf);1;12:04:09:892;30.0767993927002;64.4345703125;92.95210266113281;[1]
(aaaf);1;12:04:10:220;30.0767993927002;64.4345703125;92.88856506347656;[1]
(aaaf);1;12:04:10:220;30.0767993927002;64.4345703125;92.88856506347656;[1]
(aaaf);1;12:04:10:548;30.0767993927002;64.4345703125;92.82502746582031;[1]
(aaaf);1;12:04:10:548;30.0767993927002;64.4345703125;92.82502746582031;[1]
(aaaf);1;12:04:10:876;30.0143985748291;64.4345703125;92.82502746582031;[1]
(aaaf);1;12:04:10:876;30.0143985748291;64.4345703125;92.82502746582031;[1]
(aaaf);1;12:04:11:204;30.0767993927002;64.404052734375;92.82502746582031;[1]
(aaaf);1;12:04:11:204;30.0767993927002;64.404052734375;92.82502746582031;[1]
(aaaf);1;12:04:11:531;30.0767993927002;64.404052734375;92.82502746582031;[1]
(aaaf);1;12:04:11:531;30.0767993927002;64.404052734375;92.82502746582031;[1]
(aaaf);1;12:04:11:859;30.0767993927002;64.404052734375;93.01564025878906;[1]
(aaaf);1;12:04:11:859;30.0767993927002;64.404052734375;93.01564025878906;[1]
(aaaf);1;12:04:12:186;30.0767993927002;64.404052734375;92.95210266113281;[1]
(aaaf);1;12:04:12:186;30.0767993927002;64.404052734375;92.95210266113281;[1]
(aaaf);1;12:04:12:514;30.0143985748291;64.37353515625;93.01564025878906;[1]
(aaaf);1;12:04:12:514;30.0143985748291;64.37353515625;93.01564025878906;[1]
(aaaf);1;12:04:12:841;30.0767993927002;64.37353515625;92.95210266113281;[1]
(aaaf);1;12:04:12:841;30.0767993927002;64.37353515625;92.95210266113281;[1]
(aaaf);1;12:04:13:169;30.0767993927002;64.37353515625;92.88856506347656;[1]
(aaaf);1;12:04:13:169;30.0767993927002;64.37353515625;92.88856506347656;[1]
(aaaf);1;12:04:13:497;30.0143985748291;64.343017578125;92.95210266113281;[1]
(aaaf);1;12:04:13:497;30.0143985748291;64.343017578125;92.95210266113281;[1]
(aaaf);1;12:04:13:825;30.0143985748291;64.343017578125;92.95210266113281;[1]
(aaaf);1;12:04:13:825;30.0143985748291;64.343017578125;92.95210266113281;[1]
(aaaf);1;12:04:14:153;30.0767993927002;64.3125;92.95210266113281;[1]
(aaaf);1;12:04:14:153;30.0767993927002;64.3125;92.95210266113281;[1]
(aaaf);1;12:04:14:475;30.0143985748291;64.3125;92.82502746582031;[1]
(aaaf);1;12:04:14:475;30.0143985748291;64.3125;92.82502746582031;[1]
(aaaf);1;12:04:14:798;30.0767993927002;64.28961181640625;92.95210266113281;[1]
(aaaf);1;12:04:14:798;30.0767993927002;64.28961181640625;92.95210266113281;[1]
(aaaf);1;12:04:15:126;30.0767993927002;64.28961181640625;92.95210266113281;[1]
(aaaf);1;12:04:15:126;30.0767993927002;64.28961181640625;92.95210266113281;[1]
(aaaf);1;12:04:15:454;30.0767993927002;64.28961181640625;92.88856506347656;[1]
(aaaf);1;12:04:15:454;30.0767993927002;64.28961181640625;92.88856506347656;[1]
(aaaf);1;12:04:15:782;30.0767993927002;64.25909423828125;92.88856506347656;[1]
(aaaf);1;12:04:15:782;30.0767993927002;64.25909423828125;92.88856506347656;[1]
(aaaf);1;12:04:16:110;30.0143985748291;64.25909423828125;92.95210266113281;[1]
(aaaf);1;12:04:16:110;30.0143985748291;64.25909423828125;92.95210266113281;[1]
(aaaf);1;12:04:16:438;30.0143985748291;64.25909423828125;92.82502746582031;[1]
(aaaf);1;12:04:16:438;30.0143985748291;64.25909423828125;92.82502746582031;[1]
(aaaf);1;12:04:16:766;30.0767993927002;64.25909423828125;92.95210266113281;[1]
(aaaf);1;12:04:16:766;30.0767993927002;64.25909423828125;92.95210266113281;[1]
(aaaf);1;12:04:17:94;30.0767993927002;64.25909423828125;92.88856506347656;[1]
(aaaf);1;12:04:17:94;30.0767993927002;64.25909423828125;92.88856506347656;[1]
(aaaf);1;12:04:17:422;30.0143985748291;64.25909423828125;92.95210266113281;[1]
(aaaf);1;12:04:17:422;30.0143985748291;64.25909423828125;92.95210266113281;[1]
(aaaf);1;12:04:17:750;30.0143985748291;64.25909423828125;92.95210266113281;[1]
(aaaf);1;12:04:17:750;30.0143985748291;64.25909423828125;92.95210266113281;[1]
(aaaf);1;12:04:18:78;30.0767993927002;64.25909423828125;92.88856506347656;[1]
(aaaf);1;12:04:18:78;30.0767993927002;64.25909423828125;92.88856506347656;[1]
(aaaf);1;12:04:18:406;30.0767993927002;64.25909423828125;93.01564025878906;[1]
(aaaf);1;12:04:18:406;30.0767993927002;64.25909423828125;93.01564025878906;[1]
(aaaf);1;12:04:18:733;30.0767993927002;64.25909423828125;92.95210266113281;[1]
(aaaf);1;12:04:18:733;30.0767993927002;64.25909423828125;92.95210266113281;[1]
(aaaf);1;12:04:19:62;30.0767993927002;64.25909423828125;92.95210266113281;[1]
(aaaf);1;12:04:19:62;30.0767993927002;64.25909423828125;92.95210266113281;[1]
(aaaf);1;12:04:19:390;30.0767993927002;64.22857666015625;92.95210266113281;[1]
(aaaf);1;12:04:19:390;30.0767993927002;64.22857666015625;92.95210266113281;[1]
(aaaf);1;12:04:19:718;30.0767993927002;64.22857666015625;92.95210266113281;[1]
(aaaf);1;12:04:19:718;30.0767993927002;64.22857666015625;92.95210266113281;[1]
(aaaf);1;12:04:20:46;30.0143985748291;64.22857666015625;92.95210266113281;[1]
(aaaf);1;12:04:20:46;30.0143985748291;64.22857666015625;92.95210266113281;[1]
(aaaf);1;12:04:20:374;30.0767993927002;64.19805908203125;92.88856506347656;[1]
(aaaf);1;12:04:20:374;30.0767993927002;64.19805908203125;92.88856506347656;[1]
(aaaf);1;12:04:20:702;30.0767993927002;64.19805908203125;92.82502746582031;[1]
(aaaf);1;12:04:20:702;30.0767993927002;64.19805908203125;92.82502746582031;[1]
(aaaf);1;12:04:21:30;30.0767993927002;64.19805908203125;92.95210266113281;[1]
(aaaf);1;12:04:21:30;30.0767993927002;64.19805908203125;92.95210266113281;[1]
(aaaf);1;12:04:21:358;30.0767993927002;64.13702392578125;92.95210266113281;[1]
(aaaf);1;12:04:21:358;30.0767993927002;64.13702392578125;92.95210266113281;[1]
(aaaf);1;12:04:21:686;30.0767993927002;64.13702392578125;93.01564025878906;[1]
(aaaf);1;12:04:21:686;30.0767993927002;64.13702392578125;93.01564025878906;[1]
(aaaf);1;12:04:22:13;30.0767993927002;64.10650634765625;92.95210266113281;[1]
(aaaf);1;12:04:22:13;30.0767993927002;64.10650634765625;92.95210266113281;[1]
(aaaf);1;12:04:22:341;30.0767993927002;64.10650634765625;92.95210266113281;[1]
(aaaf);1;12:04:22:341;30.0767993927002;64.10650634765625;92.95210266113281;[1]
(aaaf);1;12:04:22:670;30.0767993927002;64.10650634765625;92.95210266113281;[1]
(aaaf);1;12:04:22:670;30.0767993927002;64.10650634765625;92.95210266113281;[1]
(aaaf);1;12:04:22:998;30.0767993927002;64.07598876953125;92.95210266113281;[1]
(aaaf);1;12:04:22:998;30.0767993927002;64.07598876953125;92.95210266113281;[1]
(aaaf);1;12:04:23:326;30.0767993927002;64.07598876953125;92.95210266113281;[1]
(aaaf);1;12:04:23:326;30.0767993927002;64.07598876953125;92.95210266113281;[1]
(aaaf);1;12:04:23:654;30.0767993927002;64.07598876953125;92.82502746582031;[1]
(aaaf);1;12:04:23:654;30.0767993927002;64.07598876953125;92.82502746582031;[1]
(aaaf);1;12:04:23:982;30.0767993927002;64.04547119140625;92.82502746582031;[1]
(aaaf);1;12:04:23:982;30.0767993927002;64.04547119140625;92.82502746582031;[1]
(aaaf);1;12:04:24:310;30.0767993927002;64.04547119140625;92.88856506347656;[1]
(aaaf);1;12:04:24:310;30.0767993927002;64.04547119140625;92.88856506347656;[1]
(aaaf);1;12:04:24:638;30.0767993927002;64.04547119140625;92.95210266113281;[1]
(aaaf);1;12:04:24:638;30.0767993927002;64.04547119140625;92.95210266113281;[1]
(aaaf);1;12:04:24:966;30.0767993927002;64.01495361328125;92.82502746582031;[1]
(aaaf);1;12:04:24:966;30.0767993927002;64.01495361328125;92.82502746582031;[1]
(aaaf);1;12:04:25:294;30.0767993927002;64.01495361328125;92.95210266113281;[1]
(aaaf);1;12:04:25:294;30.0767993927002;64.01495361328125;92.95210266113281;[1]
(aaaf);1;12:04:25:622;30.0767993927002;64.01495361328125;92.95210266113281;[1]
(aaaf);1;12:04:25:622;30.0767993927002;64.01495361328125;92.95210266113281;[1]
(aaaf);1;12:04:25:950;30.0767993927002;64.01495361328125;92.88856506347656;[1]
(aaaf);1;12:04:25:950;30.0767993927002;64.01495361328125;92.88856506347656;[1]
(aaaf);1;12:04:26:278;30.0767993927002;63.98443603515625;92.95210266113281;[1]
(aaaf);1;12:04:26:278;30.0767993927002;63.98443603515625;92.95210266113281;[1]
(aaaf);1;12:04:26:606;30.0767993927002;63.98443603515625;92.95210266113281;[1]
(aaaf);1;12:04:26:606;30.0767993927002;63.98443603515625;92.95210266113281;[1]
(aaaf);1;12:04:26:934;30.0767993927002;63.98443603515625;92.82502746582031;[1]
(aaaf);1;12:04:26:934;30.0767993927002;63.98443603515625;92.82502746582031;[1]
(aaaf);1;12:04:27:262;30.0767993927002;63.95391845703125;92.88856506347656;[1]
(aaaf);1;12:04:27:262;30.0767993927002;63.95391845703125;92.88856506347656;[1]
(aaaf);1;12:04:27:590;30.0767993927002;63.95391845703125;93.01564025878906;[1]
(aaaf);1;12:04:27:590;30.0767993927002;63.95391845703125;93.01564025878906;[1]
(aaaf);1;12:04:27:917;30.0767993927002;63.95391845703125;92.82502746582031;[1]
(aaaf);1;12:04:27:917;30.0767993927002;63.95391845703125;92.82502746582031;[1]
(aaaf);1;12:04:28:245;30.0767993927002;63.95391845703125;93.01564025878906;[1]
(aaaf);1;12:04:28:245;30.0767993927002;63.95391845703125;93.01564025878906;[1]
(aaaf);1;12:04:28:572;30.0767993927002;63.9310302734375;93.01564025878906;[1]
(aaaf);1;12:04:28:572;30.0767993927002;63.9310302734375;93.01564025878906;[1]
(aaaf);1;12:04:28:900;30.0767993927002;63.9310302734375;92.95210266113281;[1]
(aaaf);1;12:04:28:900;30.0767993927002;63.9310302734375;92.95210266113281;[1]
(aaaf);1;12:04:29:228;30.0767993927002;63.9310302734375;92.82502746582031;[1]
(aaaf);1;12:04:29:228;30.0767993927002;63.9310302734375;92.82502746582031;[1]
(aaaf);1;12:04:29:556;30.0767993927002;63.9310302734375;93.01564025878906;[1]
(aaaf);1;12:04:29:556;30.0767993927002;63.9310302734375;93.01564025878906;[1]
(aaaf);1;12:04:29:883;30.0767993927002;63.9310302734375;92.82502746582031;[1]
(aaaf);1;12:04:29:883;30.0767993927002;63.9310302734375;92.82502746582031;[1]
(aaaf);1;12:04:30:211;30.0767993927002;63.9005126953125;92.82502746582031;[1]
(aaaf);1;12:04:30:211;30.0767993927002;63.9005126953125;92.82502746582031;[1]
(aaaf);1;12:04:30:539;30.0767993927002;63.9005126953125;93.01564025878906;[1]
(aaaf);1;12:04:30:539;30.0767993927002;63.9005126953125;93.01564025878906;[1]
(aaaf);1;12:04:30:866;30.0767993927002;63.9005126953125;92.82502746582031;[1]
(aaaf);1;12:04:30:866;30.0767993927002;63.9005126953125;92.82502746582031;[1]
(aaaf);1;12:04:31:194;30.0767993927002;63.9005126953125;92.95210266113281;[1]
(aaaf);1;12:04:31:194;30.0767993927002;63.9005126953125;92.95210266113281;[1]
(aaaf);1;12:04:31:522;30.0767993927002;63.9005126953125;92.88856506347656;[1]
(aaaf);1;12:04:31:522;30.0767993927002;63.9005126953125;92.88856506347656;[1]
(aaaf);1;12:04:31:850;30.0767993927002;63.8699951171875;92.82502746582031;[1]
(aaaf);1;12:04:31:850;30.0767993927002;63.8699951171875;92.82502746582031;[1]
(aaaf);1;12:04:32:178;30.0767993927002;63.9005126953125;92.82502746582031;[1]
(aaaf);1;12:04:32:178;30.0767993927002;63.9005126953125;92.82502746582031;[1]
(aaaf);1;12:04:32:505;30.0767993927002;63.9005126953125;92.82502746582031;[1]
(aaaf);1;12:04:32:505;30.0767993927002;63.9005126953125;92.82502746582031;[1]
(aaaf);1;12:04:32:833;30.0767993927002;63.9005126953125;93.01564025878906;[1]
(aaaf);1;12:04:32:833;30.0767993927002;63.9005126953125;93.01564025878906;[1]
(aaaf);1;12:04:33:160;30.0767993927002;63.8699951171875;92.95210266113281;[1]
(aaaf);1;12:04:33:160;30.0767993927002;63.8699951171875;92.95210266113281;[1]
(aaaf);1;12:04:33:488;30.0767993927002;63.9005126953125;92.88856506347656;[1]
(aaaf);1;12:04:33:488;30.0767993927002;63.9005126953125;92.88856506347656;[1]
(aaaf);1;12:04:33:816;30.0767993927002;63.9005126953125;92.82502746582031;[1]
(aaaf);1;12:04:33:816;30.0767993927002;63.9005126953125;92.82502746582031;[1]
(aaaf);1;12:04:34:144;30.0767993927002;63.9005126953125;93.07917785644531;[1]
(aaaf);1;12:04:34:144;30.0767993927002;63.9005126953125;93.07917785644531;[1]
(aaaf);1;12:04:34:472;30.0767993927002;63.9005126953125;92.88856506347656;[1]
(aaaf);1;12:04:34:472;30.0767993927002;63.9005126953125;92.88856506347656;[1]
(aaaf);1;12:04:34:800;30.0767993927002;63.9005126953125;92.88856506347656;[1]
(aaaf);1;12:04:34:800;30.0767993927002;63.9005126953125;92.88856506347656;[1]
(aaaf);1;12:04:35:128;30.0767993927002;63.9005126953125;92.95210266113281;[1]
(aaaf);1;12:04:35:128;30.0767993927002;63.9005126953125;92.95210266113281;[1]
(aaaf);1;12:04:35:456;30.0767993927002;63.9005126953125;92.82502746582031;[1]
(aaaf);1;12:04:35:456;30.0767993927002;63.9005126953125;92.82502746582031;[1]
(aaaf);1;12:04:35:784;30.0767993927002;63.9005126953125;92.82502746582031;[1]
(aaaf);1;12:04:35:784;30.0767993927002;63.9005126953125;92.82502746582031;[1]
(aaaf);1;12:04:36:112;30.0767993927002;63.9005126953125;92.88856506347656;[1]
(aaaf);1;12:04:36:112;30.0767993927002;63.9005126953125;92.88856506347656;[1]
(aaaf);1;12:04:36:440;30.0767993927002;63.9005126953125;92.95210266113281;[1]
(aaaf);1;12:04:36:440;30.0767993927002;63.9005126953125;92.95210266113281;[1]
(aaaf);1;12:04:36:768;30.0767993927002;63.9005126953125;92.82502746582031;[1]
(aaaf);1;12:04:36:768;30.0767993927002;63.9005126953125;92.82502746582031;[1]
(aaaf);1;12:04:37:96;30.0767993927002;63.9005126953125;92.88856506347656;[1]
(aaaf);1;12:04:37:96;30.0767993927002;63.9005126953125;92.88856506347656;[1]
(aaaf);1;12:04:37:424;30.0767993927002;63.9005126953125;93.01564025878906;[1]
(aaaf);1;12:04:37:424;30.0767993927002;63.9005126953125;93.01564025878906;[1]
(aaaf);1;12:04:37:751;30.0767993927002;63.9005126953125;92.82502746582031;[1]
(aaaf);1;12:04:37:751;30.0767993927002;63.9005126953125;92.82502746582031;[1]
(aaaf);1;12:04:38:78;30.0767993927002;63.9005126953125;92.95210266113281;[1]
(aaaf);1;12:04:38:78;30.0767993927002;63.9005126953125;92.95210266113281;[1]
(aaaf);1;12:04:38:406;30.0767993927002;63.9005126953125;93.01564025878906;[0]
