(cadf);22:29:40:529;1;28.76639938354492;72.10211181640625;92.69794464111328;[1]
(bccf);22:29:40:651;1;28.64159965515136;76.45086669921875;92.88856506347656;[1]
(cadf);22:29:40:777;2;28.76639938354492;72.10211181640625;92.76148986816406;[1]
(bccf);22:29:40:896;2;28.64159965515136;76.45086669921875;92.82502746582031;[1]
(cadf);22:29:41:25;3;28.70399856567382;72.10211181640625;92.88856506347656;[1]
(bccf);22:29:41:146;3;28.64159965515136;76.45086669921875;92.88856506347656;[1]
(cadf);22:29:41:269;4;28.76639938354492;72.10211181640625;92.76148986816406;[1]
(bccf);22:29:41:386;4;28.64159965515136;76.45086669921875;92.88856506347656;[1]
(cadf);22:29:41:513;5;28.70399856567382;72.10211181640625;92.95210266113281;[1]
(bccf);22:29:41:631;5;28.64159965515136;76.45086669921875;92.88856506347656;[1]
(cadf);22:29:41:758;6;28.70399856567382;72.10211181640625;92.76148986816406;[1]
(bccf);22:29:41:876;6;28.64159965515136;76.45086669921875;92.82502746582031;[1]
(cadf);22:29:42:8;7;28.70399856567382;72.10211181640625;92.76148986816406;[1]
(bccf);22:29:42:126;7;28.64159965515136;76.45086669921875;92.88856506347656;[1]
(cadf);22:29:42:257;8;28.76639938354492;72.10211181640625;92.82502746582031;[1]
(bccf);22:29:42:386;8;28.64159965515136;76.45086669921875;92.82502746582031;[1]
(cadf);22:29:42:506;9;28.70399856567382;72.10211181640625;92.76148986816406;[1]
(bccf);22:29:42:626;9;28.64159965515136;76.45086669921875;92.82502746582031;[1]
(bccf);22:29:42:758;10;28.64159965515136;76.45086669921875;92.82502746582031;[1]
(cadf);22:29:42:876;10;28.70399856567382;72.0792236328125;92.76148986816406;[1]
(bccf);22:29:43:5;11;28.64159965515136;76.42034912109375;92.88856506347656;[1]
(cadf);22:29:43:126;11;28.76639938354492;72.10211181640625;92.88856506347656;[1]
(bccf);22:29:43:254;12;28.64159965515136;76.42034912109375;92.82502746582031;[1]
(cadf);22:29:43:371;12;28.76639938354492;72.0792236328125;92.76148986816406;[1]
(bccf);22:29:43:503;13;28.64159965515136;76.42034912109375;92.82502746582031;[1]
(cadf);22:29:43:621;13;28.76639938354492;72.0792236328125;92.82502746582031;[1]
(bccf);22:29:43:750;14;28.64159965515136;76.42034912109375;92.88856506347656;[1]
(cadf);22:29:43:871;14;28.76639938354492;72.0792236328125;92.82502746582031;[1]
(bccf);22:29:43:994;15;28.64159965515136;76.42034912109375;92.82502746582031;[1]
(cadf);22:29:44:111;15;28.76639938354492;72.0792236328125;92.69794464111328;[1]
(cadf);22:29:44:238;16;28.70399856567382;72.0792236328125;92.95210266113281;[1]
(bccf);22:29:44:356;16;28.64159965515136;76.42034912109375;92.88856506347656;[1]
(cadf);22:29:44:481;17;28.70399856567382;72.0792236328125;92.76148986816406;[1]
(bccf);22:29:44:601;17;28.64159965515136;76.38983154296875;92.82502746582031;[1]
(cadf);22:29:44:721;18;28.76639938354492;72.0792236328125;92.76148986816406;[1]
(bccf);22:29:44:841;18;28.64159965515136;76.38983154296875;92.88856506347656;[1]
(cadf);22:29:44:964;19;28.76639938354492;72.0487060546875;92.76148986816406;[1]
(bccf);22:29:45:86;19;28.64159965515136;76.38983154296875;92.88856506347656;[1]
(cadf);22:29:45:215;20;28.70399856567382;72.0487060546875;92.82502746582031;[1]
(bccf);22:29:45:336;20;28.64159965515136;76.38983154296875;92.82502746582031;[1]
(cadf);22:29:45:458;21;28.76639938354492;72.0487060546875;92.76148986816406;[1]
(bccf);22:29:45:576;21;28.70399856567382;76.38983154296875;92.82502746582031;[1]
(cadf);22:29:45:703;22;28.76639938354492;72.0487060546875;92.95210266113281;[1]
(bccf);22:29:45:821;22;28.64159965515136;76.38983154296875;92.82502746582031;[1]
(cadf);22:29:45:946;23;28.76639938354492;72.0487060546875;92.82502746582031;[1]
(bccf);22:29:46:66;23;28.64159965515136;76.38983154296875;92.88856506347656;[1]
(cadf);22:29:46:191;24;28.76639938354492;72.0487060546875;92.76148986816406;[1]
(bccf);22:29:46:311;24;28.64159965515136;76.38983154296875;92.88856506347656;[1]
(cadf);22:29:46:437;25;28.76639938354492;72.0487060546875;92.76148986816406;[1]
(bccf);22:29:46:556;25;28.64159965515136;76.38983154296875;92.88856506347656;[1]
(cadf);22:29:46:681;26;28.76639938354492;72.0487060546875;92.95210266113281;[1]
(bccf);22:29:46:801;26;28.64159965515136;76.38983154296875;92.76148986816406;[1]
(cadf);22:29:46:921;27;28.76639938354492;72.0181884765625;92.82502746582031;[1]
(bccf);22:29:47:41;27;28.64159965515136;76.38983154296875;92.88856506347656;[1]
(cadf);22:29:47:161;28;28.76639938354492;72.0181884765625;92.82502746582031;[1]
(bccf);22:29:47:281;28;28.64159965515136;76.38983154296875;92.82502746582031;[1]
(cadf);22:29:47:403;29;28.76639938354492;72.0181884765625;92.82502746582031;[1]
(bccf);22:29:47:521;29;28.64159965515136;76.38983154296875;92.88856506347656;[1]
(cadf);22:29:47:643;30;28.76639938354492;72.0181884765625;92.76148986816406;[1]
(bccf);22:29:47:761;30;28.64159965515136;76.38983154296875;92.88856506347656;[1]
(cadf);22:29:47:891;31;28.76639938354492;72.0181884765625;92.82502746582031;[1]
(bccf);22:29:48:11;31;28.70399856567382;76.3516845703125;92.82502746582031;[1]
(cadf);22:29:48:136;32;28.76639938354492;72.0181884765625;92.76148986816406;[1]
(bccf);22:29:48:256;32;28.64159965515136;76.3516845703125;92.88856506347656;[1]
(cadf);22:29:48:380;33;28.76639938354492;72.0181884765625;92.76148986816406;[1]
(bccf);22:29:48:501;33;28.64159965515136;76.3516845703125;92.82502746582031;[1]
(cadf);22:29:48:630;34;28.76639938354492;71.99530029296875;92.76148986816406;[1]
(bccf);22:29:48:751;34;28.64159965515136;76.3516845703125;92.76148986816406;[1]
(cadf);22:29:48:878;35;28.76639938354492;71.99530029296875;92.76148986816406;[1]
(bccf);22:29:48:996;35;28.64159965515136;76.3516845703125;92.76148986816406;[1]
(cadf);22:29:49:126;36;28.76639938354492;71.99530029296875;92.76148986816406;[1]
(bccf);22:29:49:245;36;28.64159965515136;76.3516845703125;92.88856506347656;[1]
(cadf);22:29:49:369;37;28.76639938354492;71.99530029296875;92.76148986816406;[1]
(bccf);22:29:49:490;37;28.64159965515136;76.3516845703125;92.88856506347656;[1]
(cadf);22:29:49:614;38;28.76639938354492;71.99530029296875;92.76148986816406;[1]
(bccf);22:29:49:735;38;28.64159965515136;76.3516845703125;92.88856506347656;[1]
(cadf);22:29:49:864;39;28.76639938354492;71.99530029296875;92.76148986816406;[1]
(bccf);22:29:49:989;39;28.64159965515136;76.3516845703125;92.88856506347656;[1]
(cadf);22:29:50:111;40;28.76639938354492;71.99530029296875;92.69794464111328;[1]
(bccf);22:29:50:229;40;28.64159965515136;76.3516845703125;92.82502746582031;[1]
(cadf);22:29:50:356;41;28.76639938354492;71.99530029296875;92.76148986816406;[1]
(bccf);22:29:50:474;41;28.64159965515136;76.3211669921875;92.82502746582031;[1]
(cadf);22:29:50:605;42;28.76639938354492;71.99530029296875;92.69794464111328;[1]
(bccf);22:29:50:724;42;28.64159965515136;76.3211669921875;92.82502746582031;[1]
(cadf);22:29:50:855;43;28.76639938354492;71.99530029296875;92.69794464111328;[1]
(bccf);22:29:50:974;43;28.70399856567382;76.3211669921875;92.82502746582031;[1]
(cadf);22:29:51:104;44;28.76639938354492;71.99530029296875;92.76148986816406;[1]
(bccf);22:29:51:224;44;28.70399856567382;76.3211669921875;92.82502746582031;[1]
(cadf);22:29:51:352;45;28.70399856567382;71.99530029296875;92.82502746582031;[1]
(bccf);22:29:51:473;45;28.64159965515136;76.3211669921875;92.88856506347656;[1]
(cadf);22:29:51:600;46;28.76639938354492;71.96478271484375;92.76148986816406;[1]
(bccf);22:29:51:718;46;28.64159965515136;76.3211669921875;92.82502746582031;[1]
(cadf);22:29:51:848;47;28.76639938354492;71.96478271484375;92.82502746582031;[1]
(bccf);22:29:51:973;47;28.70399856567382;76.3211669921875;92.82502746582031;[1]
(cadf);22:29:52:93;48;28.76639938354492;71.96478271484375;92.69794464111328;[1]
(bccf);22:29:52:213;48;28.70399856567382;76.3211669921875;92.82502746582031;[1]
(cadf);22:29:52:346;49;28.76639938354492;71.96478271484375;92.82502746582031;[1]
(bccf);22:29:52:463;49;28.64159965515136;76.3211669921875;92.88856506347656;[1]
(cadf);22:29:52:589;50;28.76639938354492;71.96478271484375;92.82502746582031;[1]
(bccf);22:29:52:708;50;28.64159965515136;76.3211669921875;92.88856506347656;[1]
(cadf);22:29:52:834;51;28.76639938354492;71.96478271484375;92.76148986816406;[1]
(bccf);22:29:52:953;51;28.64159965515136;76.3211669921875;92.88856506347656;[1]
(cadf);22:29:53:78;52;28.76639938354492;71.96478271484375;92.76148986816406;[1]
(bccf);22:29:53:198;52;28.64159965515136;76.3211669921875;92.82502746582031;[1]
(cadf);22:29:53:323;53;28.76639938354492;71.96478271484375;92.76148986816406;[1]
(bccf);22:29:53:443;53;28.64159965515136;76.2906494140625;92.88856506347656;[1]
(cadf);22:29:53:570;54;28.76639938354492;71.96478271484375;92.82502746582031;[1]
(bccf);22:29:53:687;54;28.64159965515136;76.2906494140625;92.82502746582031;[1]
(cadf);22:29:53:814;55;28.76639938354492;71.96478271484375;92.69794464111328;[1]
(bccf);22:29:53:937;55;28.64159965515136;76.2906494140625;92.88856506347656;[1]
(cadf);22:29:54:58;56;28.76639938354492;71.96478271484375;92.88856506347656;[1]
(bccf);22:29:54:176;56;28.70399856567382;76.2906494140625;92.88856506347656;[1]
(cadf);22:29:54:305;57;28.76639938354492;71.96478271484375;92.76148986816406;[1]
(bccf);22:29:54:426;57;28.70399856567382;76.3211669921875;92.82502746582031;[1]
(cadf);22:29:54:550;58;28.76639938354492;71.96478271484375;92.76148986816406;[1]
(bccf);22:29:54:671;58;28.64159965515136;76.3211669921875;92.88856506347656;[1]
(cadf);22:29:54:799;59;28.76639938354492;71.96478271484375;92.76148986816406;[1]
(bccf);22:29:54:921;59;28.64159965515136;76.3211669921875;92.88856506347656;[1]
(cadf);22:29:55:47;60;28.76639938354492;71.96478271484375;92.88856506347656;[1]
(bccf);22:29:55:166;60;28.64159965515136;76.3211669921875;92.82502746582031;[1]
(cadf);22:29:55:291;61;28.76639938354492;71.96478271484375;92.76148986816406;[1]
(bccf);22:29:55:410;61;28.70399856567382;76.3211669921875;92.88856506347656;[1]
(cadf);22:29:55:536;62;28.76639938354492;71.96478271484375;92.76148986816406;[1]
(bccf);22:29:55:655;62;28.70399856567382;76.3211669921875;92.88856506347656;[1]
(cadf);22:29:55:784;63;28.76639938354492;71.96478271484375;92.76148986816406;[1]
(bccf);22:29:55:910;63;28.64159965515136;76.3211669921875;92.82502746582031;[1]
(cadf);22:29:56:34;64;28.76639938354492;71.96478271484375;92.88856506347656;[1]
(bccf);22:29:56:155;64;28.70399856567382;76.3211669921875;92.82502746582031;[1]
(cadf);22:29:56:282;65;28.76639938354492;71.96478271484375;92.76148986816406;[1]
(bccf);22:29:56:400;65;28.64159965515136;76.2906494140625;92.88856506347656;[1]
(cadf);22:29:56:531;66;28.76639938354492;71.96478271484375;92.82502746582031;[1]
(bccf);22:29:56:650;66;28.64159965515136;76.2906494140625;92.82502746582031;[1]
(cadf);22:29:56:781;67;28.76639938354492;71.96478271484375;92.82502746582031;[1]
(bccf);22:29:56:900;67;28.70399856567382;76.2906494140625;92.82502746582031;[1]
(cadf);22:29:57:34;68;28.76639938354492;71.96478271484375;92.82502746582031;[1]
(bccf);22:29:57:155;68;28.70399856567382;76.2906494140625;92.88856506347656;[1]
(cadf);22:29:57:282;69;28.76639938354492;71.96478271484375;92.76148986816406;[1]
(bccf);22:29:57:405;69;28.64159965515136;76.2906494140625;92.82502746582031;[1]
(cadf);22:29:57:532;70;28.76639938354492;71.96478271484375;92.76148986816406;[1]
(bccf);22:29:57:650;70;28.70399856567382;76.2906494140625;92.88856506347656;[1]
(cadf);22:29:57:781;71;28.76639938354492;71.96478271484375;92.82502746582031;[1]
(bccf);22:29:57:899;71;28.70399856567382;76.2906494140625;92.76148986816406;[1]
(cadf);22:29:58:27;72;28.76639938354492;71.96478271484375;92.63440704345703;[1]
(bccf);22:29:58:149;72;28.64159965515136;76.2906494140625;92.82502746582031;[1]
(cadf);22:29:58:272;73;28.76639938354492;71.96478271484375;92.76148986816406;[1]
(bccf);22:29:58:393;73;28.64159965515136;76.2906494140625;92.76148986816406;[1]
(cadf);22:29:58:522;74;28.76639938354492;71.96478271484375;92.76148986816406;[1]
(bccf);22:29:58:643;74;28.70399856567382;76.2906494140625;92.82502746582031;[1]
(cadf);22:29:58:771;75;28.82879829406738;71.96478271484375;92.76148986816406;[1]
(bccf);22:29:58:888;75;28.70399856567382;76.2906494140625;92.76148986816406;[1]
(cadf);22:29:59:19;76;28.76639938354492;71.96478271484375;92.82502746582031;[1]
(bccf);22:29:59:138;76;28.70399856567382;76.2906494140625;92.82502746582031;[1]
(cadf);22:29:59:269;77;28.76639938354492;71.96478271484375;92.76148986816406;[1]
(bccf);22:29:59:388;77;28.70399856567382;76.2906494140625;92.76148986816406;[1]
(cadf);22:29:59:521;78;28.76639938354492;71.96478271484375;92.76148986816406;[1]
(bccf);22:29:59:643;78;28.70399856567382;76.2906494140625;92.88856506347656;[1]
(cadf);22:29:59:768;79;28.76639938354492;71.96478271484375;92.76148986816406;[1]
(bccf);22:29:59:888;79;28.70399856567382;76.2601318359375;92.82502746582031;[1]
(cadf);22:30:00:16;80;28.76639938354492;71.96478271484375;92.82502746582031;[1]
(bccf);22:30:00:133;80;28.64159965515136;76.2906494140625;92.82502746582031;[1]
(cadf);22:30:00:265;81;28.76639938354492;71.96478271484375;92.76148986816406;[1]
(bccf);22:30:00:383;81;28.70399856567382;76.2601318359375;92.76148986816406;[1]
(cadf);22:30:00:514;82;28.76639938354492;71.96478271484375;92.69794464111328;[1]
(bccf);22:30:00:633;82;28.64159965515136;76.2601318359375;92.82502746582031;[1]
(cadf);22:30:00:762;83;28.76639938354492;71.94189453125;92.82502746582031;[1]
(bccf);22:30:00:883;83;28.64159965515136;76.2601318359375;92.88856506347656;[1]
(cadf);22:30:01:11;84;28.76639938354492;71.94189453125;92.82502746582031;[1]
(bccf);22:30:01:128;84;28.64159965515136;76.2601318359375;92.88856506347656;[1]
(cadf);22:30:01:260;85;28.76639938354492;71.911376953125;92.76148986816406;[1]
(bccf);22:30:01:378;85;28.70399856567382;76.2601318359375;92.76148986816406;[1]
(cadf);22:30:01:508;86;28.82879829406738;71.911376953125;92.69794464111328;[1]
(bccf);22:30:01:628;86;28.70399856567382;76.2601318359375;92.88856506347656;[1]
(bccf);22:30:01:758;87;28.70399856567382;76.2601318359375;92.76148986816406;[1]
(cadf);22:30:01:878;87;28.76639938354492;71.911376953125;92.76148986816406;[1]
(bccf);22:30:02:5;88;28.70399856567382;76.2601318359375;92.88856506347656;[1]
(cadf);22:30:02:123;88;28.76639938354492;71.911376953125;92.82502746582031;[1]
(bccf);22:30:02:248;89;28.70399856567382;76.2601318359375;92.88856506347656;[1]
(cadf);22:30:02:368;89;28.76639938354492;71.911376953125;92.82502746582031;[1]
(bccf);22:30:02:496;90;28.64159965515136;76.2601318359375;92.82502746582031;[1]
(cadf);22:30:02:618;90;28.82879829406738;71.911376953125;92.82502746582031;[1]
(bccf);22:30:02:740;91;28.70399856567382;76.2601318359375;92.82502746582031;[1]
(cadf);22:30:02:858;91;28.76639938354492;71.911376953125;92.76148986816406;[1]
(bccf);22:30:02:984;92;28.70399856567382;76.2601318359375;92.76148986816406;[1]
(cadf);22:30:03:103;92;28.76639938354492;71.911376953125;92.82502746582031;[1]
(cadf);22:30:03:231;93;28.76639938354492;71.911376953125;92.82502746582031;[1]
(cadf);22:30:03:470;94;28.76639938354492;71.911376953125;92.82502746582031;[1]
(bccf);22:30:03:588;93;28.70399856567382;76.2601318359375;92.88856506347656;[1]
(cadf);22:30:03:714;95;28.76639938354492;71.911376953125;92.76148986816406;[1]
(bccf);22:30:03:833;94;28.70399856567382;76.2296142578125;92.82502746582031;[1]
(cadf);22:30:03:964;96;28.76639938354492;71.911376953125;92.76148986816406;[1]
(bccf);22:30:04:83;95;28.70399856567382;76.2296142578125;92.88856506347656;[1]
(cadf);22:30:04:212;97;28.76639938354492;71.911376953125;92.76148986816406;[1]
(bccf);22:30:04:333;96;28.70399856567382;76.2296142578125;92.82502746582031;[1]
(cadf);22:30:04:465;98;28.76639938354492;71.911376953125;92.76148986816406;[1]
(bccf);22:30:04:583;97;28.70399856567382;76.2296142578125;92.82502746582031;[1]
(cadf);22:30:04:709;99;28.76639938354492;71.911376953125;92.82502746582031;[1]
(bccf);22:30:04:828;98;28.70399856567382;76.2296142578125;92.82502746582031;[1]
(cadf);22:30:04:954;100;28.76639938354492;71.911376953125;92.82502746582031;[1]
(bccf);22:30:05:73;99;28.76639938354492;76.2296142578125;92.88856506347656;[1]
(cadf);22:30:05:202;101;28.76639938354492;71.94189453125;92.82502746582031;[1]
(bccf);22:30:05:323;100;28.70399856567382;76.2296142578125;92.76148986816406;[1]
(cadf);22:30:05:443;102;28.76639938354492;71.94189453125;92.76148986816406;[1]
(bccf);22:30:05:563;101;28.70399856567382;76.2296142578125;92.76148986816406;[1]
(cadf);22:30:05:685;103;28.76639938354492;71.94189453125;92.76148986816406;[1]
(bccf);22:30:05:801;102;28.70399856567382;76.2296142578125;92.82502746582031;[1]
(cadf);22:30:05:926;104;28.82879829406738;71.94189453125;92.76148986816406;[1]
(bccf);22:30:06:51;103;28.70399856567382;76.19146728515625;92.82502746582031;[1]
(cadf);22:30:06:171;105;28.76639938354492;71.94189453125;92.76148986816406;[1]
(bccf);22:30:06:290;104;28.70399856567382;76.19146728515625;92.88856506347656;[1]
(cadf);22:30:06:421;106;28.76639938354492;71.94189453125;92.76148986816406;[1]
(bccf);22:30:06:540;105;28.70399856567382;76.19146728515625;92.88856506347656;[1]
(cadf);22:30:06:675;107;28.76639938354492;71.94189453125;92.76148986816406;[1]
(bccf);22:30:06:795;106;28.70399856567382;76.19146728515625;92.69794464111328;[1]
(cadf);22:30:06:924;108;28.82879829406738;71.96478271484375;92.76148986816406;[1]
(bccf);22:30:07:45;107;28.70399856567382;76.19146728515625;92.82502746582031;[1]
(cadf);22:30:07:167;109;28.82879829406738;71.94189453125;92.76148986816406;[1]
(bccf);22:30:07:285;108;28.70399856567382;76.19146728515625;92.82502746582031;[1]
(cadf);22:30:07:411;110;28.82879829406738;71.94189453125;92.82502746582031;[1]
(bccf);22:30:07:530;109;28.70399856567382;76.19146728515625;92.88856506347656;[1]
(cadf);22:30:07:656;111;28.76639938354492;71.94189453125;92.76148986816406;[1]
(bccf);22:30:07:775;110;28.70399856567382;76.19146728515625;92.82502746582031;[1]
(cadf);22:30:07:899;112;28.76639938354492;71.94189453125;92.82502746582031;[1]
(bccf);22:30:08:25;111;28.70399856567382;76.19146728515625;92.88856506347656;[1]
(cadf);22:30:08:148;113;28.82879829406738;71.96478271484375;92.69794464111328;[1]
(bccf);22:30:08:265;112;28.70399856567382;76.19146728515625;92.88856506347656;[1]
(cadf);22:30:08:393;114;28.82879829406738;71.94189453125;92.95210266113281;[1]
(bccf);22:30:08:510;113;28.76639938354492;76.16094970703125;92.88856506347656;[1]
(cadf);22:30:08:636;115;28.76639938354492;71.94189453125;92.69794464111328;[1]
(bccf);22:30:08:755;114;28.70399856567382;76.16094970703125;92.82502746582031;[1]
(cadf);22:30:08:880;116;28.82879829406738;71.94189453125;92.82502746582031;[1]
(bccf);22:30:09:0;115;28.70399856567382;76.16094970703125;92.88856506347656;[1]
(cadf);22:30:09:128;117;28.82879829406738;71.94189453125;92.82502746582031;[1]
(bccf);22:30:09:245;116;28.70399856567382;76.16094970703125;92.88856506347656;[1]
(cadf);22:30:09:372;118;28.82879829406738;71.94189453125;92.82502746582031;[1]
(bccf);22:30:09:490;117;28.76639938354492;76.16094970703125;92.88856506347656;[1]
(cadf);22:30:09:612;119;28.82879829406738;71.94189453125;92.82502746582031;[1]
(bccf);22:30:09:730;118;28.70399856567382;76.16094970703125;92.88856506347656;[1]
(cadf);22:30:09:860;120;28.76639938354492;71.94189453125;92.69794464111328;[1]
(bccf);22:30:09:985;119;28.70399856567382;76.16094970703125;92.76148986816406;[1]
(cadf);22:30:10:110;121;28.76639938354492;71.911376953125;92.82502746582031;[1]
(bccf);22:30:10:230;120;28.70399856567382;76.16094970703125;92.88856506347656;[1]
(cadf);22:30:10:359;122;28.82879829406738;71.911376953125;92.76148986816406;[1]
(bccf);22:30:10:480;121;28.76639938354492;76.16094970703125;92.82502746582031;[1]
(cadf);22:30:10:607;123;28.82879829406738;71.911376953125;92.82502746582031;[1]
(bccf);22:30:10:725;122;28.70399856567382;76.16094970703125;92.82502746582031;[1]
(cadf);22:30:10:851;124;28.76639938354492;71.911376953125;92.76148986816406;[1]
(bccf);22:30:10:970;123;28.70399856567382;76.16094970703125;92.88856506347656;[1]
(cadf);22:30:11:100;125;28.82879829406738;71.911376953125;92.82502746582031;[1]
(bccf);22:30:11:220;124;28.76639938354492;76.16094970703125;92.76148986816406;[1]
(cadf);22:30:11:350;126;28.82879829406738;71.911376953125;92.69794464111328;[1]
(bccf);22:30:11:470;125;28.70399856567382;76.13043212890625;92.88856506347656;[1]
(cadf);22:30:11:604;127;28.82879829406738;71.911376953125;92.69794464111328;[1]
(bccf);22:30:11:725;126;28.76639938354492;76.13043212890625;92.88856506347656;[1]
(cadf);22:30:11:852;128;28.82879829406738;71.911376953125;92.82502746582031;[1]
(bccf);22:30:11:975;127;28.70399856567382;76.13043212890625;92.82502746582031;[1]
(cadf);22:30:12:100;129;28.82879829406738;71.911376953125;92.69794464111328;[1]
(bccf);22:30:12:220;128;28.70399856567382;76.13043212890625;92.88856506347656;[1]
(cadf);22:30:12:344;130;28.76639938354492;71.911376953125;92.69794464111328;[1]
(bccf);22:30:12:465;129;28.76639938354492;76.13043212890625;92.82502746582031;[1]
(cadf);22:30:12:594;131;28.82879829406738;71.911376953125;92.82502746582031;[1]
(bccf);22:30:12:715;130;28.70399856567382;76.13043212890625;92.82502746582031;[1]
(cadf);22:30:12:837;132;28.82879829406738;71.880859375;92.76148986816406;[1]
(bccf);22:30:12:955;131;28.70399856567382;76.13043212890625;92.82502746582031;[1]
(cadf);22:30:13:80;133;28.82879829406738;71.880859375;92.76148986816406;[1]
(bccf);22:30:13:200;132;28.70399856567382;76.13043212890625;92.88856506347656;[1]
(cadf);22:30:13:320;134;28.76639938354492;71.880859375;92.82502746582031;[1]
(bccf);22:30:13:440;133;28.76639938354492;76.13043212890625;92.88856506347656;[1]
(cadf);22:30:13:560;135;28.82879829406738;71.880859375;92.82502746582031;[1]
(bccf);22:30:13:680;134;28.70399856567382;76.13043212890625;92.82502746582031;[1]
(cadf);22:30:13:800;136;28.89119911193847;71.880859375;92.76148986816406;[1]
(bccf);22:30:13:925;135;28.70399856567382;76.13043212890625;92.82502746582031;[1]
(cadf);22:30:14:52;137;28.76639938354492;71.850341796875;92.82502746582031;[1]
(bccf);22:30:14:170;136;28.76639938354492;76.13043212890625;92.76148986816406;[1]
(cadf);22:30:14:302;138;28.82879829406738;71.850341796875;92.82502746582031;[1]
(bccf);22:30:14:420;137;28.76639938354492;76.13043212890625;92.88856506347656;[1]
(cadf);22:30:14:551;139;28.82879829406738;71.850341796875;92.76148986816406;[1]
(bccf);22:30:14:670;138;28.70399856567382;76.09991455078125;92.82502746582031;[1]
(cadf);22:30:14:800;140;28.82879829406738;71.850341796875;92.82502746582031;[1]
(bccf);22:30:14:919;139;28.70399856567382;76.13043212890625;92.95210266113281;[1]
(cadf);22:30:15:48;141;28.82879829406738;71.850341796875;92.82502746582031;[1]
(bccf);22:30:15:169;140;28.70399856567382;76.09991455078125;92.82502746582031;[1]
(cadf);22:30:15:297;142;28.82879829406738;71.82745361328125;92.76148986816406;[1]
(bccf);22:30:15:418;141;28.70399856567382;76.09991455078125;92.88856506347656;[1]
(cadf);22:30:15:545;143;28.82879829406738;71.79693603515625;92.76148986816406;[1]
(bccf);22:30:15:663;142;28.70399856567382;76.09991455078125;92.82502746582031;[1]
(cadf);22:30:15:793;144;28.82879829406738;71.79693603515625;92.76148986816406;[1]
(bccf);22:30:15:918;143;28.70399856567382;76.09991455078125;92.82502746582031;[1]
(cadf);22:30:16:38;145;28.82879829406738;71.79693603515625;92.82502746582031;[1]
(bccf);22:30:16:158;144;28.76639938354492;76.09991455078125;92.88856506347656;[1]
(cadf);22:30:16:290;146;28.82879829406738;71.79693603515625;92.76148986816406;[1]
(bccf);22:30:16:408;145;28.76639938354492;76.09991455078125;92.88856506347656;[1]
(cadf);22:30:16:535;147;28.82879829406738;71.76641845703125;92.82502746582031;[1]
(bccf);22:30:16:653;146;28.70399856567382;76.09991455078125;92.82502746582031;[1]
(cadf);22:30:16:780;148;28.82879829406738;71.76641845703125;92.82502746582031;[1]
(bccf);22:30:16:898;147;28.70399856567382;76.09991455078125;92.88856506347656;[1]
(cadf);22:30:17:27;149;28.82879829406738;71.7435302734375;92.76148986816406;[1]
(bccf);22:30:17:148;148;28.70399856567382;76.09991455078125;92.88856506347656;[1]
(cadf);22:30:17:271;150;28.82879829406738;71.7435302734375;92.76148986816406;[1]
(bccf);22:30:17:388;149;28.70399856567382;76.09991455078125;92.82502746582031;[1]
(cadf);22:30:17:515;151;28.82879829406738;71.7435302734375;92.82502746582031;[1]
(bccf);22:30:17:633;150;28.70399856567382;76.09991455078125;92.88856506347656;[1]
(cadf);22:30:17:760;152;28.82879829406738;71.7435302734375;92.82502746582031;[1]
(bccf);22:30:17:878;151;28.70399856567382;76.06939697265625;92.82502746582031;[1]
(cadf);22:30:18:4;153;28.82879829406738;71.7435302734375;92.82502746582031;[1]
(bccf);22:30:18:123;152;28.76639938354492;76.09991455078125;92.76148986816406;[1]
(cadf);22:30:18:252;154;28.82879829406738;71.7435302734375;92.82502746582031;[1]
(bccf);22:30:18:373;153;28.76639938354492;76.06939697265625;92.82502746582031;[1]
(cadf);22:30:18:497;155;28.76639938354492;71.7435302734375;92.82502746582031;[1]
(bccf);22:30:18:618;154;28.70399856567382;76.06939697265625;92.82502746582031;[1]
(cadf);22:30:18:751;156;28.82879829406738;71.7130126953125;92.76148986816406;[1]
(bccf);22:30:18:873;155;28.70399856567382;76.06939697265625;92.82502746582031;[1]
(cadf);22:30:19:0;157;28.76639938354492;71.7435302734375;92.82502746582031;[1]
(bccf);22:30:19:118;156;28.70399856567382;76.06939697265625;92.69794464111328;[1]
(cadf);22:30:19:248;158;28.82879829406738;71.7435302734375;92.76148986816406;[1]
(bccf);22:30:19:368;157;28.76639938354492;76.06939697265625;92.88856506347656;[1]
(cadf);22:30:19:493;159;28.82879829406738;71.7435302734375;92.69794464111328;[1]
(bccf);22:30:19:613;158;28.70399856567382;76.06939697265625;92.88856506347656;[1]
(cadf);22:30:19:741;160;28.82879829406738;71.7435302734375;92.76148986816406;[1]
(bccf);22:30:19:858;159;28.70399856567382;76.06939697265625;92.82502746582031;[1]
(cadf);22:30:19:985;161;28.82879829406738;71.7435302734375;92.88856506347656;[1]
(bccf);22:30:20:103;160;28.70399856567382;76.06939697265625;92.82502746582031;[1]
(cadf);22:30:20:230;162;28.82879829406738;71.7435302734375;92.76148986816406;[1]
(bccf);22:30:20:348;161;28.70399856567382;76.06939697265625;92.82502746582031;[1]
(cadf);22:30:20:478;163;28.82879829406738;71.7435302734375;92.76148986816406;[1]
(bccf);22:30:20:598;162;28.76639938354492;76.06939697265625;92.88856506347656;[1]
(cadf);22:30:20:728;164;28.82879829406738;71.7435302734375;92.82502746582031;[1]
(bccf);22:30:20:848;163;28.70399856567382;76.03125;92.82502746582031;[1]
(cadf);22:30:20:977;165;28.82879829406738;71.7435302734375;92.82502746582031;[1]
(bccf);22:30:21:98;164;28.70399856567382;76.03125;92.88856506347656;[1]
(cadf);22:30:21:231;166;28.82879829406738;71.7435302734375;92.82502746582031;[1]
(bccf);22:30:21:353;165;28.70399856567382;76.03125;92.69794464111328;[1]
(cadf);22:30:21:479;167;28.76639938354492;71.76641845703125;92.82502746582031;[1]
(bccf);22:30:21:598;166;28.76639938354492;76.03125;92.82502746582031;[1]
(cadf);22:30:21:727;168;28.82879829406738;71.76641845703125;92.76148986816406;[1]
(bccf);22:30:21:848;167;28.76639938354492;76.03125;92.82502746582031;[1]
(cadf);22:30:21:972;169;28.89119911193847;71.7435302734375;92.76148986816406;[1]
(bccf);22:30:22:93;168;28.70399856567382;76.03125;92.82502746582031;[1]
(cadf);22:30:22:222;170;28.82879829406738;71.76641845703125;92.82502746582031;[1]
(bccf);22:30:22:343;169;28.70399856567382;76.03125;92.88856506347656;[1]
(cadf);22:30:22:470;171;28.82879829406738;71.76641845703125;92.69794464111328;[1]
(bccf);22:30:22:588;170;28.76639938354492;76.000732421875;92.88856506347656;[1]
(cadf);22:30:22:718;172;28.82879829406738;71.76641845703125;92.69794464111328;[1]
(bccf);22:30:22:838;171;28.70399856567382;76.000732421875;92.82502746582031;[1]
(cadf);22:30:22:962;173;28.82879829406738;71.76641845703125;92.82502746582031;[1]
(bccf);22:30:23:83;172;28.76639938354492;76.000732421875;92.82502746582031;[1]
(cadf);22:30:23:207;174;28.82879829406738;71.76641845703125;92.82502746582031;[1]
(bccf);22:30:23:328;173;28.70399856567382;76.000732421875;92.82502746582031;[1]
(cadf);22:30:23:455;175;28.82879829406738;71.76641845703125;92.76148986816406;[1]
(bccf);22:30:23:573;174;28.76639938354492;76.000732421875;92.88856506347656;[1]
(cadf);22:30:23:704;176;28.82879829406738;71.76641845703125;92.76148986816406;[1]
(bccf);22:30:23:823;175;28.76639938354492;76.000732421875;92.88856506347656;[1]
(cadf);22:30:23:954;177;28.89119911193847;71.76641845703125;92.88856506347656;[1]
(bccf);22:30:24:71;176;28.76639938354492;76.000732421875;92.76148986816406;[1]
(cadf);22:30:24:201;178;28.82879829406738;71.76641845703125;92.82502746582031;[1]
(bccf);22:30:24:321;177;28.76639938354492;76.000732421875;92.82502746582031;[1]
(cadf);22:30:24:450;179;28.82879829406738;71.79693603515625;92.82502746582031;[1]
(bccf);22:30:24:570;178;28.76639938354492;76.000732421875;92.82502746582031;[1]
(cadf);22:30:24:699;180;28.89119911193847;71.79693603515625;92.69794464111328;[1]
(bccf);22:30:24:820;179;28.70399856567382;76.000732421875;92.88856506347656;[1]
(cadf);22:30:24:948;181;28.89119911193847;71.76641845703125;92.82502746582031;[1]
(bccf);22:30:25:65;180;28.76639938354492;76.000732421875;92.82502746582031;[1]
(cadf);22:30:25:197;182;28.82879829406738;71.76641845703125;92.82502746582031;[1]
(bccf);22:30:25:315;181;28.70399856567382;76.000732421875;92.88856506347656;[1]
(bccf);22:30:25:441;182;28.76639938354492;76.000732421875;92.88856506347656;[1]
(cadf);22:30:25:560;183;28.89119911193847;71.76641845703125;92.82502746582031;[1]
(bccf);22:30:25:685;183;28.70399856567382;76.000732421875;92.82502746582031;[1]
(cadf);22:30:25:805;184;28.89119911193847;71.76641845703125;92.82502746582031;[1]
(bccf);22:30:25:926;184;28.76639938354492;76.000732421875;92.69794464111328;[1]
(cadf);22:30:26:45;185;28.89119911193847;71.76641845703125;92.76148986816406;[1]
(bccf);22:30:26:169;185;28.76639938354492;76.000732421875;92.88856506347656;[1]
(cadf);22:30:26:290;186;28.89119911193847;71.76641845703125;92.82502746582031;[1]
(bccf);22:30:26:412;186;28.76639938354492;76.000732421875;92.82502746582031;[1]
(cadf);22:30:26:530;187;28.82879829406738;71.7435302734375;92.82502746582031;[1]
(bccf);22:30:26:651;187;28.76639938354492;76.000732421875;92.82502746582031;[1]
(cadf);22:30:26:769;188;28.82879829406738;71.7435302734375;92.76148986816406;[1]
(bccf);22:30:26:898;188;28.76639938354492;76.000732421875;92.82502746582031;[1]
(cadf);22:30:27:19;189;28.82879829406738;71.7435302734375;92.76148986816406;[1]
(bccf);22:30:27:142;189;28.76639938354492;76.000732421875;92.82502746582031;[1]
(cadf);22:30:27:259;190;28.89119911193847;71.7435302734375;92.82502746582031;[1]
(bccf);22:30:27:386;190;28.76639938354492;76.000732421875;92.88856506347656;[1]
(cadf);22:30:27:504;191;28.89119911193847;71.7435302734375;92.88856506347656;[1]
(bccf);22:30:27:629;191;28.76639938354492;76.000732421875;92.82502746582031;[1]
(cadf);22:30:27:749;192;28.82879829406738;71.7435302734375;92.76148986816406;[1]
(bccf);22:30:27:876;192;28.76639938354492;75.97021484375;92.82502746582031;[1]
(cadf);22:30:27:994;193;28.89119911193847;71.7435302734375;92.82502746582031;[1]
(bccf);22:30:28:119;193;28.76639938354492;75.97021484375;92.82502746582031;[1]
(cadf);22:30:28:239;194;28.89119911193847;71.7435302734375;92.88856506347656;[1]
(bccf);22:30:28:367;194;28.76639938354492;76.000732421875;92.69794464111328;[1]
(cadf);22:30:28:484;195;28.82879829406738;71.7435302734375;92.76148986816406;[1]
(bccf);22:30:28:610;195;28.76639938354492;75.97021484375;92.88856506347656;[1]
(cadf);22:30:28:729;196;28.89119911193847;71.7435302734375;92.88856506347656;[1]
(bccf);22:30:28:859;196;28.76639938354492;75.97021484375;92.88856506347656;[1]
(cadf);22:30:28:979;197;28.89119911193847;71.7435302734375;92.95210266113281;[1]
(bccf);22:30:29:107;197;28.76639938354492;75.97021484375;92.95210266113281;[1]
(cadf);22:30:29:224;198;28.82879829406738;71.7130126953125;92.82502746582031;[1]
(bccf);22:30:29:356;198;28.70399856567382;75.97021484375;92.88856506347656;[1]
(cadf);22:30:29:474;199;28.89119911193847;71.7130126953125;92.88856506347656;[1]
(bccf);22:30:29:604;199;28.76639938354492;75.97021484375;92.88856506347656;[1]
(cadf);22:30:29:724;200;28.89119911193847;71.7130126953125;92.82502746582031;[1]
(bccf);22:30:29:852;200;28.82879829406738;75.97021484375;92.88856506347656;[1]
(cadf);22:30:29:974;201;28.82879829406738;71.7130126953125;92.82502746582031;[1]
(bccf);22:30:30:100;201;28.76639938354492;75.97021484375;92.88856506347656;[1]
(cadf);22:30:30:219;202;28.82879829406738;71.6824951171875;92.82502746582031;[1]
(bccf);22:30:30:347;202;28.76639938354492;75.97021484375;92.88856506347656;[1]
(cadf);22:30:30:464;203;28.89119911193847;71.6824951171875;92.76148986816406;[1]
(bccf);22:30:30:591;203;28.76639938354492;75.97021484375;92.82502746582031;[1]
(cadf);22:30:30:709;204;28.82879829406738;71.6824951171875;92.82502746582031;[1]
(bccf);22:30:30:840;204;28.76639938354492;75.97021484375;92.82502746582031;[1]
(cadf);22:30:30:959;205;28.89119911193847;71.6824951171875;92.76148986816406;[1]
(bccf);22:30:31:87;205;28.76639938354492;75.97021484375;92.88856506347656;[1]
(cadf);22:30:31:209;206;28.89119911193847;71.6824951171875;92.76148986816406;[1]
(bccf);22:30:31:340;206;28.76639938354492;75.97021484375;92.82502746582031;[1]
(cadf);22:30:31:459;207;28.82879829406738;71.6824951171875;92.82502746582031;[1]
(bccf);22:30:31:588;207;28.76639938354492;75.97021484375;92.82502746582031;[1]
(cadf);22:30:31:709;208;28.89119911193847;71.6824951171875;92.82502746582031;[1]
(bccf);22:30:31:829;208;28.76639938354492;76.0159912109375;92.82502746582031;[1]
(cadf);22:30:31:949;209;28.89119911193847;71.6824951171875;92.82502746582031;[1]
(bccf);22:30:32:74;209;28.70399856567382;75.939697265625;92.95210266113281;[1]
(cadf);22:30:32:194;210;28.89119911193847;71.6824951171875;92.69794464111328;[1]
(bccf);22:30:32:318;210;28.70399856567382;75.939697265625;92.82502746582031;[1]
(cadf);22:30:32:439;211;28.89119911193847;71.6824951171875;92.76148986816406;[1]
(bccf);22:30:32:567;211;28.70399856567382;75.939697265625;92.82502746582031;[1]
(cadf);22:30:32:689;212;28.89119911193847;71.6824951171875;92.82502746582031;[1]
(bccf);22:30:32:815;212;28.76639938354492;75.939697265625;92.88856506347656;[1]
(cadf);22:30:32:933;213;28.89119911193847;71.6824951171875;92.82502746582031;[1]
(bccf);22:30:33:62;213;28.76639938354492;75.939697265625;92.88856506347656;[1]
(cadf);22:30:33:183;214;28.89119911193847;71.6824951171875;92.69794464111328;[1]
(bccf);22:30:33:311;214;28.70399856567382;75.939697265625;92.82502746582031;[1]
(cadf);22:30:33:428;215;28.89119911193847;71.6824951171875;92.82502746582031;[1]
(bccf);22:30:33:559;215;28.76639938354492;75.939697265625;92.88856506347656;[1]
(cadf);22:30:33:682;216;28.89119911193847;71.6824951171875;92.82502746582031;[1]
(bccf);22:30:33:812;216;28.70399856567382;75.939697265625;92.82502746582031;[1]
(cadf);22:30:33:932;217;28.89119911193847;71.6824951171875;92.76148986816406;[1]
(bccf);22:30:34:59;217;28.76639938354492;75.939697265625;92.82502746582031;[1]
(cadf);22:30:34:177;218;28.89119911193847;71.6824951171875;92.82502746582031;[1]
(bccf);22:30:34:307;218;28.76639938354492;75.939697265625;92.82502746582031;[1]
(cadf);22:30:34:427;219;28.82879829406738;71.6824951171875;92.82502746582031;[1]
(bccf);22:30:34:556;219;28.76639938354492;75.939697265625;92.82502746582031;[1]
(cadf);22:30:34:677;220;28.82879829406738;71.6824951171875;92.69794464111328;[1]
(bccf);22:30:34:804;220;28.76639938354492;75.939697265625;92.82502746582031;[1]
(cadf);22:30:34:922;221;28.82879829406738;71.6824951171875;92.69794464111328;[1]
(bccf);22:30:35:51;221;28.76639938354492;75.939697265625;92.82502746582031;[1]
(cadf);22:30:35:172;222;28.89119911193847;71.6824951171875;92.82502746582031;[1]
(bccf);22:30:35:298;222;28.76639938354492;75.939697265625;92.82502746582031;[1]
(cadf);22:30:35:417;223;28.89119911193847;71.6824951171875;92.82502746582031;[1]
(bccf);22:30:35:541;223;28.76639938354492;75.939697265625;92.69794464111328;[1]
(cadf);22:30:35:661;224;28.89119911193847;71.6824951171875;92.82502746582031;[1]
(bccf);22:30:35:784;224;28.76639938354492;75.939697265625;92.69794464111328;[1]
(cadf);22:30:35:901;225;28.89119911193847;71.6824951171875;92.82502746582031;[1]
(bccf);22:30:36:27;225;28.76639938354492;75.939697265625;92.82502746582031;[1]
(cadf);22:30:36:146;226;28.89119911193847;71.6824951171875;92.76148986816406;[1]
(bccf);22:30:36:276;226;28.76639938354492;75.939697265625;92.88856506347656;[1]
(cadf);22:30:36:396;227;28.89119911193847;71.6824951171875;92.82502746582031;[1]
(bccf);22:30:36:525;227;28.76639938354492;75.939697265625;92.82502746582031;[1]
(cadf);22:30:36:646;228;28.89119911193847;71.6824951171875;92.88856506347656;[1]
(bccf);22:30:36:772;228;28.76639938354492;75.97784423828125;92.82502746582031;[1]
(cadf);22:30:36:891;229;28.89119911193847;71.6824951171875;92.82502746582031;[1]
(bccf);22:30:37:16;229;28.76639938354492;75.97784423828125;92.88856506347656;[1]
(cadf);22:30:37:136;230;28.89119911193847;71.6824951171875;92.76148986816406;[1]
(bccf);22:30:37:264;230;28.76639938354492;75.97784423828125;92.82502746582031;[1]
(cadf);22:30:37:381;231;28.89119911193847;71.6824951171875;92.76148986816406;[1]
(bccf);22:30:37:513;231;28.82879829406738;75.939697265625;92.88856506347656;[1]
(cadf);22:30:37:631;232;28.89119911193847;71.6824951171875;92.82502746582031;[1]
(bccf);22:30:37:760;232;28.82879829406738;75.97784423828125;92.82502746582031;[1]
(cadf);22:30:37:881;233;28.82879829406738;71.65960693359375;92.88856506347656;[1]
(bccf);22:30:38:7;233;28.76639938354492;75.939697265625;92.82502746582031;[1]
(cadf);22:30:38:126;234;28.89119911193847;71.65960693359375;92.82502746582031;[1]
(bccf);22:30:38:251;234;28.76639938354492;75.97784423828125;92.88856506347656;[1]
(cadf);22:30:38:371;235;28.89119911193847;71.65960693359375;92.88856506347656;[1]
(bccf);22:30:38:499;235;28.76639938354492;75.97784423828125;92.82502746582031;[1]
(cadf);22:30:38:616;236;28.89119911193847;71.65960693359375;92.95210266113281;[1]
(bccf);22:30:38:743;236;28.76639938354492;75.97784423828125;92.88856506347656;[1]
(cadf);22:30:38:861;237;28.89119911193847;71.65960693359375;92.82502746582031;[1]
(bccf);22:30:38:990;237;28.76639938354492;75.97784423828125;92.82502746582031;[1]
(cadf);22:30:39:111;238;28.89119911193847;71.65960693359375;92.82502746582031;[1]
(bccf);22:30:39:233;238;28.76639938354492;75.939697265625;92.69794464111328;[1]
(cadf);22:30:39:351;239;28.89119911193847;71.65960693359375;92.82502746582031;[1]
(bccf);22:30:39:476;239;28.76639938354492;75.97784423828125;92.82502746582031;[1]
(cadf);22:30:39:596;240;28.89119911193847;71.65960693359375;92.82502746582031;[1]
(bccf);22:30:39:720;240;28.82879829406738;75.97784423828125;92.82502746582031;[1]
(cadf);22:30:39:841;241;28.89119911193847;71.65960693359375;92.95210266113281;[1]
(bccf);22:30:39:969;241;28.76639938354492;75.939697265625;92.63440704345703;[1]
(cadf);22:30:40:91;242;28.89119911193847;71.65960693359375;92.69794464111328;[1]
(bccf);22:30:40:217;242;28.76639938354492;75.939697265625;92.95210266113281;[1]
(cadf);22:30:40:336;243;28.89119911193847;71.65960693359375;92.69794464111328;[1]
(bccf);22:30:40:465;243;28.76639938354492;75.97784423828125;92.82502746582031;[1]
(cadf);22:30:40:586;244;28.89119911193847;71.65960693359375;92.82502746582031;[1]
(bccf);22:30:40:712;244;28.76639938354492;75.97784423828125;92.76148986816406;[1]
(cadf);22:30:40:831;245;28.89119911193847;71.65960693359375;92.82502746582031;[1]
(bccf);22:30:40:962;245;28.76639938354492;75.97784423828125;92.82502746582031;[1]
(cadf);22:30:41:81;246;28.89119911193847;71.65960693359375;92.82502746582031;[1]
(bccf);22:30:41:209;246;28.76639938354492;75.97784423828125;92.88856506347656;[1]
(cadf);22:30:41:331;247;28.89119911193847;71.65960693359375;92.76148986816406;[1]
(bccf);22:30:41:457;247;28.76639938354492;75.97784423828125;92.82502746582031;[1]
(cadf);22:30:41:576;248;28.89119911193847;71.65960693359375;92.82502746582031;[1]
(bccf);22:30:41:705;248;28.76639938354492;75.97784423828125;92.82502746582031;[1]
(cadf);22:30:41:826;249;28.89119911193847;71.65960693359375;92.82502746582031;[1]
(bccf);22:30:41:948;249;28.82879829406738;75.97784423828125;92.82502746582031;[1]
(cadf);22:30:42:71;250;28.95359992980957;71.65960693359375;92.82502746582031;[1]
(bccf);22:30:42:197;250;28.76639938354492;75.97784423828125;92.82502746582031;[1]
(cadf);22:30:42:315;251;28.89119911193847;71.65960693359375;92.82502746582031;[1]
(bccf);22:30:42:444;251;28.82879829406738;75.94732666015625;92.76148986816406;[1]
(cadf);22:30:42:564;252;28.89119911193847;71.65960693359375;92.82502746582031;[1]
(bccf);22:30:42:691;252;28.70399856567382;75.97784423828125;92.82502746582031;[1]
(cadf);22:30:42:814;253;28.89119911193847;71.65960693359375;92.69794464111328;[1]
(bccf);22:30:42:939;253;28.76639938354492;75.94732666015625;92.82502746582031;[1]
(cadf);22:30:43:59;254;28.89119911193847;71.65960693359375;92.69794464111328;[1]
(bccf);22:30:43:186;254;28.76639938354492;75.94732666015625;92.82502746582031;[1]
(cadf);22:30:43:309;255;28.89119911193847;71.62908935546875;92.82502746582031;[1]
(bccf);22:30:43:434;255;28.76639938354492;75.90155029296875;92.82502746582031;[1]
(cadf);22:30:43:553;256;28.89119911193847;71.62908935546875;92.82502746582031;[1]
(bccf);22:30:43:678;256;28.82879829406738;75.94732666015625;92.82502746582031;[1]
(cadf);22:30:43:798;257;28.89119911193847;71.62908935546875;92.88856506347656;[1]
(bccf);22:30:43:922;257;28.82879829406738;75.94732666015625;92.88856506347656;[1]
(cadf);22:30:44:43;258;28.95359992980957;71.62908935546875;92.82502746582031;[1]
(bccf);22:30:44:171;258;28.76639938354492;75.94732666015625;92.76148986816406;[1]
(cadf);22:30:44:288;259;28.95359992980957;71.62908935546875;92.88856506347656;[1]
(bccf);22:30:44:419;259;28.76639938354492;75.97784423828125;92.88856506347656;[1]
(cadf);22:30:44:538;260;28.89119911193847;71.62908935546875;92.69794464111328;[1]
(bccf);22:30:44:667;260;28.76639938354492;75.90155029296875;92.88856506347656;[1]
(cadf);22:30:44:788;261;28.89119911193847;71.62908935546875;92.82502746582031;[1]
(bccf);22:30:44:914;261;28.76639938354492;75.94732666015625;92.82502746582031;[1]
(cadf);22:30:45:32;262;28.89119911193847;71.62908935546875;92.76148986816406;[1]
(bccf);22:30:45:161;262;28.76639938354492;75.94732666015625;92.88856506347656;[1]
(cadf);22:30:45:287;263;28.89119911193847;71.62908935546875;92.82502746582031;[1]
(bccf);22:30:45:407;263;28.76639938354492;75.94732666015625;92.82502746582031;[1]
(cadf);22:30:45:527;264;28.89119911193847;71.62908935546875;92.82502746582031;[1]
(bccf);22:30:45:658;264;28.76639938354492;75.97784423828125;92.69794464111328;[1]
(cadf);22:30:45:777;265;28.89119911193847;71.62908935546875;92.76148986816406;[1]
(bccf);22:30:45:905;265;28.76639938354492;75.97784423828125;92.82502746582031;[1]
(cadf);22:30:46:27;266;28.89119911193847;71.62908935546875;92.82502746582031;[1]
(bccf);22:30:46:149;266;28.76639938354492;75.94732666015625;92.82502746582031;[1]
(cadf);22:30:46:267;267;28.89119911193847;71.62908935546875;92.76148986816406;[1]
(bccf);22:30:46:398;267;28.76639938354492;75.94732666015625;92.88856506347656;[1]
(cadf);22:30:46:517;268;28.89119911193847;71.62908935546875;92.69794464111328;[1]
(bccf);22:30:46:646;268;28.76639938354492;75.939697265625;92.82502746582031;[1]
(cadf);22:30:46:767;269;28.95359992980957;71.62908935546875;92.82502746582031;[1]
(bccf);22:30:46:893;269;28.76639938354492;75.94732666015625;92.69794464111328;[1]
(cadf);22:30:47:12;270;28.89119911193847;71.59857177734375;92.82502746582031;[1]
(bccf);22:30:47:137;270;28.70399856567382;75.939697265625;92.95210266113281;[1]
(cadf);22:30:47:257;271;28.95359992980957;71.62908935546875;92.82502746582031;[1]
(bccf);22:30:47:386;271;28.76639938354492;75.94732666015625;92.82502746582031;[1]
(cadf);22:30:47:507;272;28.89119911193847;71.62908935546875;92.82502746582031;[1]
(bccf);22:30:47:634;272;28.76639938354492;75.97784423828125;92.82502746582031;[1]
(cadf);22:30:47:752;273;28.89119911193847;71.62908935546875;92.82502746582031;[1]
(bccf);22:30:47:882;273;28.76639938354492;75.97784423828125;92.82502746582031;[1]
(cadf);22:30:48:2;274;28.89119911193847;71.62908935546875;92.82502746582031;[1]
(bccf);22:30:48:135;274;28.76639938354492;75.90155029296875;92.82502746582031;[1]
(cadf);22:30:48:257;275;28.89119911193847;71.62908935546875;92.69794464111328;[1]
(bccf);22:30:48:384;275;28.82879829406738;75.939697265625;92.76148986816406;[1]
(cadf);22:30:48:502;276;28.95359992980957;71.62908935546875;92.82502746582031;[1]
(bccf);22:30:48:632;276;28.82879829406738;75.97784423828125;92.82502746582031;[1]
(cadf);22:30:48:752;277;28.89119911193847;71.62908935546875;92.82502746582031;[1]
(bccf);22:30:48:881;277;28.76639938354492;75.97784423828125;92.88856506347656;[1]
(cadf);22:30:49:2;278;28.89119911193847;71.62908935546875;92.69794464111328;[1]
(bccf);22:30:49:129;278;28.82879829406738;75.97784423828125;92.82502746582031;[1]
(cadf);22:30:49:247;279;28.89119911193847;71.62908935546875;92.82502746582031;[1]
(bccf);22:30:49:377;279;28.76639938354492;75.939697265625;92.82502746582031;[1]
(cadf);22:30:49:497;280;28.89119911193847;71.62908935546875;92.82502746582031;[1]
(bccf);22:30:49:625;280;28.76639938354492;75.939697265625;92.88856506347656;[1]
(cadf);22:30:49:742;281;28.89119911193847;71.62908935546875;92.69794464111328;[1]
(bccf);22:30:49:873;281;28.76639938354492;75.97784423828125;92.82502746582031;[1]
(cadf);22:30:49:992;282;28.95359992980957;71.65960693359375;92.82502746582031;[1]
(bccf);22:30:50:120;282;28.76639938354492;75.97784423828125;92.82502746582031;[1]
(cadf);22:30:50:242;283;28.89119911193847;71.62908935546875;92.82502746582031;[1]
(bccf);22:30:50:369;283;28.76639938354492;75.97784423828125;92.82502746582031;[1]
(cadf);22:30:50:487;284;28.89119911193847;71.62908935546875;92.82502746582031;[1]
(bccf);22:30:50:621;284;28.76639938354492;75.939697265625;92.88856506347656;[1]
(cadf);22:30:50:742;285;28.89119911193847;71.62908935546875;92.82502746582031;[1]
(bccf);22:30:50:870;285;28.76639938354492;75.939697265625;92.88856506347656;[1]
(cadf);22:30:50:992;286;28.89119911193847;71.62908935546875;92.88856506347656;[1]
(bccf);22:30:51:117;286;28.76639938354492;75.97784423828125;92.82502746582031;[1]
(cadf);22:30:51:237;287;28.89119911193847;71.62908935546875;92.82502746582031;[1]
(bccf);22:30:51:360;287;28.82879829406738;75.97784423828125;92.69794464111328;[1]
(cadf);22:30:51:482;288;28.89119911193847;71.62908935546875;92.82502746582031;[1]
(bccf);22:30:51:603;288;28.82879829406738;75.97784423828125;92.82502746582031;[1]
(cadf);22:30:51:722;289;28.89119911193847;71.62908935546875;92.69794464111328;[1]
(bccf);22:30:51:847;289;28.82879829406738;75.97784423828125;92.82502746582031;[1]
(cadf);22:30:51:967;290;28.89119911193847;71.62908935546875;92.82502746582031;[1]
(bccf);22:30:52:91;290;28.82879829406738;75.97784423828125;92.82502746582031;[1]
(cadf);22:30:52:212;291;28.89119911193847;71.62908935546875;92.88856506347656;[1]
(bccf);22:30:52:334;291;28.76639938354492;75.939697265625;92.82502746582031;[1]
(cadf);22:30:52:452;292;28.89119911193847;71.62908935546875;92.82502746582031;[1]
(bccf);22:30:52:581;292;28.82879829406738;75.939697265625;92.82502746582031;[1]
(cadf);22:30:52:702;293;28.95359992980957;71.62908935546875;92.82502746582031;[1]
(bccf);22:30:52:825;293;28.76639938354492;75.97784423828125;92.88856506347656;[1]
(cadf);22:30:52:952;294;28.89119911193847;71.62908935546875;92.76148986816406;[1]
(bccf);22:30:53:73;294;28.76639938354492;75.97784423828125;92.88856506347656;[1]
(cadf);22:30:53:192;295;28.89119911193847;71.62908935546875;92.88856506347656;[1]
(bccf);22:30:53:317;295;28.76639938354492;75.90155029296875;92.88856506347656;[1]
(cadf);22:30:53:437;296;28.89119911193847;71.62908935546875;92.69794464111328;[1]
(bccf);22:30:53:566;296;28.76639938354492;75.94732666015625;92.88856506347656;[1]
(cadf);22:30:53:687;297;28.89119911193847;71.62908935546875;92.69794464111328;[1]
(bccf);22:30:53:812;297;28.76639938354492;75.94732666015625;92.82502746582031;[1]
(cadf);22:30:53:931;298;28.89119911193847;71.62908935546875;92.82502746582031;[1]
(bccf);22:30:54:55;298;28.76639938354492;75.94732666015625;92.82502746582031;[1]
(cadf);22:30:54:175;299;28.89119911193847;71.62908935546875;92.82502746582031;[1]
(bccf);22:30:54:298;299;28.76639938354492;75.90155029296875;92.82502746582031;[1]
(cadf);22:30:54:419;300;28.95359992980957;71.62908935546875;92.82502746582031;[1]
(bccf);22:30:54:546;300;28.82879829406738;75.94732666015625;92.88856506347656;[1]
(cadf);22:30:54:664;301;28.89119911193847;71.62908935546875;92.82502746582031;[1]
(bccf);22:30:54:793;301;28.82879829406738;75.94732666015625;92.82502746582031;[1]
(cadf);22:30:54:913;302;28.89119911193847;71.62908935546875;92.82502746582031;[1]
(bccf);22:30:55:42;302;28.76639938354492;75.94732666015625;92.76148986816406;[1]
(cadf);22:30:55:163;303;28.89119911193847;71.62908935546875;92.88856506347656;[1]
(bccf);22:30:55:294;303;28.76639938354492;75.94732666015625;92.88856506347656;[1]
(cadf);22:30:55:412;304;28.89119911193847;71.62908935546875;92.69794464111328;[1]
(bccf);22:30:55:542;304;28.76639938354492;75.94732666015625;92.88856506347656;[1]
(cadf);22:30:55:662;305;28.95359992980957;71.62908935546875;92.82502746582031;[1]
(bccf);22:30:55:791;305;28.76639938354492;75.94732666015625;92.76148986816406;[1]
(cadf);22:30:55:912;306;28.89119911193847;71.59857177734375;92.82502746582031;[1]
(bccf);22:30:56:38;306;28.82879829406738;75.94732666015625;92.95210266113281;[1]
(cadf);22:30:56:157;307;28.89119911193847;71.59857177734375;92.82502746582031;[1]
(bccf);22:30:56:287;307;28.76639938354492;75.94732666015625;92.82502746582031;[1]
(cadf);22:30:56:407;308;28.95359992980957;71.63671875;92.82502746582031;[1]
(bccf);22:30:56:534;308;28.76639938354492;75.94732666015625;92.82502746582031;[1]
(cadf);22:30:56:652;309;28.89119911193847;71.63671875;92.82502746582031;[1]
(bccf);22:30:56:783;309;28.82879829406738;75.94732666015625;92.69794464111328;[1]
(cadf);22:30:56:902;310;28.89119911193847;71.63671875;92.82502746582031;[1]
(bccf);22:30:57:30;310;28.76639938354492;75.94732666015625;92.82502746582031;[1]
(cadf);22:30:57:147;311;28.95359992980957;71.63671875;92.69794464111328;[1]
(bccf);22:30:57:273;311;28.76639938354492;75.94732666015625;92.69794464111328;[1]
(cadf);22:30:57:391;312;28.95359992980957;71.63671875;92.82502746582031;[1]
(bccf);22:30:57:516;312;28.76639938354492;75.94732666015625;92.69794464111328;[1]
(cadf);22:30:57:636;313;28.95359992980957;71.63671875;92.82502746582031;[1]
(bccf);22:30:57:771;313;28.76639938354492;75.94732666015625;92.88856506347656;[1]
(cadf);22:30:57:891;314;28.89119911193847;71.65960693359375;92.82502746582031;[1]
(bccf);22:30:58:18;314;28.76639938354492;75.94732666015625;92.95210266113281;[1]
(cadf);22:30:58:136;315;28.95359992980957;71.65960693359375;92.82502746582031;[1]
(bccf);22:30:58:265;315;28.76639938354492;75.94732666015625;92.82502746582031;[1]
(cadf);22:30:58:386;316;28.95359992980957;71.69012451171875;92.82502746582031;[1]
(bccf);22:30:58:508;316;28.76639938354492;75.94732666015625;92.88856506347656;[1]
(cadf);22:30:58:626;317;28.95359992980957;71.69012451171875;92.69794464111328;[1]
(bccf);22:30:58:751;317;28.76639938354492;75.94732666015625;92.82502746582031;[1]
(cadf);22:30:58:871;318;28.95359992980957;71.72064208984375;92.82502746582031;[1]
(bccf);22:30:58:995;318;28.76639938354492;75.94732666015625;92.88856506347656;[1]
(cadf);22:30:59:116;319;28.95359992980957;71.72064208984375;92.82502746582031;[1]
(bccf);22:30:59:239;319;28.76639938354492;75.94732666015625;92.88856506347656;[1]
(cadf);22:30:59:356;320;28.95359992980957;71.72064208984375;92.82502746582031;[1]
(bccf);22:30:59:488;320;28.82879829406738;75.94732666015625;92.82502746582031;[1]
(cadf);22:30:59:606;321;28.95359992980957;71.72064208984375;92.76148986816406;[1]
(bccf);22:30:59:735;321;28.76639938354492;75.94732666015625;92.82502746582031;[1]
(cadf);22:30:59:856;322;28.95359992980957;71.69012451171875;92.82502746582031;[1]
(bccf);22:30:59:985;322;28.76639938354492;75.94732666015625;92.88856506347656;[1]
(cadf);22:31:00:106;323;28.95359992980957;71.69012451171875;92.82502746582031;[1]
(bccf);22:31:00:238;323;28.82879829406738;75.94732666015625;92.82502746582031;[1]
(cadf);22:31:00:356;324;28.95359992980957;71.69012451171875;92.88856506347656;[1]
(bccf);22:31:00:486;324;28.76639938354492;75.94732666015625;92.82502746582031;[1]
(cadf);22:31:00:611;325;28.89119911193847;71.65960693359375;92.88856506347656;[1]
(bccf);22:31:00:733;325;28.76639938354492;75.94732666015625;92.82502746582031;[1]
(cadf);22:31:00:851;326;28.95359992980957;71.65960693359375;92.69794464111328;[1]
(bccf);22:31:00:980;326;28.76639938354492;75.94732666015625;92.88856506347656;[1]
(cadf);22:31:01:101;327;28.95359992980957;71.63671875;92.82502746582031;[1]
(bccf);22:31:01:224;327;28.76639938354492;75.94732666015625;92.69794464111328;[1]
(cadf);22:31:01:346;328;28.95359992980957;71.63671875;92.76148986816406;[1]
(bccf);22:31:01:467;328;28.76639938354492;75.94732666015625;92.82502746582031;[1]
(cadf);22:31:01:586;329;28.95359992980957;71.63671875;92.76148986816406;[1]
(bccf);22:31:01:716;329;28.76639938354492;75.94732666015625;92.88856506347656;[1]
(cadf);22:31:01:836;330;28.95359992980957;71.63671875;92.82502746582031;[1]
(bccf);22:31:01:963;330;28.76639938354492;75.94732666015625;92.88856506347656;[1]
(cadf);22:31:02:86;331;28.95359992980957;71.606201171875;92.88856506347656;[1]
(bccf);22:31:02:207;331;28.76639938354492;75.94732666015625;92.82502746582031;[1]
(cadf);22:31:02:326;332;28.95359992980957;71.606201171875;92.82502746582031;[1]
(bccf);22:31:02:461;332;28.82879829406738;75.94732666015625;92.88856506347656;[1]
(cadf);22:31:02:586;333;28.95359992980957;71.606201171875;92.69794464111328;[1]
(bccf);22:31:02:708;333;28.82879829406738;75.94732666015625;92.82502746582031;[1]
(cadf);22:31:02:826;334;28.95359992980957;71.58331298828125;92.82502746582031;[1]
(bccf);22:31:02:952;334;28.82879829406738;75.94732666015625;92.88856506347656;[1]
(cadf);22:31:03:70;335;28.95359992980957;71.58331298828125;92.69794464111328;[1]
(bccf);22:31:03:200;335;28.76639938354492;75.94732666015625;92.82502746582031;[1]
(cadf);22:31:03:320;336;28.95359992980957;71.58331298828125;92.82502746582031;[1]
(bccf);22:31:03:448;336;28.82879829406738;75.94732666015625;92.82502746582031;[1]
(cadf);22:31:03:570;337;28.95359992980957;71.58331298828125;92.82502746582031;[1]
(bccf);22:31:03:695;337;28.82879829406738;75.94732666015625;92.82502746582031;[1]
(cadf);22:31:03:815;338;28.95359992980957;71.58331298828125;92.88856506347656;[1]
(bccf);22:31:03:939;338;28.76639938354492;75.94732666015625;92.82502746582031;[1]
(cadf);22:31:04:60;339;28.95359992980957;71.58331298828125;92.82502746582031;[1]
(bccf);22:31:04:187;339;28.76639938354492;75.94732666015625;92.88856506347656;[1]
(cadf);22:31:04:304;340;28.95359992980957;71.58331298828125;92.88856506347656;[1]
(bccf);22:31:04:436;340;28.76639938354492;75.94732666015625;92.82502746582031;[1]
(cadf);22:31:04:559;341;28.95359992980957;71.55279541015625;92.82502746582031;[1]
(bccf);22:31:04:684;341;28.76639938354492;75.94732666015625;92.82502746582031;[1]
(cadf);22:31:04:804;342;28.95359992980957;71.55279541015625;92.82502746582031;[1]
(bccf);22:31:04:937;342;28.82879829406738;75.91680908203125;92.88856506347656;[1]
(cadf);22:31:05:54;343;28.95359992980957;71.55279541015625;92.88856506347656;[1]
(bccf);22:31:05:186;343;28.82879829406738;75.91680908203125;92.69794464111328;[1]
(cadf);22:31:05:304;344;28.89119911193847;71.55279541015625;92.76148986816406;[1]
(bccf);22:31:05:434;344;28.82879829406738;75.91680908203125;92.88856506347656;[1]
(cadf);22:31:05:554;345;28.89119911193847;71.52227783203125;92.82502746582031;[1]
(bccf);22:31:05:682;345;28.82879829406738;75.91680908203125;92.95210266113281;[1]
(cadf);22:31:05:804;346;28.95359992980957;71.52227783203125;92.82502746582031;[1]
(bccf);22:31:05:930;346;28.82879829406738;75.91680908203125;92.82502746582031;[1]
(cadf);22:31:06:49;347;28.95359992980957;71.52227783203125;92.88856506347656;[1]
(bccf);22:31:06:177;347;28.76639938354492;75.91680908203125;92.95210266113281;[1]
(cadf);22:31:06:294;348;28.95359992980957;71.52227783203125;92.88856506347656;[1]
(bccf);22:31:06:420;348;28.76639938354492;75.91680908203125;92.82502746582031;[1]
(cadf);22:31:06:539;349;28.95359992980957;71.52227783203125;92.82502746582031;[1]
(bccf);22:31:06:664;349;28.76639938354492;75.91680908203125;92.82502746582031;[1]
(cadf);22:31:06:784;350;28.95359992980957;71.52227783203125;92.69794464111328;[1]
(bccf);22:31:06:913;350;28.82879829406738;75.91680908203125;92.82502746582031;[1]
