(bccf);22:26:13:930;1;27.9552001953125;78.29718017578125;92.88856506347656;[1]
(cadf);22:26:14:47;1;27.8927993774414;73.65850830078125;92.88856506347656;[1]
(bccf);22:26:14:178;2;27.9552001953125;78.29718017578125;92.88856506347656;[1]
(cadf);22:26:14:298;2;27.9552001953125;73.65850830078125;92.88856506347656;[1]
(bccf);22:26:14:426;3;27.8927993774414;78.29718017578125;92.76148986816406;[1]
(cadf);22:26:14:552;3;27.9552001953125;73.65850830078125;92.76148986816406;[1]
(bccf);22:26:14:674;4;27.8927993774414;78.29718017578125;92.76148986816406;[1]
(cadf);22:26:14:792;4;27.9552001953125;73.65850830078125;92.76148986816406;[1]
(bccf);22:26:14:922;5;27.8927993774414;78.29718017578125;92.88856506347656;[1]
(cadf);22:26:15:42;5;27.9552001953125;73.65850830078125;92.88856506347656;[1]
(bccf);22:26:15:170;6;27.9552001953125;78.29718017578125;92.76148986816406;[1]
(cadf);22:26:15:287;6;27.9552001953125;73.65850830078125;92.88856506347656;[1]
(bccf);22:26:15:418;7;27.9552001953125;78.29718017578125;92.76148986816406;[1]
(cadf);22:26:15:537;7;27.9552001953125;73.65850830078125;92.76148986816406;[1]
(bccf);22:26:15:667;8;27.9552001953125;78.29718017578125;92.76148986816406;[1]
(cadf);22:26:15:787;8;27.9552001953125;73.65850830078125;92.88856506347656;[1]
(bccf);22:26:15:920;9;27.8927993774414;78.29718017578125;92.76148986816406;[1]
(cadf);22:26:16:37;9;28.01759910583496;73.65850830078125;92.76148986816406;[1]
(bccf);22:26:16:167;10;27.9552001953125;78.29718017578125;92.82502746582031;[1]
(cadf);22:26:16:287;10;27.9552001953125;73.65850830078125;92.88856506347656;[1]
(bccf);22:26:16:411;11;27.9552001953125;78.29718017578125;92.88856506347656;[1]
(cadf);22:26:16:532;11;27.9552001953125;73.65850830078125;92.88856506347656;[1]
(bccf);22:26:16:658;12;27.9552001953125;78.29718017578125;92.88856506347656;[1]
(cadf);22:26:16:777;12;27.9552001953125;73.65850830078125;92.95210266113281;[1]
(bccf);22:26:16:901;13;27.9552001953125;78.29718017578125;92.76148986816406;[1]
(cadf);22:26:17:22;13;27.9552001953125;73.65850830078125;92.88856506347656;[1]
(bccf);22:26:17:145;14;27.9552001953125;78.29718017578125;92.95210266113281;[1]
(cadf);22:26:17:262;14;27.9552001953125;73.65850830078125;92.88856506347656;[1]
(bccf);22:26:17:388;15;27.9552001953125;78.29718017578125;92.88856506347656;[1]
(cadf);22:26:17:507;15;28.01759910583496;73.65850830078125;92.88856506347656;[1]
(bccf);22:26:17:632;16;27.9552001953125;78.29718017578125;92.88856506347656;[1]
(cadf);22:26:17:752;16;28.01759910583496;73.65850830078125;92.76148986816406;[1]
(bccf);22:26:17:880;17;27.9552001953125;78.29718017578125;92.76148986816406;[1]
(cadf);22:26:17:997;17;28.01759910583496;73.65850830078125;92.88856506347656;[1]
(bccf);22:26:18:129;18;27.9552001953125;78.29718017578125;92.88856506347656;[1]
(cadf);22:26:18:247;18;27.9552001953125;73.65850830078125;92.76148986816406;[1]
(bccf);22:26:18:382;19;27.9552001953125;78.29718017578125;92.76148986816406;[1]
(cadf);22:26:18:502;19;27.9552001953125;73.65850830078125;92.82502746582031;[1]
(bccf);22:26:18:629;20;27.8927993774414;78.29718017578125;92.76148986816406;[1]
(cadf);22:26:18:747;20;27.9552001953125;73.65850830078125;92.76148986816406;[1]
(bccf);22:26:18:872;21;27.8927993774414;78.29718017578125;92.88856506347656;[1]
(cadf);22:26:18:991;21;28.01759910583496;73.65850830078125;92.95210266113281;[1]
(bccf);22:26:19:115;22;27.9552001953125;78.29718017578125;92.63440704345703;[1]
(cadf);22:26:19:236;22;27.9552001953125;73.65850830078125;92.88856506347656;[1]
(bccf);22:26:19:363;23;27.9552001953125;78.29718017578125;92.76148986816406;[1]
(cadf);22:26:19:481;23;27.9552001953125;73.65850830078125;92.76148986816406;[1]
(bccf);22:26:19:606;24;27.9552001953125;78.29718017578125;92.88856506347656;[1]
(cadf);22:26:19:726;24;27.9552001953125;73.65850830078125;92.95210266113281;[1]
(bccf);22:26:19:851;25;27.9552001953125;78.29718017578125;92.76148986816406;[1]
(cadf);22:26:19:971;25;28.01759910583496;73.65850830078125;92.88856506347656;[1]
(bccf);22:26:20:97;26;27.9552001953125;78.29718017578125;92.76148986816406;[1]
(cadf);22:26:20:216;26;27.9552001953125;73.65850830078125;92.76148986816406;[1]
(bccf);22:26:20:341;27;27.9552001953125;78.29718017578125;92.76148986816406;[1]
(cadf);22:26:20:461;27;28.01759910583496;73.65850830078125;92.76148986816406;[1]
(bccf);22:26:20:590;28;27.9552001953125;78.29718017578125;92.76148986816406;[1]
(cadf);22:26:20:710;28;27.9552001953125;73.65850830078125;92.76148986816406;[1]
(bccf);22:26:20:843;29;27.9552001953125;78.29718017578125;92.76148986816406;[1]
(cadf);22:26:20:965;29;27.9552001953125;73.6356201171875;92.88856506347656;[1]
(bccf);22:26:21:91;30;27.8927993774414;78.29718017578125;92.88856506347656;[1]
(cadf);22:26:21:210;30;28.01759910583496;73.6356201171875;92.88856506347656;[1]
(bccf);22:26:21:339;31;27.9552001953125;78.29718017578125;92.76148986816406;[1]
(cadf);22:26:21:460;31;27.9552001953125;73.6356201171875;92.88856506347656;[1]
(bccf);22:26:21:586;32;27.9552001953125;78.29718017578125;92.76148986816406;[1]
(cadf);22:26:21:704;32;27.9552001953125;73.6356201171875;92.88856506347656;[1]
(bccf);22:26:21:835;33;27.9552001953125;78.29718017578125;92.88856506347656;[1]
(cadf);22:26:21:954;33;28.01759910583496;73.6356201171875;92.88856506347656;[1]
(bccf);22:26:22:83;34;27.9552001953125;78.29718017578125;92.76148986816406;[1]
(cadf);22:26:22:204;34;28.01759910583496;73.6356201171875;92.76148986816406;[1]
(bccf);22:26:22:331;35;27.9552001953125;78.29718017578125;92.82502746582031;[1]
(cadf);22:26:22:449;35;28.01759910583496;73.6356201171875;93.07917785644531;[1]
(bccf);22:26:22:580;36;27.9552001953125;78.29718017578125;92.76148986816406;[1]
(cadf);22:26:22:699;36;28.01759910583496;73.6356201171875;92.82502746582031;[1]
(bccf);22:26:22:828;37;27.9552001953125;78.29718017578125;92.76148986816406;[1]
(cadf);22:26:22:949;37;28.01759910583496;73.6356201171875;92.88856506347656;[1]
(bccf);22:26:23:76;38;27.9552001953125;78.29718017578125;92.88856506347656;[1]
(cadf);22:26:23:194;38;28.01759910583496;73.6356201171875;92.76148986816406;[1]
(bccf);22:26:23:328;39;27.9552001953125;78.29718017578125;92.76148986816406;[1]
(cadf);22:26:23:449;39;28.01759910583496;73.6356201171875;92.76148986816406;[1]
(bccf);22:26:23:571;40;27.9552001953125;78.29718017578125;92.82502746582031;[1]
(cadf);22:26:23:689;40;28.01759910583496;73.6356201171875;92.76148986816406;[1]
(bccf);22:26:23:816;41;27.9552001953125;78.29718017578125;92.76148986816406;[1]
(cadf);22:26:23:934;41;28.01759910583496;73.6356201171875;92.76148986816406;[1]
(bccf);22:26:24:63;42;27.9552001953125;78.29718017578125;92.76148986816406;[1]
(cadf);22:26:24:184;42;28.01759910583496;73.6356201171875;92.88856506347656;[1]
(bccf);22:26:24:312;43;27.9552001953125;78.29718017578125;92.76148986816406;[1]
(cadf);22:26:24:434;43;28.01759910583496;73.6356201171875;92.88856506347656;[1]
(bccf);22:26:24:560;44;27.9552001953125;78.29718017578125;92.88856506347656;[1]
(cadf);22:26:24:679;44;27.9552001953125;73.6356201171875;92.95210266113281;[1]
(bccf);22:26:24:808;45;27.9552001953125;78.29718017578125;92.88856506347656;[1]
(cadf);22:26:24:929;45;28.01759910583496;73.6356201171875;92.76148986816406;[1]
(bccf);22:26:25:52;46;27.9552001953125;78.29718017578125;92.88856506347656;[1]
(cadf);22:26:25:169;46;28.01759910583496;73.6356201171875;92.88856506347656;[1]
(bccf);22:26:25:299;47;27.9552001953125;78.29718017578125;92.76148986816406;[1]
(cadf);22:26:25:419;47;28.01759910583496;73.6356201171875;92.88856506347656;[1]
(bccf);22:26:25:549;48;27.9552001953125;78.29718017578125;92.76148986816406;[1]
(cadf);22:26:25:669;48;28.01759910583496;73.6356201171875;92.88856506347656;[1]
(bccf);22:26:25:802;49;27.9552001953125;78.29718017578125;92.76148986816406;[1]
(cadf);22:26:25:919;49;28.01759910583496;73.6051025390625;92.88856506347656;[1]
(bccf);22:26:26:49;50;27.9552001953125;78.29718017578125;92.88856506347656;[1]
(cadf);22:26:26:169;50;28.01759910583496;73.6051025390625;92.88856506347656;[1]
(bccf);22:26:26:296;51;27.9552001953125;78.29718017578125;92.76148986816406;[1]
(cadf);22:26:26:414;51;27.9552001953125;73.6051025390625;92.95210266113281;[1]
(bccf);22:26:26:540;52;27.9552001953125;78.29718017578125;92.82502746582031;[1]
(cadf);22:26:26:659;52;28.01759910583496;73.6051025390625;92.88856506347656;[1]
(bccf);22:26:26:789;53;27.9552001953125;78.29718017578125;92.88856506347656;[1]
(cadf);22:26:26:909;53;28.01759910583496;73.6051025390625;92.76148986816406;[1]
(bccf);22:26:27:37;54;27.9552001953125;78.29718017578125;92.88856506347656;[1]
(cadf);22:26:27:154;54;28.01759910583496;73.6051025390625;92.88856506347656;[1]
(bccf);22:26:27:284;55;27.9552001953125;78.29718017578125;92.76148986816406;[1]
(cadf);22:26:27:404;55;28.01759910583496;73.6051025390625;92.76148986816406;[1]
(bccf);22:26:27:527;56;27.9552001953125;78.29718017578125;92.76148986816406;[1]
(cadf);22:26:27:649;56;28.01759910583496;73.6051025390625;92.76148986816406;[1]
(bccf);22:26:27:774;57;27.9552001953125;78.29718017578125;92.76148986816406;[1]
(cadf);22:26:27:894;57;28.01759910583496;73.6051025390625;92.88856506347656;[1]
(bccf);22:26:28:18;58;27.9552001953125;78.29718017578125;92.76148986816406;[1]
(cadf);22:26:28:138;58;28.01759910583496;73.6051025390625;92.76148986816406;[1]
(bccf);22:26:28:268;59;27.9552001953125;78.29718017578125;92.88856506347656;[1]
(cadf);22:26:28:388;59;28.01759910583496;73.6051025390625;92.82502746582031;[1]
(bccf);22:26:28:517;60;27.9552001953125;78.29718017578125;92.82502746582031;[1]
(cadf);22:26:28:638;60;27.9552001953125;73.6051025390625;92.88856506347656;[1]
(bccf);22:26:28:765;61;27.9552001953125;78.29718017578125;92.76148986816406;[1]
(cadf);22:26:28:883;61;28.01759910583496;73.6051025390625;92.82502746582031;[1]
(bccf);22:26:29:14;62;28.01759910583496;78.29718017578125;92.76148986816406;[1]
(cadf);22:26:29:133;62;28.01759910583496;73.6051025390625;92.88856506347656;[1]
(bccf);22:26:29:262;63;27.9552001953125;78.29718017578125;92.76148986816406;[1]
(cadf);22:26:29:383;63;28.01759910583496;73.5745849609375;92.76148986816406;[1]
(bccf);22:26:29:510;64;27.9552001953125;78.29718017578125;92.88856506347656;[1]
(cadf);22:26:29:632;64;28.01759910583496;73.5745849609375;92.76148986816406;[1]
(bccf);22:26:29:756;65;27.9552001953125;78.29718017578125;92.76148986816406;[1]
(cadf);22:26:29:877;65;28.01759910583496;73.5745849609375;92.88856506347656;[1]
(bccf);22:26:30:4;66;27.9552001953125;78.29718017578125;92.76148986816406;[1]
(cadf);22:26:30:122;66;28.01759910583496;73.5745849609375;92.76148986816406;[1]
(bccf);22:26:30:248;67;27.9552001953125;78.29718017578125;92.95210266113281;[1]
(cadf);22:26:30:367;67;27.9552001953125;73.5745849609375;92.88856506347656;[1]
(bccf);22:26:30:495;68;27.9552001953125;78.29718017578125;92.76148986816406;[1]
(cadf);22:26:30:612;68;28.01759910583496;73.5745849609375;92.95210266113281;[1]
(bccf);22:26:30:744;69;27.9552001953125;78.29718017578125;92.76148986816406;[1]
(cadf);22:26:30:862;69;28.01759910583496;73.5745849609375;92.88856506347656;[1]
(bccf);22:26:30:987;70;27.9552001953125;78.29718017578125;92.63440704345703;[1]
(cadf);22:26:31:107;70;28.01759910583496;73.5745849609375;92.76148986816406;[1]
(bccf);22:26:31:234;71;27.9552001953125;78.29718017578125;92.76148986816406;[1]
(cadf);22:26:31:352;71;28.07999992370605;73.5745849609375;92.88856506347656;[1]
(bccf);22:26:31:477;72;27.9552001953125;78.29718017578125;92.76148986816406;[1]
(cadf);22:26:31:601;72;28.01759910583496;73.5745849609375;92.88856506347656;[1]
(bccf);22:26:31:722;73;27.9552001953125;78.29718017578125;92.88856506347656;[1]
(cadf);22:26:31:842;73;28.01759910583496;73.5745849609375;92.76148986816406;[1]
(bccf);22:26:31:965;74;28.01759910583496;78.29718017578125;92.88856506347656;[1]
(cadf);22:26:32:82;74;28.07999992370605;73.5745849609375;92.76148986816406;[1]
(bccf);22:26:32:209;75;28.01759910583496;78.29718017578125;92.76148986816406;[1]
(cadf);22:26:32:327;75;28.01759910583496;73.5745849609375;92.76148986816406;[1]
(bccf);22:26:32:456;76;27.9552001953125;78.29718017578125;92.76148986816406;[1]
(cadf);22:26:32:577;76;28.01759910583496;73.5745849609375;92.88856506347656;[1]
(bccf);22:26:32:700;77;28.01759910583496;78.29718017578125;92.88856506347656;[1]
(cadf);22:26:32:817;77;27.9552001953125;73.5745849609375;92.88856506347656;[1]
(bccf);22:26:32:949;78;27.9552001953125;78.29718017578125;92.88856506347656;[1]
(cadf);22:26:33:67;78;28.01759910583496;73.5745849609375;92.88856506347656;[1]
(bccf);22:26:33:197;79;27.9552001953125;78.29718017578125;92.76148986816406;[1]
(cadf);22:26:33:317;79;28.01759910583496;73.5745849609375;92.88856506347656;[1]
(bccf);22:26:33:444;80;27.9552001953125;78.29718017578125;92.76148986816406;[1]
(cadf);22:26:33:562;80;28.01759910583496;73.5745849609375;92.88856506347656;[1]
(bccf);22:26:33:688;81;27.9552001953125;78.29718017578125;92.82502746582031;[1]
(cadf);22:26:33:806;81;28.01759910583496;73.5745849609375;92.88856506347656;[1]
(bccf);22:26:33:934;82;27.9552001953125;78.29718017578125;92.88856506347656;[1]
(cadf);22:26:34:55;82;28.01759910583496;73.5745849609375;92.76148986816406;[1]
(bccf);22:26:34:178;83;28.01759910583496;78.29718017578125;92.88856506347656;[1]
(cadf);22:26:34:295;83;28.01759910583496;73.5745849609375;92.76148986816406;[1]
(bccf);22:26:34:422;84;27.9552001953125;78.29718017578125;92.82502746582031;[1]
(cadf);22:26:34:540;84;28.01759910583496;73.5745849609375;92.88856506347656;[1]
(bccf);22:26:34:669;85;27.9552001953125;78.29718017578125;92.76148986816406;[1]
(cadf);22:26:34:790;85;28.01759910583496;73.5745849609375;92.82502746582031;[1]
(bccf);22:26:34:919;86;27.9552001953125;78.29718017578125;92.82502746582031;[1]
(cadf);22:26:35:40;86;28.01759910583496;73.5745849609375;92.76148986816406;[1]
(bccf);22:26:35:167;87;27.9552001953125;78.29718017578125;92.76148986816406;[1]
(cadf);22:26:35:285;87;28.01759910583496;73.5745849609375;92.76148986816406;[1]
(bccf);22:26:35:415;88;27.9552001953125;78.29718017578125;92.76148986816406;[1]
(cadf);22:26:35:539;88;28.01759910583496;73.5745849609375;92.76148986816406;[1]
(bccf);22:26:35:667;89;27.9552001953125;78.29718017578125;92.63440704345703;[1]
(cadf);22:26:35:784;89;28.07999992370605;73.5745849609375;92.88856506347656;[1]
(bccf);22:26:35:914;90;28.01759910583496;78.29718017578125;92.88856506347656;[1]
(cadf);22:26:36:34;90;28.01759910583496;73.5745849609375;92.76148986816406;[1]
(bccf);22:26:36:157;91;27.9552001953125;78.29718017578125;92.76148986816406;[1]
(cadf);22:26:36:278;91;28.01759910583496;73.5745849609375;92.76148986816406;[1]
(bccf);22:26:36:406;92;28.01759910583496;78.29718017578125;92.82502746582031;[1]
(cadf);22:26:36:523;92;28.01759910583496;73.5745849609375;92.76148986816406;[1]
(bccf);22:26:36:653;93;28.01759910583496;78.29718017578125;92.76148986816406;[1]
(cadf);22:26:36:773;93;28.07999992370605;73.5745849609375;92.76148986816406;[1]
(bccf);22:26:36:900;94;28.01759910583496;78.29718017578125;92.76148986816406;[1]
(cadf);22:26:37:17;94;28.07999992370605;73.5745849609375;92.88856506347656;[1]
(bccf);22:26:37:143;95;28.01759910583496;78.29718017578125;92.82502746582031;[1]
(cadf);22:26:37:262;95;28.01759910583496;73.5745849609375;92.76148986816406;[1]
(bccf);22:26:37:387;96;27.9552001953125;78.29718017578125;92.88856506347656;[1]
(cadf);22:26:37:511;96;28.01759910583496;73.5745849609375;92.76148986816406;[1]
(bccf);22:26:37:634;97;27.9552001953125;78.29718017578125;92.76148986816406;[1]
(cadf);22:26:37:752;97;28.01759910583496;73.5745849609375;92.88856506347656;[1]
(bccf);22:26:37:878;98;27.9552001953125;78.29718017578125;92.88856506347656;[1]
(cadf);22:26:38:0;98;28.07999992370605;73.5745849609375;92.82502746582031;[1]
(bccf);22:26:38:133;99;28.01759910583496;78.29718017578125;92.88856506347656;[1]
(cadf);22:26:38:252;99;28.01759910583496;73.5745849609375;92.76148986816406;[1]
(bccf);22:26:38:381;100;28.01759910583496;78.29718017578125;92.76148986816406;[1]
(cadf);22:26:38:502;100;28.07999992370605;73.5745849609375;92.76148986816406;[1]
(bccf);22:26:38:629;101;28.01759910583496;78.29718017578125;92.82502746582031;[1]
(cadf);22:26:38:747;101;28.01759910583496;73.5745849609375;92.76148986816406;[1]
(bccf);22:26:38:877;102;28.01759910583496;78.29718017578125;92.88856506347656;[1]
(cadf);22:26:38:997;102;28.07999992370605;73.6051025390625;92.76148986816406;[1]
(bccf);22:26:39:125;103;28.01759910583496;78.29718017578125;92.88856506347656;[1]
(cadf);22:26:39:246;103;28.07999992370605;73.6051025390625;92.82502746582031;[1]
(bccf);22:26:39:372;104;27.9552001953125;78.29718017578125;92.88856506347656;[1]
(cadf);22:26:39:496;104;28.01759910583496;73.6051025390625;92.88856506347656;[1]
(bccf);22:26:39:620;105;28.01759910583496;78.29718017578125;92.76148986816406;[1]
(cadf);22:26:39:741;105;28.01759910583496;73.6051025390625;92.95210266113281;[1]
(bccf);22:26:39:868;106;27.9552001953125;78.29718017578125;92.88856506347656;[1]
(cadf);22:26:39:985;106;28.01759910583496;73.6051025390625;92.88856506347656;[1]
(bccf);22:26:40:116;107;28.01759910583496;78.29718017578125;92.95210266113281;[1]
(cadf);22:26:40:235;107;28.01759910583496;73.6051025390625;92.88856506347656;[1]
(bccf);22:26:40:369;108;28.01759910583496;78.29718017578125;92.95210266113281;[1]
(cadf);22:26:40:489;108;28.01759910583496;73.6051025390625;92.88856506347656;[1]
(bccf);22:26:40:617;109;28.01759910583496;78.26666259765625;92.76148986816406;[1]
(cadf);22:26:40:734;109;28.01759910583496;73.6051025390625;92.76148986816406;[1]
(bccf);22:26:40:864;110;28.01759910583496;78.3353271484375;92.76148986816406;[1]
(cadf);22:26:40:984;110;28.01759910583496;73.6051025390625;92.76148986816406;[1]
(bccf);22:26:41:107;111;28.01759910583496;78.26666259765625;92.76148986816406;[1]
(cadf);22:26:41:224;111;28.07999992370605;73.6051025390625;92.69794464111328;[1]
(bccf);22:26:41:350;112;28.01759910583496;78.29718017578125;92.88856506347656;[1]
(cadf);22:26:41:474;112;28.01759910583496;73.6051025390625;92.76148986816406;[1]
(bccf);22:26:41:594;113;28.01759910583496;78.29718017578125;92.88856506347656;[1]
(cadf);22:26:41:718;113;28.07999992370605;73.5745849609375;92.88856506347656;[1]
(bccf);22:26:41:839;114;28.01759910583496;78.3353271484375;92.88856506347656;[1]
(cadf);22:26:41:970;114;28.01759910583496;73.5745849609375;92.88856506347656;[1]
(bccf);22:26:42:89;115;28.01759910583496;78.26666259765625;92.76148986816406;[1]
(cadf);22:26:42:219;115;28.01759910583496;73.5745849609375;92.95210266113281;[1]
(bccf);22:26:42:339;116;27.9552001953125;78.26666259765625;92.82502746582031;[1]
(cadf);22:26:42:469;116;28.07999992370605;73.5745849609375;92.95210266113281;[1]
(bccf);22:26:42:589;117;28.01759910583496;78.26666259765625;92.76148986816406;[1]
(cadf);22:26:42:717;117;28.07999992370605;73.55169677734375;92.76148986816406;[1]
(bccf);22:26:42:834;118;28.01759910583496;78.26666259765625;92.76148986816406;[1]
(cadf);22:26:42:961;118;28.01759910583496;73.55169677734375;92.88856506347656;[1]
(bccf);22:26:43:79;119;27.9552001953125;78.26666259765625;92.76148986816406;[1]
(cadf);22:26:43:211;119;28.07999992370605;73.55169677734375;92.88856506347656;[1]
(bccf);22:26:43:329;120;28.01759910583496;78.3048095703125;92.82502746582031;[1]
(cadf);22:26:43:458;120;28.01759910583496;73.55169677734375;92.76148986816406;[1]
(bccf);22:26:43:579;121;28.01759910583496;78.3048095703125;92.63440704345703;[1]
(cadf);22:26:43:702;121;28.07999992370605;73.55169677734375;92.88856506347656;[1]
(bccf);22:26:43:824;122;28.01759910583496;78.3048095703125;92.95210266113281;[1]
(cadf);22:26:43:947;122;28.01759910583496;73.55169677734375;92.88856506347656;[1]
(bccf);22:26:44:64;123;28.01759910583496;78.3048095703125;92.76148986816406;[1]
(cadf);22:26:44:191;123;28.07999992370605;73.55169677734375;92.88856506347656;[1]
(bccf);22:26:44:309;124;28.01759910583496;78.26666259765625;92.88856506347656;[1]
(cadf);22:26:44:445;124;28.07999992370605;73.55169677734375;92.76148986816406;[1]
(bccf);22:26:44:564;125;28.01759910583496;78.3048095703125;92.76148986816406;[1]
(cadf);22:26:44:693;125;28.01759910583496;73.55169677734375;92.82502746582031;[1]
(bccf);22:26:44:814;126;28.01759910583496;78.3048095703125;92.88856506347656;[1]
(cadf);22:26:44:938;126;28.07999992370605;73.55169677734375;92.95210266113281;[1]
(bccf);22:26:45:59;127;28.01759910583496;78.26666259765625;92.82502746582031;[1]
(cadf);22:26:45:188;127;28.01759910583496;73.55169677734375;92.63440704345703;[1]
(bccf);22:26:45:314;128;28.01759910583496;78.3048095703125;92.76148986816406;[1]
(cadf);22:26:45:436;128;28.07999992370605;73.55169677734375;92.76148986816406;[1]
(bccf);22:26:45:564;129;28.01759910583496;78.26666259765625;92.76148986816406;[1]
(cadf);22:26:45:688;129;28.07999992370605;73.55169677734375;92.88856506347656;[1]
(bccf);22:26:45:808;130;28.01759910583496;78.26666259765625;92.76148986816406;[1]
(cadf);22:26:45:934;130;28.07999992370605;73.52117919921875;92.95210266113281;[1]
(bccf);22:26:46:53;131;28.01759910583496;78.26666259765625;92.82502746582031;[1]
(cadf);22:26:46:182;131;28.07999992370605;73.52117919921875;92.88856506347656;[1]
(bccf);22:26:46:303;132;28.01759910583496;78.26666259765625;92.69794464111328;[1]
(cadf);22:26:46:426;132;28.07999992370605;73.52117919921875;92.88856506347656;[1]
(bccf);22:26:46:543;133;28.01759910583496;78.26666259765625;92.82502746582031;[1]
(cadf);22:26:46:676;133;28.07999992370605;73.52117919921875;92.76148986816406;[1]
(bccf);22:26:46:793;134;28.01759910583496;78.26666259765625;92.88856506347656;[1]
(cadf);22:26:46:929;134;28.07999992370605;73.52117919921875;92.76148986816406;[1]
(bccf);22:26:47:48;135;28.01759910583496;78.26666259765625;92.88856506347656;[1]
(cadf);22:26:47:179;135;28.07999992370605;73.52117919921875;92.76148986816406;[1]
(bccf);22:26:47:303;136;28.01759910583496;78.26666259765625;92.82502746582031;[1]
(cadf);22:26:47:428;136;28.07999992370605;73.52117919921875;92.88856506347656;[1]
(bccf);22:26:47:548;137;28.01759910583496;78.26666259765625;92.76148986816406;[1]
(cadf);22:26:47:677;137;28.07999992370605;73.52117919921875;92.95210266113281;[1]
(bccf);22:26:47:798;138;28.01759910583496;78.26666259765625;92.88856506347656;[1]
(cadf);22:26:47:925;138;28.07999992370605;73.52117919921875;92.82502746582031;[1]
(bccf);22:26:48:43;139;28.01759910583496;78.26666259765625;92.76148986816406;[1]
(cadf);22:26:48:173;139;28.07999992370605;73.52117919921875;92.76148986816406;[1]
(bccf);22:26:48:293;140;28.01759910583496;78.26666259765625;92.82502746582031;[1]
(cadf);22:26:48:418;140;28.07999992370605;73.52117919921875;92.95210266113281;[1]
(bccf);22:26:48:538;141;28.01759910583496;78.23614501953125;92.76148986816406;[1]
(cadf);22:26:48:668;141;28.07999992370605;73.52117919921875;92.82502746582031;[1]
(bccf);22:26:48:788;142;28.01759910583496;78.26666259765625;92.76148986816406;[1]
(cadf);22:26:48:916;142;28.14239883422851;73.52117919921875;92.76148986816406;[1]
(bccf);22:26:49:33;143;28.07999992370605;78.23614501953125;92.88856506347656;[1]
(cadf);22:26:49:170;143;28.07999992370605;73.52117919921875;92.82502746582031;[1]
(bccf);22:26:49:288;144;28.01759910583496;78.23614501953125;92.76148986816406;[1]
(cadf);22:26:49:418;144;28.07999992370605;73.52117919921875;92.95210266113281;[1]
(bccf);22:26:49:538;145;28.01759910583496;78.23614501953125;92.76148986816406;[1]
(cadf);22:26:49:668;145;28.07999992370605;73.52117919921875;92.76148986816406;[1]
(bccf);22:26:49:788;146;28.01759910583496;78.23614501953125;92.76148986816406;[1]
(cadf);22:26:49:916;146;28.07999992370605;73.49066162109375;92.82502746582031;[1]
(bccf);22:26:50:33;147;28.07999992370605;78.23614501953125;92.76148986816406;[1]
(cadf);22:26:50:160;147;28.07999992370605;73.49066162109375;92.88856506347656;[1]
(bccf);22:26:50:278;148;28.01759910583496;78.23614501953125;92.95210266113281;[1]
(cadf);22:26:50:410;148;28.07999992370605;73.49066162109375;92.76148986816406;[1]
(bccf);22:26:50:533;149;28.01759910583496;78.23614501953125;92.82502746582031;[1]
(cadf);22:26:50:660;149;28.14239883422851;73.49066162109375;92.88856506347656;[1]
(bccf);22:26:50:778;150;28.01759910583496;78.23614501953125;92.82502746582031;[1]
(cadf);22:26:50:908;150;28.14239883422851;73.49066162109375;92.76148986816406;[1]
(bccf);22:26:51:28;151;28.07999992370605;78.23614501953125;92.76148986816406;[1]
(cadf);22:26:51:158;151;28.07999992370605;73.49066162109375;92.95210266113281;[1]
(bccf);22:26:51:278;152;28.01759910583496;78.20562744140625;92.69794464111328;[1]
(cadf);22:26:51:406;152;28.07999992370605;73.49066162109375;92.88856506347656;[1]
(bccf);22:26:51:528;153;28.01759910583496;78.20562744140625;92.76148986816406;[1]
(cadf);22:26:51:660;153;28.14239883422851;73.49066162109375;92.76148986816406;[1]
(bccf);22:26:51:783;154;28.01759910583496;78.20562744140625;92.76148986816406;[1]
(cadf);22:26:51:908;154;28.14239883422851;73.49066162109375;92.76148986816406;[1]
(bccf);22:26:52:27;155;28.07999992370605;78.20562744140625;92.82502746582031;[1]
(cadf);22:26:52:157;155;28.14239883422851;73.49066162109375;92.76148986816406;[1]
(bccf);22:26:52:277;156;28.07999992370605;78.20562744140625;92.76148986816406;[1]
(cadf);22:26:52:407;156;28.07999992370605;73.49066162109375;92.76148986816406;[1]
(bccf);22:26:52:527;157;28.01759910583496;78.20562744140625;92.76148986816406;[1]
(cadf);22:26:52:656;157;28.14239883422851;73.49066162109375;92.88856506347656;[1]
(bccf);22:26:52:777;158;28.07999992370605;78.20562744140625;92.88856506347656;[1]
(cadf);22:26:52:904;158;28.14239883422851;73.49066162109375;92.88856506347656;[1]
(bccf);22:26:53:27;159;28.07999992370605;78.20562744140625;92.76148986816406;[1]
(cadf);22:26:53:151;159;28.14239883422851;73.49066162109375;92.76148986816406;[1]
(bccf);22:26:53:272;160;28.01759910583496;78.20562744140625;92.76148986816406;[1]
(cadf);22:26:53:395;160;28.14239883422851;73.4677734375;92.82502746582031;[1]
(bccf);22:26:53:512;161;28.07999992370605;78.17510986328125;92.82502746582031;[1]
(cadf);22:26:53:639;161;28.14239883422851;73.4677734375;92.88856506347656;[1]
(bccf);22:26:53:757;162;28.07999992370605;78.17510986328125;92.88856506347656;[1]
(cadf);22:26:53:883;162;28.14239883422851;73.4677734375;92.76148986816406;[1]
(bccf);22:26:54:2;163;28.07999992370605;78.17510986328125;92.88856506347656;[1]
(cadf);22:26:54:128;163;28.07999992370605;73.4677734375;92.76148986816406;[1]
(bccf);22:26:54:247;164;28.07999992370605;78.17510986328125;92.63440704345703;[1]
(cadf);22:26:54:373;164;28.14239883422851;73.4677734375;92.95210266113281;[1]
(bccf);22:26:54:492;165;28.07999992370605;78.17510986328125;92.95210266113281;[1]
(cadf);22:26:54:620;165;28.07999992370605;73.4677734375;92.82502746582031;[1]
(bccf);22:26:54:736;166;28.07999992370605;78.17510986328125;92.76148986816406;[1]
(cadf);22:26:54:865;166;28.14239883422851;73.4677734375;92.88856506347656;[1]
(bccf);22:26:54:986;167;28.01759910583496;78.17510986328125;92.76148986816406;[1]
(cadf);22:26:55:113;167;28.2047996520996;73.4677734375;92.95210266113281;[1]
(bccf);22:26:55:231;168;28.07999992370605;78.17510986328125;92.76148986816406;[1]
(cadf);22:26:55:363;168;28.14239883422851;73.4677734375;92.76148986816406;[1]
(bccf);22:26:55:481;169;28.07999992370605;78.17510986328125;92.82502746582031;[1]
(cadf);22:26:55:611;169;28.14239883422851;73.4677734375;92.76148986816406;[1]
(bccf);22:26:55:731;170;28.14239883422851;78.17510986328125;92.63440704345703;[1]
(cadf);22:26:55:858;170;28.14239883422851;73.4677734375;92.76148986816406;[1]
(bccf);22:26:55:976;171;28.07999992370605;78.17510986328125;92.76148986816406;[1]
(cadf);22:26:56:103;171;28.14239883422851;73.4677734375;92.76148986816406;[1]
(bccf);22:26:56:221;172;28.07999992370605;78.136962890625;92.95210266113281;[1]
(cadf);22:26:56:352;172;28.14239883422851;73.437255859375;92.88856506347656;[1]
(bccf);22:26:56:471;173;28.01759910583496;78.136962890625;92.82502746582031;[1]
(cadf);22:26:56:597;173;28.14239883422851;73.437255859375;92.95210266113281;[1]
(bccf);22:26:56:716;174;28.14239883422851;78.136962890625;92.95210266113281;[1]
(cadf);22:26:56:845;174;28.14239883422851;73.437255859375;92.88856506347656;[1]
(bccf);22:26:56:966;175;28.07999992370605;78.136962890625;92.76148986816406;[1]
(cadf);22:26:57:91;175;28.14239883422851;73.437255859375;92.76148986816406;[1]
(bccf);22:26:57:211;176;28.07999992370605;78.136962890625;92.76148986816406;[1]
(cadf);22:26:57:333;176;28.14239883422851;73.437255859375;92.95210266113281;[1]
(bccf);22:26:57:451;177;28.07999992370605;78.136962890625;92.88856506347656;[1]
(cadf);22:26:57:577;177;28.14239883422851;73.437255859375;92.76148986816406;[1]
(bccf);22:26:57:696;178;28.07999992370605;78.136962890625;92.88856506347656;[1]
(cadf);22:26:57:828;178;28.14239883422851;73.437255859375;92.88856506347656;[1]
(bccf);22:26:57:946;179;28.07999992370605;78.136962890625;92.76148986816406;[1]
(cadf);22:26:58:76;179;28.14239883422851;73.437255859375;92.82502746582031;[1]
(bccf);22:26:58:196;180;28.07999992370605;78.136962890625;92.88856506347656;[1]
(cadf);22:26:58:325;180;28.14239883422851;73.437255859375;92.82502746582031;[1]
(bccf);22:26:58:446;181;28.07999992370605;78.136962890625;92.82502746582031;[1]
(cadf);22:26:58:573;181;28.14239883422851;73.437255859375;92.88856506347656;[1]
(bccf);22:26:58:696;182;28.07999992370605;78.136962890625;92.82502746582031;[1]
(cadf);22:26:58:823;182;28.14239883422851;73.437255859375;92.95210266113281;[1]
(bccf);22:26:58:940;183;28.07999992370605;78.1064453125;92.82502746582031;[1]
(cadf);22:26:59:70;183;28.14239883422851;73.437255859375;92.76148986816406;[1]
(bccf);22:26:59:189;184;28.07999992370605;78.1064453125;92.88856506347656;[1]
(cadf);22:26:59:314;184;28.14239883422851;73.437255859375;92.88856506347656;[1]
(bccf);22:26:59:434;185;28.07999992370605;78.1064453125;92.76148986816406;[1]
(cadf);22:26:59:562;185;28.14239883422851;73.437255859375;92.76148986816406;[1]
(bccf);22:26:59:679;186;28.07999992370605;78.1064453125;92.82502746582031;[1]
(cadf);22:26:59:807;186;28.14239883422851;73.437255859375;92.82502746582031;[1]
(bccf);22:26:59:924;187;28.07999992370605;78.1064453125;92.76148986816406;[1]
(cadf);22:27:00:57;187;28.14239883422851;73.437255859375;92.76148986816406;[1]
(bccf);22:27:00:174;188;28.07999992370605;78.1064453125;92.82502746582031;[1]
(bccf);22:27:00:302;189;28.07999992370605;78.1064453125;92.76148986816406;[1]
(cadf);22:27:00:419;188;28.14239883422851;73.437255859375;92.82502746582031;[1]
(bccf);22:27:00:549;190;28.14239883422851;78.1064453125;92.76148986816406;[1]
(cadf);22:27:00:669;189;28.14239883422851;73.437255859375;92.95210266113281;[1]
(bccf);22:27:00:793;191;28.07999992370605;78.1064453125;92.88856506347656;[1]
(cadf);22:27:00:914;190;28.14239883422851;73.437255859375;92.95210266113281;[1]
(bccf);22:27:01:34;192;28.07999992370605;78.1064453125;92.76148986816406;[1]
(cadf);22:27:01:159;191;28.14239883422851;73.437255859375;92.82502746582031;[1]
(bccf);22:27:01:280;193;28.07999992370605;78.075927734375;92.76148986816406;[1]
(cadf);22:27:01:399;192;28.2047996520996;73.40673828125;92.76148986816406;[1]
(bccf);22:27:01:524;194;28.07999992370605;78.075927734375;92.82502746582031;[1]
(cadf);22:27:01:645;193;28.14239883422851;73.40673828125;92.95210266113281;[1]
(bccf);22:27:01:771;195;28.07999992370605;78.075927734375;92.76148986816406;[1]
(cadf);22:27:01:890;194;28.14239883422851;73.40673828125;92.76148986816406;[1]
(bccf);22:27:02:20;196;28.14239883422851;78.075927734375;92.82502746582031;[1]
(cadf);22:27:02:139;195;28.2047996520996;73.40673828125;92.88856506347656;[1]
(bccf);22:27:02:266;197;28.07999992370605;78.075927734375;92.82502746582031;[1]
(cadf);22:27:02:384;196;28.14239883422851;73.40673828125;92.76148986816406;[1]
(bccf);22:27:02:510;198;28.07999992370605;78.075927734375;92.69794464111328;[1]
(cadf);22:27:02:629;197;28.2047996520996;73.376220703125;92.76148986816406;[1]
(bccf);22:27:02:754;199;28.07999992370605;78.075927734375;92.76148986816406;[1]
(cadf);22:27:02:874;198;28.14239883422851;73.376220703125;92.88856506347656;[1]
(bccf);22:27:03:3;200;28.14239883422851;78.075927734375;92.82502746582031;[1]
(cadf);22:27:03:129;199;28.14239883422851;73.376220703125;92.82502746582031;[1]
(bccf);22:27:03:250;201;28.14239883422851;78.075927734375;92.76148986816406;[1]
(cadf);22:27:03:369;200;28.14239883422851;73.376220703125;92.76148986816406;[1]
(bccf);22:27:03:497;202;28.14239883422851;78.075927734375;92.82502746582031;[1]
(cadf);22:27:03:619;201;28.14239883422851;73.35333251953125;92.82502746582031;[1]
(bccf);22:27:03:740;203;28.07999992370605;78.075927734375;92.76148986816406;[1]
(cadf);22:27:03:859;202;28.2047996520996;73.35333251953125;92.76148986816406;[1]
(bccf);22:27:03:984;204;28.07999992370605;78.075927734375;92.76148986816406;[1]
(cadf);22:27:04:104;203;28.2047996520996;73.35333251953125;92.82502746582031;[1]
(bccf);22:27:04:227;205;28.07999992370605;78.075927734375;92.82502746582031;[1]
(cadf);22:27:04:349;204;28.2047996520996;73.32281494140625;92.76148986816406;[1]
(bccf);22:27:04:471;206;28.14239883422851;78.04541015625;92.82502746582031;[1]
(cadf);22:27:04:589;205;28.2047996520996;73.32281494140625;92.76148986816406;[1]
(bccf);22:27:04:715;207;28.07999992370605;78.04541015625;92.76148986816406;[1]
(cadf);22:27:04:834;206;28.14239883422851;73.3609619140625;92.88856506347656;[1]
(bccf);22:27:04:958;208;28.14239883422851;78.04541015625;92.95210266113281;[1]
(cadf);22:27:05:84;207;28.2047996520996;73.32281494140625;92.76148986816406;[1]
(bccf);22:27:05:207;209;28.01759910583496;78.04541015625;92.63440704345703;[1]
(cadf);22:27:05:324;208;28.14239883422851;73.32281494140625;92.82502746582031;[1]
(bccf);22:27:05:455;210;28.07999992370605;78.04541015625;92.76148986816406;[1]
(cadf);22:27:05:574;209;28.14239883422851;73.32281494140625;92.76148986816406;[1]
(bccf);22:27:05:703;211;28.14239883422851;78.04541015625;92.76148986816406;[1]
(cadf);22:27:05:824;210;28.14239883422851;73.3609619140625;92.82502746582031;[1]
(bccf);22:27:05:951;212;28.14239883422851;78.04541015625;92.76148986816406;[1]
(cadf);22:27:06:69;211;28.2047996520996;73.3609619140625;92.88856506347656;[1]
(bccf);22:27:06:193;213;28.14239883422851;78.014892578125;92.76148986816406;[1]
(cadf);22:27:06:314;212;28.2047996520996;73.3609619140625;92.95210266113281;[1]
(bccf);22:27:06:436;214;28.07999992370605;78.014892578125;92.76148986816406;[1]
(cadf);22:27:06:554;213;28.2047996520996;73.3609619140625;92.82502746582031;[1]
(bccf);22:27:06:675;215;28.07999992370605;78.014892578125;92.76148986816406;[1]
(cadf);22:27:06:794;214;28.2047996520996;73.3609619140625;92.76148986816406;[1]
(bccf);22:27:06:919;216;28.14239883422851;78.014892578125;92.88856506347656;[1]
(cadf);22:27:07:44;215;28.2047996520996;73.3609619140625;92.95210266113281;[1]
(bccf);22:27:07:166;217;28.14239883422851;78.014892578125;92.82502746582031;[1]
(cadf);22:27:07:284;216;28.2047996520996;73.3609619140625;92.95210266113281;[1]
(bccf);22:27:07:405;218;28.14239883422851;78.014892578125;92.82502746582031;[1]
(cadf);22:27:07:524;217;28.2047996520996;73.3609619140625;92.82502746582031;[1]
(bccf);22:27:07:648;219;28.14239883422851;77.97674560546875;92.69794464111328;[1]
(cadf);22:27:07:768;218;28.2047996520996;73.3304443359375;92.82502746582031;[1]
(bccf);22:27:07:895;220;28.14239883422851;77.97674560546875;92.76148986816406;[1]
(cadf);22:27:08:13;219;28.2047996520996;73.3304443359375;92.76148986816406;[1]
(bccf);22:27:08:139;221;28.14239883422851;77.97674560546875;92.82502746582031;[1]
(cadf);22:27:08:258;220;28.14239883422851;73.3304443359375;92.76148986816406;[1]
(bccf);22:27:08:388;222;28.14239883422851;77.97674560546875;92.63440704345703;[1]
(cadf);22:27:08:508;221;28.2047996520996;73.3304443359375;92.88856506347656;[1]
(bccf);22:27:08:636;223;28.14239883422851;77.97674560546875;92.82502746582031;[1]
(cadf);22:27:08:753;222;28.2047996520996;73.3304443359375;92.95210266113281;[1]
(bccf);22:27:08:883;224;28.14239883422851;77.97674560546875;92.76148986816406;[1]
(cadf);22:27:09:8;223;28.2047996520996;73.3304443359375;92.95210266113281;[1]
(bccf);22:27:09:132;225;28.14239883422851;77.94622802734375;92.76148986816406;[1]
(cadf);22:27:09:253;224;28.2047996520996;73.3304443359375;92.88856506347656;[1]
(bccf);22:27:09:380;226;28.14239883422851;77.94622802734375;92.76148986816406;[1]
(cadf);22:27:09:498;225;28.2047996520996;73.3304443359375;92.82502746582031;[1]
(bccf);22:27:09:629;227;28.14239883422851;77.94622802734375;92.82502746582031;[1]
(cadf);22:27:09:748;226;28.2047996520996;73.3304443359375;92.76148986816406;[1]
(bccf);22:27:09:877;228;28.14239883422851;77.94622802734375;92.76148986816406;[1]
(cadf);22:27:09:998;227;28.2047996520996;73.3304443359375;92.82502746582031;[1]
(bccf);22:27:10:124;229;28.14239883422851;77.94622802734375;92.82502746582031;[1]
(cadf);22:27:10:243;228;28.2047996520996;73.30755615234375;92.82502746582031;[1]
(bccf);22:27:10:374;230;28.14239883422851;77.94622802734375;92.82502746582031;[1]
(cadf);22:27:10:493;229;28.2047996520996;73.30755615234375;92.82502746582031;[1]
(bccf);22:27:10:622;231;28.14239883422851;77.94622802734375;92.76148986816406;[1]
(cadf);22:27:10:743;230;28.2047996520996;73.30755615234375;92.95210266113281;[1]
(bccf);22:27:10:870;232;28.14239883422851;77.94622802734375;92.82502746582031;[1]
(cadf);22:27:10:993;231;28.2047996520996;73.30755615234375;92.95210266113281;[1]
(bccf);22:27:11:118;233;28.07999992370605;77.94622802734375;92.69794464111328;[1]
(cadf);22:27:11:238;232;28.2047996520996;73.30755615234375;92.76148986816406;[1]
(bccf);22:27:11:364;234;28.07999992370605;77.94622802734375;92.76148986816406;[1]
(cadf);22:27:11:483;233;28.2047996520996;73.30755615234375;92.76148986816406;[1]
(bccf);22:27:11:613;235;28.14239883422851;77.94622802734375;92.63440704345703;[1]
(cadf);22:27:11:733;234;28.2047996520996;73.30755615234375;92.82502746582031;[1]
(bccf);22:27:11:857;236;28.14239883422851;77.91571044921875;92.76148986816406;[1]
(cadf);22:27:11:978;235;28.2047996520996;73.30755615234375;92.88856506347656;[1]
(bccf);22:27:12:106;237;28.14239883422851;77.91571044921875;92.82502746582031;[1]
(cadf);22:27:12:228;236;28.2047996520996;73.30755615234375;92.82502746582031;[1]
(bccf);22:27:12:354;238;28.14239883422851;77.91571044921875;92.82502746582031;[1]
(cadf);22:27:12:473;237;28.2047996520996;73.30755615234375;92.76148986816406;[1]
(bccf);22:27:12:601;239;28.14239883422851;77.91571044921875;92.82502746582031;[1]
(cadf);22:27:12:723;238;28.2047996520996;73.30755615234375;92.82502746582031;[1]
(bccf);22:27:12:850;240;28.14239883422851;77.91571044921875;92.76148986816406;[1]
(cadf);22:27:12:968;239;28.2047996520996;73.30755615234375;92.95210266113281;[1]
(bccf);22:27:13:97;241;28.14239883422851;77.91571044921875;92.82502746582031;[1]
(cadf);22:27:13:218;240;28.26719856262207;73.30755615234375;92.95210266113281;[1]
(bccf);22:27:13:341;242;28.14239883422851;77.91571044921875;92.88856506347656;[1]
(cadf);22:27:13:463;241;28.2047996520996;73.30755615234375;92.95210266113281;[1]
(bccf);22:27:13:590;243;28.14239883422851;77.91571044921875;92.82502746582031;[1]
(cadf);22:27:13:708;242;28.2047996520996;73.30755615234375;92.95210266113281;[1]
(bccf);22:27:13:838;244;28.14239883422851;77.91571044921875;92.82502746582031;[1]
(cadf);22:27:13:958;243;28.2047996520996;73.30755615234375;92.76148986816406;[1]
(bccf);22:27:14:91;245;28.14239883422851;77.91571044921875;92.76148986816406;[1]
(cadf);22:27:14:208;244;28.2047996520996;73.30755615234375;92.82502746582031;[1]
(bccf);22:27:14:340;246;28.14239883422851;77.91571044921875;92.88856506347656;[1]
(cadf);22:27:14:458;245;28.2047996520996;73.30755615234375;92.82502746582031;[1]
(bccf);22:27:14:588;247;28.14239883422851;77.91571044921875;92.95210266113281;[1]
(cadf);22:27:14:708;246;28.2047996520996;73.30755615234375;92.82502746582031;[1]
(bccf);22:27:14:836;248;28.14239883422851;77.91571044921875;92.76148986816406;[1]
(cadf);22:27:14:953;247;28.2047996520996;73.30755615234375;92.95210266113281;[1]
(bccf);22:27:15:83;249;28.14239883422851;77.91571044921875;92.76148986816406;[1]
(cadf);22:27:15:203;248;28.2047996520996;73.3304443359375;92.76148986816406;[1]
(bccf);22:27:15:327;250;28.14239883422851;77.88519287109375;92.82502746582031;[1]
(cadf);22:27:15:448;249;28.2047996520996;73.30755615234375;92.76148986816406;[1]
(bccf);22:27:15:576;251;28.14239883422851;77.88519287109375;92.88856506347656;[1]
(cadf);22:27:15:698;250;28.2047996520996;73.30755615234375;92.95210266113281;[1]
(bccf);22:27:15:825;252;28.14239883422851;77.88519287109375;92.82502746582031;[1]
(cadf);22:27:15:943;251;28.2047996520996;73.3304443359375;92.76148986816406;[1]
(bccf);22:27:16:72;253;28.14239883422851;77.88519287109375;92.82502746582031;[1]
(cadf);22:27:16:193;252;28.2047996520996;73.3304443359375;92.82502746582031;[1]
(bccf);22:27:16:320;254;28.14239883422851;77.88519287109375;92.88856506347656;[1]
(cadf);22:27:16:438;253;28.2047996520996;73.3304443359375;92.76148986816406;[1]
(bccf);22:27:16:573;255;28.14239883422851;77.88519287109375;92.88856506347656;[1]
(cadf);22:27:16:698;254;28.2047996520996;73.3304443359375;92.95210266113281;[1]
(bccf);22:27:16:821;256;28.14239883422851;77.88519287109375;92.63440704345703;[1]
(cadf);22:27:16:943;255;28.2047996520996;73.30755615234375;92.76148986816406;[1]
(bccf);22:27:17:69;257;28.14239883422851;77.88519287109375;92.69794464111328;[1]
(cadf);22:27:17:188;256;28.2047996520996;73.30755615234375;92.88856506347656;[1]
(bccf);22:27:17:319;258;28.14239883422851;77.88519287109375;92.95210266113281;[1]
(cadf);22:27:17:438;257;28.2047996520996;73.30755615234375;92.82502746582031;[1]
(bccf);22:27:17:567;259;28.14239883422851;77.88519287109375;92.82502746582031;[1]
(cadf);22:27:17:688;258;28.2047996520996;73.30755615234375;92.88856506347656;[1]
(bccf);22:27:17:815;260;28.14239883422851;77.8470458984375;92.88856506347656;[1]
(cadf);22:27:17:933;259;28.2047996520996;73.30755615234375;92.76148986816406;[1]
(bccf);22:27:18:62;261;28.2047996520996;77.8470458984375;92.82502746582031;[1]
(cadf);22:27:18:183;260;28.2047996520996;73.3304443359375;92.76148986816406;[1]
(bccf);22:27:18:309;262;28.14239883422851;77.8470458984375;92.95210266113281;[1]
(cadf);22:27:18:428;261;28.26719856262207;73.30755615234375;92.82502746582031;[1]
(bccf);22:27:18:553;263;28.14239883422851;77.8470458984375;92.76148986816406;[1]
(cadf);22:27:18:678;262;28.2047996520996;73.30755615234375;92.82502746582031;[1]
(bccf);22:27:18:801;264;28.14239883422851;77.8470458984375;92.69794464111328;[1]
(cadf);22:27:18:923;263;28.2047996520996;73.30755615234375;92.82502746582031;[1]
(bccf);22:27:19:48;265;28.14239883422851;77.8470458984375;92.76148986816406;[1]
(cadf);22:27:19:168;264;28.26719856262207;73.30755615234375;92.95210266113281;[1]
(bccf);22:27:19:292;266;28.14239883422851;77.8470458984375;92.76148986816406;[1]
(cadf);22:27:19:413;265;28.26719856262207;73.30755615234375;92.88856506347656;[1]
(bccf);22:27:19:536;267;28.2047996520996;77.8470458984375;92.95210266113281;[1]
(cadf);22:27:19:653;266;28.2047996520996;73.30755615234375;92.82502746582031;[1]
(bccf);22:27:19:784;268;28.14239883422851;77.8470458984375;92.82502746582031;[1]
(cadf);22:27:19:903;267;28.2047996520996;73.30755615234375;92.82502746582031;[1]
(bccf);22:27:20:31;269;28.14239883422851;77.8165283203125;92.76148986816406;[1]
(cadf);22:27:20:153;268;28.26719856262207;73.30755615234375;92.76148986816406;[1]
(bccf);22:27:20:275;270;28.2047996520996;77.8165283203125;92.82502746582031;[1]
(cadf);22:27:20:393;269;28.2047996520996;73.30755615234375;92.76148986816406;[1]
(bccf);22:27:20:525;271;28.2047996520996;77.8165283203125;92.82502746582031;[1]
(cadf);22:27:20:648;270;28.2047996520996;73.30755615234375;92.82502746582031;[1]
(bccf);22:27:20:773;272;28.14239883422851;77.8165283203125;92.88856506347656;[1]
(cadf);22:27:20:893;271;28.2047996520996;73.30755615234375;92.82502746582031;[1]
(bccf);22:27:21:20;273;28.14239883422851;77.8165283203125;92.69794464111328;[1]
(cadf);22:27:21:138;272;28.26719856262207;73.30755615234375;92.76148986816406;[1]
(bccf);22:27:21:272;274;28.14239883422851;77.8165283203125;92.82502746582031;[1]
(cadf);22:27:21:393;273;28.26719856262207;73.30755615234375;92.82502746582031;[1]
(bccf);22:27:21:516;275;28.2047996520996;77.8165283203125;92.76148986816406;[1]
(cadf);22:27:21:637;274;28.26719856262207;73.30755615234375;92.76148986816406;[1]
(bccf);22:27:21:763;276;28.14239883422851;77.8165283203125;92.82502746582031;[1]
(cadf);22:27:21:882;275;28.26719856262207;73.30755615234375;92.95210266113281;[1]
(bccf);22:27:22:7;277;28.14239883422851;77.8165283203125;92.69794464111328;[1]
(cadf);22:27:22:127;276;28.2047996520996;73.30755615234375;92.95210266113281;[1]
(bccf);22:27:22:254;278;28.14239883422851;77.8165283203125;92.82502746582031;[1]
(cadf);22:27:22:371;277;28.26719856262207;73.30755615234375;92.82502746582031;[1]
(bccf);22:27:22:503;279;28.14239883422851;77.8165283203125;92.82502746582031;[1]
(cadf);22:27:22:621;278;28.26719856262207;73.27703857421875;92.95210266113281;[1]
(bccf);22:27:22:751;280;28.2047996520996;77.8165283203125;92.76148986816406;[1]
(cadf);22:27:22:871;279;28.26719856262207;73.27703857421875;92.76148986816406;[1]
(bccf);22:27:22:999;281;28.14239883422851;77.8165283203125;92.82502746582031;[1]
(cadf);22:27:23:116;280;28.26719856262207;73.27703857421875;92.82502746582031;[1]
(bccf);22:27:23:246;282;28.14239883422851;77.8165283203125;92.82502746582031;[1]
(cadf);22:27:23:366;281;28.26719856262207;73.27703857421875;92.95210266113281;[1]
(bccf);22:27:23:490;283;28.14239883422851;77.8165283203125;92.76148986816406;[1]
(cadf);22:27:23:611;282;28.26719856262207;73.24652099609375;92.82502746582031;[1]
(bccf);22:27:23:742;284;28.14239883422851;77.8165283203125;92.82502746582031;[1]
(cadf);22:27:23:861;283;28.26719856262207;73.24652099609375;92.82502746582031;[1]
(bccf);22:27:23:985;285;28.2047996520996;77.8165283203125;92.82502746582031;[1]
(cadf);22:27:24:106;284;28.26719856262207;73.24652099609375;92.82502746582031;[1]
(bccf);22:27:24:228;286;28.14239883422851;77.8165283203125;92.76148986816406;[1]
(cadf);22:27:24:346;285;28.26719856262207;73.24652099609375;92.82502746582031;[1]
(bccf);22:27:24:471;287;28.14239883422851;77.8165283203125;92.82502746582031;[1]
(cadf);22:27:24:591;286;28.26719856262207;73.2236328125;92.76148986816406;[1]
(bccf);22:27:24:715;288;28.2047996520996;77.7860107421875;92.76148986816406;[1]
(cadf);22:27:24:836;287;28.32959938049316;73.2236328125;92.76148986816406;[1]
(bccf);22:27:24:959;289;28.2047996520996;77.7860107421875;92.82502746582031;[1]
(cadf);22:27:25:80;288;28.32959938049316;73.2236328125;92.82502746582031;[1]
(bccf);22:27:25:205;290;28.2047996520996;77.7860107421875;92.82502746582031;[1]
(cadf);22:27:25:325;289;28.2047996520996;73.193115234375;92.82502746582031;[1]
(bccf);22:27:25:449;291;28.2047996520996;77.7860107421875;92.76148986816406;[1]
(cadf);22:27:25:569;290;28.26719856262207;73.193115234375;92.76148986816406;[1]
(bccf);22:27:25:695;292;28.2047996520996;77.7860107421875;92.82502746582031;[1]
(cadf);22:27:25:813;291;28.26719856262207;73.193115234375;92.95210266113281;[1]
(bccf);22:27:25:939;293;28.2047996520996;77.7860107421875;92.82502746582031;[1]
(cadf);22:27:26:58;292;28.26719856262207;73.193115234375;92.76148986816406;[1]
(bccf);22:27:26:188;294;28.14239883422851;77.7860107421875;92.76148986816406;[1]
(cadf);22:27:26:308;293;28.26719856262207;73.193115234375;92.95210266113281;[1]
(bccf);22:27:26:434;295;28.2047996520996;77.7860107421875;92.82502746582031;[1]
(cadf);22:27:26:553;294;28.32959938049316;73.193115234375;92.82502746582031;[1]
(bccf);22:27:26:678;296;28.2047996520996;77.7860107421875;92.69794464111328;[1]
(cadf);22:27:26:798;295;28.26719856262207;73.193115234375;92.95210266113281;[1]
(bccf);22:27:26:921;297;28.2047996520996;77.7860107421875;92.69794464111328;[1]
(cadf);22:27:27:43;296;28.26719856262207;73.193115234375;92.82502746582031;[1]
(bccf);22:27:27:165;298;28.2047996520996;77.7860107421875;92.63440704345703;[1]
(cadf);22:27:27:283;297;28.32959938049316;73.193115234375;92.95210266113281;[1]
(bccf);22:27:27:412;299;28.2047996520996;77.7860107421875;92.82502746582031;[1]
(cadf);22:27:27:533;298;28.32959938049316;73.193115234375;92.82502746582031;[1]
(bccf);22:27:27:655;300;28.2047996520996;77.7860107421875;92.82502746582031;[1]
(cadf);22:27:27:773;299;28.32959938049316;73.193115234375;92.95210266113281;[1]
(bccf);22:27:27:899;301;28.14239883422851;77.7860107421875;92.82502746582031;[1]
