(aaaf);3;12:00:11:882;27.76799964904785;66.32666015625;92.82502746582031;[0]
(cacf);1;12:00:03:58;27.14399909973144;64.51849365234375;92.88856506347656;[0]
(aaaf);4;12:00:19:839;27.76799964904785;65.96807861328125;92.95210266113281;[0]
(cacf);2;12:00:11:34;27.14399909973144;64.159912109375;92.82502746582031;[0]
(cacf);3;12:00:11:283;27.14399909973144;64.159912109375;92.88856506347656;[0]
(aaaf);5;12:00:20:91;27.76799964904785;65.96807861328125;92.69794464111328;[0]
(cacf);4;12:00:11:531;27.20639991760253;64.159912109375;92.76148986816406;[0]
(aaaf);6;12:00:20:350;27.76799964904785;65.96807861328125;92.88856506347656;[0]
(cacf);5;12:00:11:785;27.14399909973144;64.159912109375;92.76148986816406;[0]
(aaaf);7;12:00:20:604;27.76799964904785;65.96807861328125;92.95210266113281;[0]
(cacf);6;12:00:12:29;27.20639991760253;64.159912109375;92.88856506347656;[0]
(aaaf);8;12:00:20:857;27.76799964904785;65.96807861328125;92.69794464111328;[0]
(cacf);7;12:00:12:272;27.14399909973144;64.159912109375;92.76148986816406;[0]
(aaaf);9;12:00:21:110;27.83039855957031;65.96807861328125;92.82502746582031;[0]
(cacf);8;12:00:12:521;27.20639991760253;64.159912109375;92.88856506347656;[0]
(aaaf);10;12:00:21:358;27.83039855957031;65.96807861328125;92.82502746582031;[0]
(cacf);9;12:00:12:770;27.14399909973144;64.159912109375;92.82502746582031;[0]
(aaaf);11;12:00:21:607;27.76799964904785;65.96807861328125;92.82502746582031;[0]
(cacf);10;12:00:13:19;27.14399909973144;64.159912109375;92.88856506347656;[0]
(aaaf);12;12:00:21:856;27.76799964904785;65.96807861328125;92.82502746582031;[0]
(cacf);11;12:00:13:268;27.14399909973144;64.159912109375;92.88856506347656;[0]
(aaaf);13;12:00:22:110;27.83039855957031;65.96807861328125;92.82502746582031;[0]
(cacf);12;12:00:13:523;27.20639991760253;64.159912109375;92.82502746582031;[0]
(aaaf);14;12:00:22:359;27.76799964904785;65.96807861328125;92.82502746582031;[0]
(cacf);13;12:00:13:776;27.14399909973144;64.159912109375;92.76148986816406;[0]
(aaaf);15;12:00:22:609;27.76799964904785;65.96807861328125;92.82502746582031;[0]
(cacf);14;12:00:14:21;27.14399909973144;64.159912109375;92.69794464111328;[0]
(aaaf);16;12:00:22:856;27.83039855957031;65.96807861328125;92.69794464111328;[0]
(cacf);15;12:00:14:265;27.14399909973144;64.159912109375;92.76148986816406;[0]
(aaaf);17;12:00:23:105;27.83039855957031;65.96807861328125;92.82502746582031;[0]
(cacf);16;12:00:14:513;27.14399909973144;64.159912109375;92.88856506347656;[0]
(aaaf);18;12:00:23:355;27.83039855957031;65.93756103515625;92.95210266113281;[0]
(cacf);17;12:00:14:762;27.20639991760253;64.12939453125;92.76148986816406;[0]
(aaaf);19;12:00:23:605;27.83039855957031;65.93756103515625;92.82502746582031;[0]
(cacf);18;12:00:15:10;27.20639991760253;64.12939453125;92.76148986816406;[0]
(aaaf);20;12:00:23:858;27.76799964904785;65.93756103515625;92.82502746582031;[0]
(cacf);19;12:00:15:264;27.14399909973144;64.12939453125;92.76148986816406;[0]
(aaaf);21;12:00:24:106;27.83039855957031;65.93756103515625;92.82502746582031;[0]
(cacf);20;12:00:15:513;27.20639991760253;64.12939453125;92.88856506347656;[0]
(aaaf);22;12:00:24:355;27.83039855957031;65.93756103515625;92.82502746582031;[0]
(cacf);21;12:00:15:758;27.14399909973144;64.12939453125;92.88856506347656;[0]
(aaaf);23;12:00:24:604;27.83039855957031;65.93756103515625;92.69794464111328;[0]
(cacf);22;12:00:16:1;27.14399909973144;64.12939453125;92.69794464111328;[0]
(aaaf);24;12:00:24:854;27.83039855957031;65.93756103515625;92.82502746582031;[0]
(cacf);23;12:00:16:245;27.14399909973144;64.12939453125;92.76148986816406;[0]
(aaaf);25;12:00:25:102;27.83039855957031;65.93756103515625;92.82502746582031;[0]
(cacf);24;12:00:16:490;27.14399909973144;64.12939453125;92.88856506347656;[0]
(aaaf);26;12:00:25:351;27.83039855957031;65.93756103515625;92.69794464111328;[0]
(cacf);25;12:00:16:738;27.14399909973144;64.12939453125;92.88856506347656;[0]
(aaaf);27;12:00:25:605;27.83039855957031;65.93756103515625;92.82502746582031;[0]
(cacf);26;12:00:16:991;27.14399909973144;64.12939453125;92.88856506347656;[0]
(aaaf);28;12:00:25:855;27.83039855957031;65.9146728515625;92.82502746582031;[0]
(cacf);27;12:00:17:240;27.14399909973144;64.12939453125;92.76148986816406;[0]
(aaaf);29;12:00:26:109;27.83039855957031;65.9146728515625;92.69794464111328;[0]
(cacf);28;12:00:17:490;27.20639991760253;64.12939453125;92.76148986816406;[0]
(aaaf);30;12:00:26:362;27.76799964904785;65.9146728515625;92.69794464111328;[0]
(cacf);29;12:00:17:738;27.14399909973144;64.10650634765625;92.88856506347656;[0]
(aaaf);31;12:00:26:611;27.83039855957031;65.9146728515625;92.82502746582031;[0]
(cacf);30;12:00:17:988;27.20639991760253;64.10650634765625;92.88856506347656;[0]
(aaaf);32;12:00:26:859;27.83039855957031;65.9146728515625;92.82502746582031;[0]
(cacf);31;12:00:18:236;27.14399909973144;64.10650634765625;92.76148986816406;[0]
(aaaf);33;12:00:27:108;27.76799964904785;65.9146728515625;92.82502746582031;[0]
(cacf);32;12:00:18:486;27.14399909973144;64.10650634765625;92.82502746582031;[0]
(aaaf);34;12:00:27:361;27.83039855957031;65.8841552734375;92.69794464111328;[0]
(cacf);33;12:00:18:746;27.14399909973144;64.10650634765625;92.88856506347656;[0]
(aaaf);35;12:00:27:610;27.76799964904785;65.8841552734375;92.69794464111328;[0]
(cacf);34;12:00:18:999;27.14399909973144;64.10650634765625;92.88856506347656;[0]
(aaaf);36;12:00:27:859;27.83039855957031;65.8841552734375;92.82502746582031;[0]
(cacf);35;12:00:19:253;27.20639991760253;64.07598876953125;92.88856506347656;[0]
(aaaf);37;12:00:28:108;27.83039855957031;65.8841552734375;92.82502746582031;[0]
(cacf);36;12:00:19:507;27.20639991760253;64.07598876953125;92.88856506347656;[0]
(aaaf);38;12:00:28:357;27.83039855957031;65.8536376953125;92.69794464111328;[0]
(cacf);37;12:00:19:755;27.14399909973144;64.07598876953125;92.88856506347656;[0]
(aaaf);39;12:00:28:605;27.83039855957031;65.8536376953125;92.69794464111328;[0]
(cacf);38;12:00:20:3;27.14399909973144;64.07598876953125;92.76148986816406;[0]
(aaaf);40;12:00:28:855;27.83039855957031;65.8536376953125;92.82502746582031;[0]
(cacf);39;12:00:20:251;27.14399909973144;64.07598876953125;92.82502746582031;[0]
(aaaf);41;12:00:29:109;27.83039855957031;65.8231201171875;92.82502746582031;[0]
(cacf);40;12:00:20:506;27.20639991760253;64.07598876953125;92.76148986816406;[0]
(aaaf);42;12:00:29:357;27.83039855957031;65.8231201171875;92.82502746582031;[0]
(cacf);41;12:00:20:755;27.20639991760253;64.04547119140625;92.76148986816406;[0]
(aaaf);43;12:00:29:606;27.83039855957031;65.8231201171875;92.82502746582031;[0]
(cacf);42;12:00:21:4;27.14399909973144;64.04547119140625;92.76148986816406;[0]
(aaaf);44;12:00:29:856;27.83039855957031;65.8231201171875;92.69794464111328;[0]
(cacf);43;12:00:21:252;27.20639991760253;64.04547119140625;92.88856506347656;[0]
(aaaf);45;12:00:30:104;27.83039855957031;65.8231201171875;92.82502746582031;[0]
(cacf);44;12:00:21:501;27.20639991760253;64.04547119140625;92.82502746582031;[0]
(aaaf);46;12:00:30:353;27.83039855957031;65.8231201171875;92.69794464111328;[0]
(cacf);45;12:00:21:750;27.20639991760253;64.04547119140625;92.88856506347656;[0]
(aaaf);47;12:00:30:603;27.83039855957031;65.8231201171875;92.82502746582031;[0]
(cacf);46;12:00:22:0;27.20639991760253;64.04547119140625;92.76148986816406;[0]
(aaaf);48;12:00:30:856;27.83039855957031;65.83074951171875;92.95210266113281;[0]
(cacf);47;12:00:22:254;27.20639991760253;64.01495361328125;92.88856506347656;[0]
(aaaf);49;12:00:31:106;27.83039855957031;65.7926025390625;92.69794464111328;[0]
(cacf);48;12:00:22:508;27.14399909973144;64.01495361328125;92.88856506347656;[0]
(aaaf);50;12:00:31:354;27.83039855957031;65.7926025390625;92.82502746582031;[0]
(cacf);49;12:00:22:756;27.20639991760253;64.01495361328125;92.88856506347656;[0]
(aaaf);51;12:00:31:602;27.83039855957031;65.7620849609375;92.82502746582031;[0]
(cacf);50;12:00:23:5;27.14399909973144;64.01495361328125;92.82502746582031;[0]
(aaaf);52;12:00:31:852;27.83039855957031;65.7620849609375;92.88856506347656;[0]
