(aaaf);1;12:00:03:59;29.7023983001709;65.08306884765625;92.95210266113281;[1]
(aaaf);1;12:00:03:59;29.7023983001709;65.08306884765625;92.95210266113281;[1]
(aaaf);1;12:00:10:160;29.764799118042;65.55609130859375;92.95210266113281;[1]
(aaaf);1;12:00:10:160;29.764799118042;65.55609130859375;92.95210266113281;[1]
(aaaf);1;12:00:10:488;29.764799118042;65.58660888671875;92.95210266113281;[1]
(aaaf);1;12:00:10:488;29.764799118042;65.58660888671875;92.95210266113281;[1]
(aaaf);1;12:00:10:816;29.764799118042;65.58660888671875;92.82502746582031;[1]
(aaaf);1;12:00:10:816;29.764799118042;65.58660888671875;92.82502746582031;[1]
(aaaf);1;12:00:11:144;29.764799118042;65.58660888671875;92.95210266113281;[1]
(aaaf);1;12:00:11:144;29.764799118042;65.58660888671875;92.95210266113281;[1]
(aaaf);1;12:00:11:472;29.764799118042;65.58660888671875;92.95210266113281;[1]
(aaaf);1;12:00:11:472;29.764799118042;65.58660888671875;92.95210266113281;[1]
(aaaf);1;12:00:11:800;29.764799118042;65.58660888671875;92.95210266113281;[1]
(aaaf);1;12:00:11:800;29.764799118042;65.58660888671875;92.95210266113281;[1]
(aaaf);1;12:00:12:128;29.764799118042;65.58660888671875;93.07917785644531;[1]
(aaaf);1;12:00:12:128;29.764799118042;65.58660888671875;93.07917785644531;[1]
(aaaf);1;12:00:12:455;29.7023983001709;65.58660888671875;93.01564025878906;[1]
(aaaf);1;12:00:12:455;29.7023983001709;65.58660888671875;93.01564025878906;[1]
(aaaf);1;12:00:12:783;29.7023983001709;65.55609130859375;92.95210266113281;[1]
(aaaf);1;12:00:12:783;29.7023983001709;65.55609130859375;92.95210266113281;[1]
(aaaf);1;12:00:13:111;29.764799118042;65.55609130859375;92.95210266113281;[1]
(aaaf);1;12:00:13:111;29.764799118042;65.55609130859375;92.95210266113281;[1]
(aaaf);1;12:00:13:439;29.764799118042;65.533203125;93.07917785644531;[1]
(aaaf);1;12:00:13:439;29.764799118042;65.533203125;93.07917785644531;[1]
(aaaf);1;12:00:13:761;29.764799118042;65.533203125;92.95210266113281;[1]
(aaaf);1;12:00:13:761;29.764799118042;65.533203125;92.95210266113281;[1]
(aaaf);1;12:00:14:89;29.764799118042;65.47216796875;92.95210266113281;[1]
(aaaf);1;12:00:14:89;29.764799118042;65.47216796875;92.95210266113281;[1]
(aaaf);1;12:00:14:417;29.764799118042;65.47216796875;93.07917785644531;[1]
(aaaf);1;12:00:14:417;29.764799118042;65.47216796875;93.07917785644531;[1]
(aaaf);1;12:00:14:744;29.764799118042;65.4111328125;92.95210266113281;[1]
(aaaf);1;12:00:14:744;29.764799118042;65.4111328125;92.95210266113281;[1]
(aaaf);1;12:00:15:72;29.764799118042;65.380615234375;92.76148986816406;[1]
(aaaf);1;12:00:15:72;29.764799118042;65.380615234375;92.76148986816406;[1]
(aaaf);1;12:00:15:399;29.764799118042;65.35009765625;92.95210266113281;[1]
(aaaf);1;12:00:15:399;29.764799118042;65.35009765625;92.95210266113281;[1]
(aaaf);1;12:00:15:727;29.764799118042;65.319580078125;92.76148986816406;[1]
(aaaf);1;12:00:15:727;29.764799118042;65.319580078125;92.76148986816406;[1]
(aaaf);1;12:00:16:55;29.764799118042;65.319580078125;92.82502746582031;[1]
(aaaf);1;12:00:16:55;29.764799118042;65.319580078125;92.82502746582031;[1]
(aaaf);1;12:00:16:383;29.7023983001709;65.319580078125;92.95210266113281;[1]
(aaaf);1;12:00:16:383;29.7023983001709;65.319580078125;92.95210266113281;[1]
(aaaf);1;12:00:16:711;29.7023983001709;65.319580078125;93.07917785644531;[1]
(aaaf);1;12:00:16:711;29.7023983001709;65.319580078125;93.07917785644531;[1]
(aaaf);1;12:00:17:38;29.764799118042;65.258544921875;92.82502746582031;[1]
(aaaf);1;12:00:17:38;29.764799118042;65.258544921875;92.82502746582031;[1]
(aaaf);1;12:00:17:366;29.7023983001709;65.258544921875;92.95210266113281;[1]
(aaaf);1;12:00:17:366;29.7023983001709;65.258544921875;92.95210266113281;[1]
(aaaf);1;12:00:17:694;29.764799118042;65.258544921875;92.88856506347656;[1]
(aaaf);1;12:00:17:694;29.764799118042;65.258544921875;92.88856506347656;[1]
(aaaf);1;12:00:18:22;29.7023983001709;65.258544921875;92.95210266113281;[1]
(aaaf);1;12:00:18:22;29.7023983001709;65.258544921875;92.95210266113281;[1]
(aaaf);1;12:00:18:350;29.764799118042;65.258544921875;92.82502746582031;[1]
(aaaf);1;12:00:18:350;29.764799118042;65.258544921875;92.82502746582031;[1]
(aaaf);1;12:00:18:677;29.7023983001709;65.258544921875;93.07917785644531;[1]
(aaaf);1;12:00:18:677;29.7023983001709;65.258544921875;93.07917785644531;[1]
(aaaf);1;12:00:19:3;29.7023983001709;65.258544921875;92.88856506347656;[1]
(aaaf);1;12:00:19:3;29.7023983001709;65.258544921875;92.88856506347656;[1]
(aaaf);1;12:00:19:326;29.764799118042;65.258544921875;92.95210266113281;[1]
(aaaf);1;12:00:19:326;29.764799118042;65.258544921875;92.95210266113281;[1]
(aaaf);1;12:00:19:654;29.7023983001709;65.258544921875;92.95210266113281;[1]
(aaaf);1;12:00:19:654;29.7023983001709;65.258544921875;92.95210266113281;[1]
(aaaf);1;12:00:19:982;29.764799118042;65.258544921875;92.82502746582031;[1]
(aaaf);1;12:00:19:982;29.764799118042;65.258544921875;92.82502746582031;[1]
(aaaf);1;12:00:20:310;29.764799118042;65.258544921875;92.88856506347656;[1]
(aaaf);1;12:00:20:310;29.764799118042;65.258544921875;92.88856506347656;[1]
(aaaf);1;12:00:20:638;29.7023983001709;65.23565673828125;92.95210266113281;[1]
(aaaf);1;12:00:20:638;29.7023983001709;65.23565673828125;92.95210266113281;[1]
(aaaf);1;12:00:20:966;29.7023983001709;65.23565673828125;93.07917785644531;[1]
(aaaf);1;12:00:20:966;29.7023983001709;65.23565673828125;93.07917785644531;[1]
(aaaf);1;12:00:21:293;29.764799118042;65.23565673828125;92.95210266113281;[1]
(aaaf);1;12:00:21:293;29.764799118042;65.23565673828125;92.95210266113281;[1]
(aaaf);1;12:00:21:621;29.764799118042;65.20513916015625;92.95210266113281;[1]
(aaaf);1;12:00:21:621;29.764799118042;65.20513916015625;92.95210266113281;[1]
(aaaf);1;12:00:21:949;29.764799118042;65.17462158203125;93.07917785644531;[1]
(aaaf);1;12:00:21:949;29.764799118042;65.17462158203125;93.07917785644531;[1]
(aaaf);1;12:00:22:277;29.764799118042;65.17462158203125;92.95210266113281;[1]
(aaaf);1;12:00:22:277;29.764799118042;65.17462158203125;92.95210266113281;[1]
(aaaf);1;12:00:22:605;29.764799118042;65.17462158203125;93.07917785644531;[1]
(aaaf);1;12:00:22:605;29.764799118042;65.17462158203125;93.07917785644531;[1]
(aaaf);1;12:00:22:933;29.764799118042;65.14410400390625;92.76148986816406;[1]
(aaaf);1;12:00:22:933;29.764799118042;65.14410400390625;92.76148986816406;[1]
(aaaf);1;12:00:23:260;29.7023983001709;65.14410400390625;92.95210266113281;[1]
(aaaf);1;12:00:23:260;29.7023983001709;65.14410400390625;92.95210266113281;[1]
(aaaf);1;12:00:23:589;29.764799118042;65.08306884765625;93.07917785644531;[1]
(aaaf);1;12:00:23:589;29.764799118042;65.08306884765625;93.07917785644531;[1]
(aaaf);1;12:00:23:916;29.7023983001709;65.08306884765625;92.95210266113281;[1]
(aaaf);1;12:00:23:916;29.7023983001709;65.08306884765625;92.95210266113281;[1]
(aaaf);1;12:00:24:244;29.764799118042;65.08306884765625;93.07917785644531;[1]
(aaaf);1;12:00:24:244;29.764799118042;65.08306884765625;93.07917785644531;[1]
(aaaf);1;12:00:24:570;29.764799118042;65.08306884765625;92.95210266113281;[1]
(aaaf);1;12:00:24:570;29.764799118042;65.08306884765625;92.95210266113281;[1]
(aaaf);1;12:00:24:898;29.764799118042;65.08306884765625;93.07917785644531;[1]
(aaaf);1;12:00:24:898;29.764799118042;65.08306884765625;93.07917785644531;[1]
(aaaf);1;12:00:25:226;29.764799118042;65.05255126953125;93.01564025878906;[1]
(aaaf);1;12:00:25:226;29.764799118042;65.05255126953125;93.01564025878906;[1]
(aaaf);1;12:00:25:553;29.764799118042;65.05255126953125;92.95210266113281;[1]
(aaaf);1;12:00:25:553;29.764799118042;65.05255126953125;92.95210266113281;[1]
(aaaf);1;12:00:25:881;29.764799118042;65.05255126953125;92.88856506347656;[1]
(aaaf);1;12:00:25:881;29.764799118042;65.05255126953125;92.88856506347656;[1]
(aaaf);1;12:00:26:209;29.764799118042;65.02203369140625;92.95210266113281;[1]
(aaaf);1;12:00:26:209;29.764799118042;65.02203369140625;92.95210266113281;[1]
(aaaf);1;12:00:26:537;29.7023983001709;65.02203369140625;92.95210266113281;[1]
(aaaf);1;12:00:26:537;29.7023983001709;65.02203369140625;92.95210266113281;[1]
(aaaf);1;12:00:26:865;29.7023983001709;65.02203369140625;92.95210266113281;[1]
(aaaf);1;12:00:26:865;29.7023983001709;65.02203369140625;92.95210266113281;[1]
(aaaf);1;12:00:27:191;29.764799118042;65.02203369140625;93.07917785644531;[1]
(aaaf);1;12:00:27:191;29.764799118042;65.02203369140625;93.07917785644531;[1]
(aaaf);1;12:00:27:519;29.7023983001709;64.99151611328125;92.95210266113281;[1]
(aaaf);1;12:00:27:519;29.7023983001709;64.99151611328125;92.95210266113281;[1]
(aaaf);1;12:00:27:847;29.764799118042;64.99151611328125;92.95210266113281;[1]
(aaaf);1;12:00:27:847;29.764799118042;64.99151611328125;92.95210266113281;[1]
(aaaf);1;12:00:28:175;29.7023983001709;64.99151611328125;92.95210266113281;[1]
(aaaf);1;12:00:28:175;29.7023983001709;64.99151611328125;92.95210266113281;[1]
(aaaf);1;12:00:28:503;29.7023983001709;64.99151611328125;92.95210266113281;[1]
(aaaf);1;12:00:28:503;29.7023983001709;64.99151611328125;92.95210266113281;[1]
(aaaf);1;12:00:28:831;29.7023983001709;64.99151611328125;92.95210266113281;[1]
(aaaf);1;12:00:28:831;29.7023983001709;64.99151611328125;92.95210266113281;[1]
(aaaf);1;12:00:29:157;29.764799118042;64.99151611328125;93.07917785644531;[1]
(aaaf);1;12:00:29:157;29.764799118042;64.99151611328125;93.07917785644531;[1]
(aaaf);1;12:00:29:485;29.764799118042;64.99151611328125;93.01564025878906;[1]
(aaaf);1;12:00:29:485;29.764799118042;64.99151611328125;93.01564025878906;[1]
(aaaf);1;12:00:29:811;29.7023983001709;64.99151611328125;92.95210266113281;[1]
(aaaf);1;12:00:29:811;29.7023983001709;64.99151611328125;92.95210266113281;[1]
(aaaf);1;12:00:30:139;29.764799118042;64.99151611328125;92.95210266113281;[1]
(aaaf);1;12:00:30:139;29.764799118042;64.99151611328125;92.95210266113281;[1]
(aaaf);1;12:00:30:467;29.764799118042;64.99151611328125;92.95210266113281;[1]
(aaaf);1;12:00:30:467;29.764799118042;64.99151611328125;92.95210266113281;[1]
(aaaf);1;12:00:30:795;29.7023983001709;65.02203369140625;92.95210266113281;[1]
(aaaf);1;12:00:30:795;29.7023983001709;65.02203369140625;92.95210266113281;[1]
(aaaf);1;12:00:31:123;29.764799118042;65.02203369140625;93.07917785644531;[1]
(aaaf);1;12:00:31:123;29.764799118042;65.02203369140625;93.07917785644531;[1]
(aaaf);1;12:00:31:450;29.7023983001709;65.02203369140625;92.95210266113281;[1]
(aaaf);1;12:00:31:450;29.7023983001709;65.02203369140625;92.95210266113281;[1]
(aaaf);1;12:00:31:778;29.764799118042;65.02203369140625;92.88856506347656;[1]
(aaaf);1;12:00:31:778;29.764799118042;65.02203369140625;92.88856506347656;[1]
(aaaf);1;12:00:32:106;29.7023983001709;65.05255126953125;93.07917785644531;[1]
(aaaf);1;12:00:32:106;29.7023983001709;65.05255126953125;93.07917785644531;[1]
(aaaf);1;12:00:32:434;29.7023983001709;65.05255126953125;92.76148986816406;[1]
(aaaf);1;12:00:32:434;29.7023983001709;65.05255126953125;92.76148986816406;[1]
(aaaf);1;12:00:32:762;29.7023983001709;65.05255126953125;92.82502746582031;[1]
(aaaf);1;12:00:32:762;29.7023983001709;65.05255126953125;92.82502746582031;[1]
(aaaf);1;12:00:33:90;29.7023983001709;65.08306884765625;92.95210266113281;[1]
(aaaf);1;12:00:33:90;29.7023983001709;65.08306884765625;92.95210266113281;[1]
(aaaf);1;12:00:33:418;29.7023983001709;65.08306884765625;92.95210266113281;[1]
(aaaf);1;12:00:33:418;29.7023983001709;65.08306884765625;92.95210266113281;[1]
(aaaf);1;12:00:33:746;29.764799118042;65.08306884765625;92.82502746582031;[1]
(aaaf);1;12:00:33:746;29.764799118042;65.08306884765625;92.82502746582031;[1]
(aaaf);1;12:00:34:74;29.7023983001709;65.08306884765625;92.95210266113281;[1]
(aaaf);1;12:00:34:74;29.7023983001709;65.08306884765625;92.95210266113281;[1]
(aaaf);1;12:00:34:402;29.764799118042;65.08306884765625;93.07917785644531;[1]
(aaaf);1;12:00:34:402;29.764799118042;65.08306884765625;93.07917785644531;[1]
(aaaf);1;12:00:34:729;29.764799118042;65.14410400390625;93.07917785644531;[1]
(aaaf);1;12:00:34:729;29.764799118042;65.14410400390625;93.07917785644531;[1]
(aaaf);1;12:00:35:57;29.7023983001709;65.14410400390625;92.88856506347656;[1]
(aaaf);1;12:00:35:57;29.7023983001709;65.14410400390625;92.88856506347656;[1]
(aaaf);1;12:00:35:385;29.764799118042;65.17462158203125;92.95210266113281;[1]
(aaaf);1;12:00:35:385;29.764799118042;65.17462158203125;92.95210266113281;[1]
(aaaf);1;12:00:35:713;29.7023983001709;65.17462158203125;92.88856506347656;[1]
(aaaf);1;12:00:35:713;29.7023983001709;65.17462158203125;92.88856506347656;[1]
(aaaf);1;12:00:36:41;29.764799118042;65.20513916015625;92.95210266113281;[1]
(aaaf);1;12:00:36:41;29.764799118042;65.20513916015625;92.95210266113281;[1]
(aaaf);1;12:00:36:369;29.764799118042;65.23565673828125;92.95210266113281;[1]
(aaaf);1;12:00:36:369;29.764799118042;65.23565673828125;92.95210266113281;[1]
(aaaf);1;12:00:36:697;29.7023983001709;65.23565673828125;92.95210266113281;[1]
(aaaf);1;12:00:36:697;29.7023983001709;65.23565673828125;92.95210266113281;[1]
(aaaf);1;12:00:37:25;29.764799118042;65.23565673828125;92.82502746582031;[1]
(aaaf);1;12:00:37:25;29.764799118042;65.23565673828125;92.82502746582031;[1]
(aaaf);1;12:00:37:352;29.764799118042;65.23565673828125;92.95210266113281;[1]
(aaaf);1;12:00:37:352;29.764799118042;65.23565673828125;92.95210266113281;[1]
(aaaf);1;12:00:37:680;29.7023983001709;65.258544921875;92.95210266113281;[1]
(aaaf);1;12:00:37:680;29.7023983001709;65.258544921875;92.95210266113281;[1]
(aaaf);1;12:00:38:8;29.764799118042;65.258544921875;92.88856506347656;[1]
(aaaf);1;12:00:38:8;29.764799118042;65.258544921875;92.88856506347656;[1]
(aaaf);1;12:00:38:336;29.7023983001709;65.258544921875;93.07917785644531;[1]
(aaaf);1;12:00:38:336;29.7023983001709;65.258544921875;93.07917785644531;[1]
(aaaf);1;12:00:38:664;29.7023983001709;65.2890625;92.95210266113281;[1]
(aaaf);1;12:00:38:664;29.7023983001709;65.2890625;92.95210266113281;[1]
(aaaf);1;12:00:38:986;29.764799118042;65.35009765625;93.01564025878906;[1]
(aaaf);1;12:00:38:986;29.764799118042;65.35009765625;93.01564025878906;[1]
(aaaf);1;12:00:39:313;29.7023983001709;65.380615234375;92.95210266113281;[1]
(aaaf);1;12:00:39:313;29.7023983001709;65.380615234375;92.95210266113281;[1]
(aaaf);1;12:00:39:641;29.764799118042;65.47216796875;92.95210266113281;[1]
(aaaf);1;12:00:39:641;29.764799118042;65.47216796875;92.95210266113281;[1]
(aaaf);1;12:00:39:969;29.764799118042;65.533203125;93.01564025878906;[1]
(aaaf);1;12:00:39:969;29.764799118042;65.533203125;93.01564025878906;[1]
(aaaf);1;12:00:40:296;29.764799118042;65.58660888671875;92.95210266113281;[1]
(aaaf);1;12:00:40:296;29.764799118042;65.58660888671875;92.95210266113281;[1]
(aaaf);1;12:00:40:624;29.7023983001709;65.61712646484375;93.07917785644531;[1]
(aaaf);1;12:00:40:624;29.7023983001709;65.61712646484375;93.07917785644531;[1]
(aaaf);1;12:00:40:951;29.764799118042;65.64764404296875;93.07917785644531;[1]
(aaaf);1;12:00:40:951;29.764799118042;65.64764404296875;93.07917785644531;[1]
(aaaf);1;12:00:41:279;29.7023983001709;65.70867919921875;92.88856506347656;[1]
(aaaf);1;12:00:41:279;29.7023983001709;65.70867919921875;92.88856506347656;[1]
(aaaf);1;12:00:41:607;29.764799118042;65.73919677734375;93.01564025878906;[1]
(aaaf);1;12:00:41:607;29.764799118042;65.73919677734375;93.01564025878906;[1]
(aaaf);1;12:00:41:934;29.764799118042;65.80023193359375;92.88856506347656;[1]
(aaaf);1;12:00:41:934;29.764799118042;65.80023193359375;92.88856506347656;[1]
(aaaf);1;12:00:42:260;29.7023983001709;65.83074951171875;92.95210266113281;[1]
(aaaf);1;12:00:42:260;29.7023983001709;65.83074951171875;92.95210266113281;[1]
(aaaf);1;12:00:42:588;29.764799118042;65.83074951171875;92.95210266113281;[1]
(aaaf);1;12:00:42:588;29.764799118042;65.83074951171875;92.95210266113281;[1]
(aaaf);1;12:00:42:916;29.764799118042;65.86126708984375;92.95210266113281;[1]
(aaaf);1;12:00:42:916;29.764799118042;65.86126708984375;92.95210266113281;[1]
(aaaf);1;12:00:43:244;29.764799118042;65.86126708984375;92.95210266113281;[1]
(aaaf);1;12:00:43:244;29.764799118042;65.86126708984375;92.95210266113281;[1]
(aaaf);1;12:00:43:572;29.764799118042;65.89178466796875;93.07917785644531;[1]
(aaaf);1;12:00:43:572;29.764799118042;65.89178466796875;93.07917785644531;[1]
(aaaf);1;12:00:43:900;29.764799118042;65.89178466796875;92.95210266113281;[1]
(aaaf);1;12:00:43:900;29.764799118042;65.89178466796875;92.95210266113281;[1]
(aaaf);1;12:00:44:228;29.764799118042;65.89178466796875;92.95210266113281;[1]
(aaaf);1;12:00:44:228;29.764799118042;65.89178466796875;92.95210266113281;[1]
(aaaf);1;12:00:44:556;29.764799118042;65.89178466796875;92.82502746582031;[1]
(aaaf);1;12:00:44:556;29.764799118042;65.89178466796875;92.82502746582031;[1]
(aaaf);1;12:00:44:884;29.7023983001709;65.89178466796875;92.88856506347656;[1]
(aaaf);1;12:00:44:884;29.7023983001709;65.89178466796875;92.88856506347656;[1]
(aaaf);1;12:00:45:212;29.7023983001709;65.89178466796875;92.88856506347656;[1]
(aaaf);1;12:00:45:212;29.7023983001709;65.89178466796875;92.88856506347656;[1]
(aaaf);1;12:00:45:540;29.764799118042;65.89178466796875;92.95210266113281;[1]
(aaaf);1;12:00:45:540;29.764799118042;65.89178466796875;92.95210266113281;[1]
(aaaf);1;12:00:45:868;29.764799118042;65.89178466796875;93.07917785644531;[1]
(aaaf);1;12:00:45:868;29.764799118042;65.89178466796875;93.07917785644531;[1]
(aaaf);1;12:00:46:195;29.764799118042;65.89178466796875;92.95210266113281;[1]
(aaaf);1;12:00:46:195;29.764799118042;65.89178466796875;92.95210266113281;[1]
(aaaf);1;12:00:46:523;29.764799118042;65.9146728515625;93.07917785644531;[1]
(aaaf);1;12:00:46:523;29.764799118042;65.9146728515625;93.07917785644531;[1]
(aaaf);1;12:00:46:851;29.764799118042;65.9146728515625;93.07917785644531;[1]
(aaaf);1;12:00:46:851;29.764799118042;65.9146728515625;93.07917785644531;[1]
(aaaf);1;12:00:47:178;29.764799118042;65.9146728515625;92.95210266113281;[1]
(aaaf);1;12:00:47:178;29.764799118042;65.9146728515625;92.95210266113281;[1]
(aaaf);1;12:00:47:506;29.7023983001709;65.9146728515625;92.88856506347656;[1]
(aaaf);1;12:00:47:506;29.7023983001709;65.9146728515625;92.88856506347656;[1]
(aaaf);1;12:00:47:834;29.764799118042;65.9146728515625;92.95210266113281;[1]
(aaaf);1;12:00:47:834;29.764799118042;65.9146728515625;92.95210266113281;[1]
(aaaf);1;12:00:48:162;29.764799118042;65.9146728515625;92.95210266113281;[1]
(aaaf);1;12:00:48:162;29.764799118042;65.9146728515625;92.95210266113281;[1]
(aaaf);1;12:00:48:490;29.764799118042;65.9146728515625;92.82502746582031;[1]
(aaaf);1;12:00:48:490;29.764799118042;65.9146728515625;92.82502746582031;[1]
(aaaf);1;12:00:48:818;29.764799118042;65.89178466796875;93.07917785644531;[1]
(aaaf);1;12:00:48:818;29.764799118042;65.89178466796875;93.07917785644531;[1]
(aaaf);1;12:00:49:145;29.7023983001709;65.89178466796875;93.07917785644531;[1]
(aaaf);1;12:00:49:145;29.7023983001709;65.89178466796875;93.07917785644531;[1]
(aaaf);1;12:00:49:473;29.764799118042;65.89178466796875;93.14271545410156;[1]
(aaaf);1;12:00:49:473;29.764799118042;65.89178466796875;93.14271545410156;[1]
(aaaf);1;12:00:49:800;29.764799118042;65.89178466796875;92.82502746582031;[1]
(aaaf);1;12:00:49:800;29.764799118042;65.89178466796875;92.82502746582031;[1]
(aaaf);1;12:00:50:128;29.7023983001709;65.89178466796875;92.82502746582031;[1]
(aaaf);1;12:00:50:128;29.7023983001709;65.89178466796875;92.82502746582031;[1]
(aaaf);1;12:00:50:456;29.764799118042;65.89178466796875;92.82502746582031;[1]
(aaaf);1;12:00:50:456;29.764799118042;65.89178466796875;92.82502746582031;[1]
(aaaf);1;12:00:50:784;29.7023983001709;65.89178466796875;92.88856506347656;[1]
(aaaf);1;12:00:50:784;29.7023983001709;65.89178466796875;92.88856506347656;[1]
(aaaf);1;12:00:51:112;29.764799118042;65.89178466796875;92.95210266113281;[1]
(aaaf);1;12:00:51:112;29.764799118042;65.89178466796875;92.95210266113281;[1]
(aaaf);1;12:00:51:440;29.764799118042;65.89178466796875;92.82502746582031;[1]
(aaaf);1;12:00:51:440;29.764799118042;65.89178466796875;92.82502746582031;[1]
(aaaf);1;12:00:51:768;29.764799118042;65.89178466796875;92.95210266113281;[1]
(aaaf);1;12:00:51:768;29.764799118042;65.89178466796875;92.95210266113281;[1]
(aaaf);1;12:00:52:94;29.7023983001709;65.89178466796875;92.88856506347656;[1]
(aaaf);1;12:00:52:94;29.7023983001709;65.89178466796875;92.88856506347656;[1]
(aaaf);1;12:00:52:422;29.7023983001709;65.89178466796875;93.07917785644531;[1]
(aaaf);1;12:00:52:422;29.7023983001709;65.89178466796875;93.07917785644531;[1]
(aaaf);1;12:00:52:750;29.764799118042;65.89178466796875;92.95210266113281;[1]
(aaaf);1;12:00:52:750;29.764799118042;65.89178466796875;92.95210266113281;[1]
(aaaf);1;12:00:53:78;29.764799118042;65.9146728515625;92.82502746582031;[1]
(aaaf);1;12:00:53:78;29.764799118042;65.9146728515625;92.82502746582031;[1]
(aaaf);1;12:00:53:405;29.764799118042;65.9146728515625;92.95210266113281;[1]
(aaaf);1;12:00:53:405;29.764799118042;65.9146728515625;92.95210266113281;[1]
(aaaf);1;12:00:53:733;29.764799118042;65.9146728515625;92.95210266113281;[1]
(aaaf);1;12:00:53:733;29.764799118042;65.9146728515625;92.95210266113281;[1]
(aaaf);1;12:00:54:61;29.764799118042;65.9146728515625;92.88856506347656;[1]
(aaaf);1;12:00:54:61;29.764799118042;65.9146728515625;92.88856506347656;[1]
(aaaf);1;12:00:54:389;29.764799118042;65.9146728515625;93.07917785644531;[1]
(aaaf);1;12:00:54:389;29.764799118042;65.9146728515625;93.07917785644531;[1]
(aaaf);1;12:00:54:717;29.764799118042;65.9146728515625;92.95210266113281;[1]
(aaaf);1;12:00:54:717;29.764799118042;65.9146728515625;92.95210266113281;[1]
(aaaf);1;12:00:55:45;29.764799118042;65.89178466796875;92.95210266113281;[1]
(aaaf);1;12:00:55:45;29.764799118042;65.89178466796875;92.95210266113281;[1]
(aaaf);1;12:00:55:373;29.82719993591308;65.89178466796875;93.07917785644531;[1]
(aaaf);1;12:00:55:373;29.82719993591308;65.89178466796875;93.07917785644531;[1]
(aaaf);1;12:00:55:700;29.764799118042;65.89178466796875;92.95210266113281;[1]
(aaaf);1;12:00:55:700;29.764799118042;65.89178466796875;92.95210266113281;[1]
(aaaf);1;12:00:56:28;29.82719993591308;65.89178466796875;92.82502746582031;[1]
(aaaf);1;12:00:56:28;29.82719993591308;65.89178466796875;92.82502746582031;[1]
(aaaf);1;12:00:56:356;29.764799118042;65.89178466796875;92.88856506347656;[1]
(aaaf);1;12:00:56:356;29.764799118042;65.89178466796875;92.88856506347656;[1]
(aaaf);1;12:00:56:684;29.764799118042;65.9146728515625;92.95210266113281;[1]
(aaaf);1;12:00:56:684;29.764799118042;65.9146728515625;92.95210266113281;[1]
(aaaf);1;12:00:57:12;29.764799118042;65.9451904296875;92.95210266113281;[1]
(aaaf);1;12:00:57:12;29.764799118042;65.9451904296875;92.95210266113281;[1]
(aaaf);1;12:00:57:340;29.764799118042;65.9451904296875;92.95210266113281;[1]
(aaaf);1;12:00:57:340;29.764799118042;65.9451904296875;92.95210266113281;[1]
(aaaf);1;12:00:57:668;29.764799118042;65.9757080078125;93.01564025878906;[1]
(aaaf);1;12:00:57:668;29.764799118042;65.9757080078125;93.01564025878906;[1]
(aaaf);1;12:00:57:995;29.764799118042;65.9757080078125;92.82502746582031;[1]
(aaaf);1;12:00:57:995;29.764799118042;65.9757080078125;92.82502746582031;[1]
(aaaf);1;12:00:58:322;29.764799118042;66.0062255859375;93.01564025878906;[1]
(aaaf);1;12:00:58:322;29.764799118042;66.0062255859375;93.01564025878906;[1]
(aaaf);1;12:00:58:645;29.82719993591308;66.0062255859375;92.76148986816406;[1]
(aaaf);1;12:00:58:645;29.82719993591308;66.0062255859375;92.76148986816406;[1]
(aaaf);1;12:00:58:967;29.764799118042;66.0367431640625;93.07917785644531;[1]
(aaaf);1;12:00:58:967;29.764799118042;66.0367431640625;93.07917785644531;[1]
(aaaf);1;12:00:59:290;29.764799118042;66.0367431640625;93.14271545410156;[1]
(aaaf);1;12:00:59:290;29.764799118042;66.0367431640625;93.14271545410156;[1]
(aaaf);1;12:00:59:617;29.764799118042;66.0672607421875;92.95210266113281;[1]
(aaaf);1;12:00:59:617;29.764799118042;66.0672607421875;92.95210266113281;[1]
(aaaf);1;12:00:59:945;29.82719993591308;66.0672607421875;93.14271545410156;[1]
(aaaf);1;12:00:59:945;29.82719993591308;66.0672607421875;93.14271545410156;[1]
(aaaf);1;12:01:00:268;29.764799118042;66.0672607421875;92.95210266113281;[1]
(aaaf);1;12:01:00:268;29.764799118042;66.0672607421875;92.95210266113281;[1]
(aaaf);1;12:01:00:596;29.82719993591308;66.0672607421875;92.95210266113281;[1]
(aaaf);1;12:01:00:596;29.82719993591308;66.0672607421875;92.95210266113281;[1]
(aaaf);1;12:01:00:924;29.764799118042;66.0672607421875;92.76148986816406;[1]
(aaaf);1;12:01:00:924;29.764799118042;66.0672607421875;92.76148986816406;[1]
(aaaf);1;12:01:01:252;29.764799118042;66.0672607421875;92.95210266113281;[1]
(aaaf);1;12:01:01:252;29.764799118042;66.0672607421875;92.95210266113281;[1]
(aaaf);1;12:01:01:578;29.764799118042;66.0672607421875;92.95210266113281;[1]
(aaaf);1;12:01:01:578;29.764799118042;66.0672607421875;92.95210266113281;[1]
(aaaf);1;12:01:01:906;29.82719993591308;66.0672607421875;92.95210266113281;[1]
(aaaf);1;12:01:01:906;29.82719993591308;66.0672607421875;92.95210266113281;[1]
(aaaf);1;12:01:02:234;29.764799118042;66.0367431640625;92.95210266113281;[1]
(aaaf);1;12:01:02:234;29.764799118042;66.0367431640625;92.95210266113281;[1]
(aaaf);1;12:01:02:562;29.764799118042;66.0367431640625;92.95210266113281;[1]
(aaaf);1;12:01:02:562;29.764799118042;66.0367431640625;92.95210266113281;[1]
(aaaf);1;12:01:02:890;29.764799118042;66.0062255859375;92.95210266113281;[1]
(aaaf);1;12:01:02:890;29.764799118042;66.0062255859375;92.95210266113281;[1]
(aaaf);1;12:01:03:213;29.764799118042;65.9757080078125;92.95210266113281;[1]
(aaaf);1;12:01:03:213;29.764799118042;65.9757080078125;92.95210266113281;[1]
(aaaf);1;12:01:03:541;29.764799118042;65.9757080078125;92.95210266113281;[1]
(aaaf);1;12:01:03:541;29.764799118042;65.9757080078125;92.95210266113281;[1]
(aaaf);1;12:01:03:869;29.764799118042;65.9451904296875;92.95210266113281;[1]
(aaaf);1;12:01:03:869;29.764799118042;65.9451904296875;92.95210266113281;[1]
(aaaf);1;12:01:04:195;29.82719993591308;65.9451904296875;92.82502746582031;[1]
(aaaf);1;12:01:04:195;29.82719993591308;65.9451904296875;92.82502746582031;[1]
(aaaf);1;12:01:04:523;29.764799118042;65.9146728515625;92.82502746582031;[1]
(aaaf);1;12:01:04:523;29.764799118042;65.9146728515625;92.82502746582031;[1]
(aaaf);1;12:01:04:851;29.82719993591308;65.9146728515625;93.07917785644531;[1]
(aaaf);1;12:01:04:851;29.82719993591308;65.9146728515625;93.07917785644531;[1]
(aaaf);1;12:01:05:178;29.764799118042;65.89178466796875;92.95210266113281;[1]
(aaaf);1;12:01:05:178;29.764799118042;65.89178466796875;92.95210266113281;[1]
(aaaf);1;12:01:05:506;29.82719993591308;65.89178466796875;92.82502746582031;[1]
(aaaf);1;12:01:05:506;29.82719993591308;65.89178466796875;92.82502746582031;[1]
(aaaf);1;12:01:05:834;29.764799118042;65.86126708984375;92.76148986816406;[1]
(aaaf);1;12:01:05:834;29.764799118042;65.86126708984375;92.76148986816406;[1]
(aaaf);1;12:01:06:162;29.764799118042;65.86126708984375;92.95210266113281;[1]
(aaaf);1;12:01:06:162;29.764799118042;65.86126708984375;92.95210266113281;[1]
(aaaf);1;12:01:06:490;29.82719993591308;65.83074951171875;92.95210266113281;[1]
(aaaf);1;12:01:06:490;29.82719993591308;65.83074951171875;92.95210266113281;[1]
(aaaf);1;12:01:06:818;29.764799118042;65.80023193359375;92.95210266113281;[1]
(aaaf);1;12:01:06:818;29.764799118042;65.80023193359375;92.95210266113281;[1]
(aaaf);1;12:01:07:150;29.764799118042;65.80023193359375;93.01564025878906;[1]
(aaaf);1;12:01:07:150;29.764799118042;65.80023193359375;93.01564025878906;[1]
(aaaf);1;12:01:07:477;29.764799118042;65.80023193359375;92.95210266113281;[1]
(aaaf);1;12:01:07:477;29.764799118042;65.80023193359375;92.95210266113281;[1]
(aaaf);1;12:01:07:805;29.82719993591308;65.80023193359375;92.95210266113281;[1]
(aaaf);1;12:01:07:805;29.82719993591308;65.80023193359375;92.95210266113281;[1]
(aaaf);1;12:01:08:133;29.82719993591308;65.80023193359375;92.95210266113281;[1]
(aaaf);1;12:01:08:133;29.82719993591308;65.80023193359375;92.95210266113281;[1]
(aaaf);1;12:01:08:462;29.82719993591308;65.73919677734375;93.07917785644531;[1]
(aaaf);1;12:01:08:462;29.82719993591308;65.73919677734375;93.07917785644531;[1]
(aaaf);1;12:01:08:789;29.82719993591308;65.70867919921875;92.95210266113281;[1]
(aaaf);1;12:01:08:789;29.82719993591308;65.70867919921875;92.95210266113281;[1]
(aaaf);1;12:01:09:118;29.764799118042;65.70867919921875;93.07917785644531;[1]
(aaaf);1;12:01:09:118;29.764799118042;65.70867919921875;93.07917785644531;[1]
(aaaf);1;12:01:09:445;29.82719993591308;65.70867919921875;92.95210266113281;[1]
(aaaf);1;12:01:09:445;29.82719993591308;65.70867919921875;92.95210266113281;[1]
(aaaf);1;12:01:09:773;29.764799118042;65.67816162109375;92.95210266113281;[1]
(aaaf);1;12:01:09:773;29.764799118042;65.67816162109375;92.95210266113281;[1]
(aaaf);1;12:01:10:102;29.82719993591308;65.64764404296875;92.95210266113281;[1]
(aaaf);1;12:01:10:102;29.82719993591308;65.64764404296875;92.95210266113281;[1]
(aaaf);1;12:01:10:430;29.764799118042;65.64764404296875;92.95210266113281;[1]
(aaaf);1;12:01:10:430;29.764799118042;65.64764404296875;92.95210266113281;[1]
(aaaf);1;12:01:10:758;29.82719993591308;65.61712646484375;92.95210266113281;[1]
(aaaf);1;12:01:10:758;29.82719993591308;65.61712646484375;92.95210266113281;[1]
(aaaf);1;12:01:11:86;29.82719993591308;65.61712646484375;92.95210266113281;[1]
(aaaf);1;12:01:11:86;29.82719993591308;65.61712646484375;92.95210266113281;[1]
(aaaf);1;12:01:11:414;29.82719993591308;65.58660888671875;92.88856506347656;[1]
(aaaf);1;12:01:11:414;29.82719993591308;65.58660888671875;92.88856506347656;[1]
(aaaf);1;12:01:11:742;29.82719993591308;65.58660888671875;92.95210266113281;[1]
(aaaf);1;12:01:11:742;29.82719993591308;65.58660888671875;92.95210266113281;[1]
(aaaf);1;12:01:12:70;29.764799118042;65.55609130859375;93.07917785644531;[1]
(aaaf);1;12:01:12:70;29.764799118042;65.55609130859375;93.07917785644531;[1]
(aaaf);1;12:01:12:398;29.764799118042;65.533203125;92.95210266113281;[1]
(aaaf);1;12:01:12:398;29.764799118042;65.533203125;92.95210266113281;[1]
(aaaf);1;12:01:12:726;29.82719993591308;65.502685546875;92.95210266113281;[1]
(aaaf);1;12:01:12:726;29.82719993591308;65.502685546875;92.95210266113281;[1]
(aaaf);1;12:01:13:54;29.82719993591308;65.47216796875;92.88856506347656;[1]
(aaaf);1;12:01:13:54;29.82719993591308;65.47216796875;92.88856506347656;[1]
(aaaf);1;12:01:13:381;29.82719993591308;65.4111328125;92.95210266113281;[1]
(aaaf);1;12:01:13:381;29.82719993591308;65.4111328125;92.95210266113281;[1]
(aaaf);1;12:01:13:704;29.82719993591308;65.380615234375;92.82502746582031;[1]
(aaaf);1;12:01:13:704;29.82719993591308;65.380615234375;92.82502746582031;[1]
(aaaf);1;12:01:14:32;29.82719993591308;65.380615234375;93.07917785644531;[1]
(aaaf);1;12:01:14:32;29.82719993591308;65.380615234375;93.07917785644531;[1]
(aaaf);1;12:01:14:360;29.82719993591308;65.35009765625;92.95210266113281;[1]
(aaaf);1;12:01:14:360;29.82719993591308;65.35009765625;92.95210266113281;[1]
(aaaf);1;12:01:14:688;29.82719993591308;65.319580078125;92.82502746582031;[1]
(aaaf);1;12:01:14:688;29.82719993591308;65.319580078125;92.82502746582031;[1]
(aaaf);1;12:01:15:16;29.82719993591308;65.2890625;92.95210266113281;[1]
(aaaf);1;12:01:15:16;29.82719993591308;65.2890625;92.95210266113281;[1]
(aaaf);1;12:01:15:338;29.82719993591308;65.258544921875;93.07917785644531;[1]
(aaaf);1;12:01:15:338;29.82719993591308;65.258544921875;93.07917785644531;[1]
(aaaf);1;12:01:15:661;29.82719993591308;65.258544921875;92.95210266113281;[1]
(aaaf);1;12:01:15:661;29.82719993591308;65.258544921875;92.95210266113281;[1]
(aaaf);1;12:01:15:989;29.82719993591308;65.258544921875;92.95210266113281;[1]
(aaaf);1;12:01:15:989;29.82719993591308;65.258544921875;92.95210266113281;[1]
(aaaf);1;12:01:16:317;29.82719993591308;65.258544921875;92.82502746582031;[1]
(aaaf);1;12:01:16:317;29.82719993591308;65.258544921875;92.82502746582031;[1]
(aaaf);1;12:01:16:645;29.82719993591308;65.258544921875;92.95210266113281;[1]
(aaaf);1;12:01:16:645;29.82719993591308;65.258544921875;92.95210266113281;[1]
(aaaf);1;12:01:16:973;29.82719993591308;65.258544921875;92.82502746582031;[1]
(aaaf);1;12:01:16:973;29.82719993591308;65.258544921875;92.82502746582031;[1]
(aaaf);1;12:01:17:301;29.82719993591308;65.258544921875;92.95210266113281;[1]
(aaaf);1;12:01:17:301;29.82719993591308;65.258544921875;92.95210266113281;[1]
(aaaf);1;12:01:17:629;29.82719993591308;65.258544921875;93.01564025878906;[1]
(aaaf);1;12:01:17:629;29.82719993591308;65.258544921875;93.01564025878906;[1]
(aaaf);1;12:01:17:956;29.82719993591308;65.258544921875;93.07917785644531;[1]
(aaaf);1;12:01:17:956;29.82719993591308;65.258544921875;93.07917785644531;[1]
(aaaf);1;12:01:18:284;29.82719993591308;65.2890625;92.82502746582031;[1]
(aaaf);1;12:01:18:284;29.82719993591308;65.2890625;92.82502746582031;[1]
(aaaf);1;12:01:18:606;29.82719993591308;65.2890625;92.95210266113281;[1]
(aaaf);1;12:01:18:606;29.82719993591308;65.2890625;92.95210266113281;[1]
(aaaf);1;12:01:18:929;29.82719993591308;65.319580078125;92.82502746582031;[1]
(aaaf);1;12:01:18:929;29.82719993591308;65.319580078125;92.82502746582031;[1]
(aaaf);1;12:01:19:257;29.82719993591308;65.258544921875;92.95210266113281;[1]
(aaaf);1;12:01:19:257;29.82719993591308;65.258544921875;92.95210266113281;[1]
(aaaf);1;12:01:19:585;29.82719993591308;65.258544921875;92.95210266113281;[1]
(aaaf);1;12:01:19:585;29.82719993591308;65.258544921875;92.95210266113281;[1]
(aaaf);1;12:01:19:913;29.82719993591308;65.258544921875;93.07917785644531;[1]
(aaaf);1;12:01:19:913;29.82719993591308;65.258544921875;93.07917785644531;[1]
(aaaf);1;12:01:20:241;29.82719993591308;65.258544921875;93.07917785644531;[1]
(aaaf);1;12:01:20:241;29.82719993591308;65.258544921875;93.07917785644531;[1]
(aaaf);1;12:01:20:568;29.82719993591308;65.258544921875;93.07917785644531;[1]
(aaaf);1;12:01:20:568;29.82719993591308;65.258544921875;93.07917785644531;[1]
(aaaf);1;12:01:20:891;29.88959884643554;65.258544921875;92.95210266113281;[1]
(aaaf);1;12:01:20:891;29.88959884643554;65.258544921875;92.95210266113281;[1]
(aaaf);1;12:01:21:219;29.82719993591308;65.319580078125;92.95210266113281;[1]
(aaaf);1;12:01:21:219;29.82719993591308;65.319580078125;92.95210266113281;[1]
(aaaf);1;12:01:21:547;29.82719993591308;65.319580078125;93.07917785644531;[1]
(aaaf);1;12:01:21:547;29.82719993591308;65.319580078125;93.07917785644531;[1]
(aaaf);1;12:01:21:875;29.82719993591308;65.35009765625;93.07917785644531;[1]
(aaaf);1;12:01:21:875;29.82719993591308;65.35009765625;93.07917785644531;[1]
(aaaf);1;12:01:22:202;29.82719993591308;65.35009765625;92.82502746582031;[1]
(aaaf);1;12:01:22:202;29.82719993591308;65.35009765625;92.82502746582031;[1]
(aaaf);1;12:01:22:530;29.82719993591308;65.35009765625;92.95210266113281;[1]
(aaaf);1;12:01:22:530;29.82719993591308;65.35009765625;92.95210266113281;[1]
(aaaf);1;12:01:22:858;29.82719993591308;65.35009765625;93.07917785644531;[1]
(aaaf);1;12:01:22:858;29.82719993591308;65.35009765625;93.07917785644531;[1]
(aaaf);1;12:01:23:185;29.82719993591308;65.319580078125;92.95210266113281;[1]
(aaaf);1;12:01:23:185;29.82719993591308;65.319580078125;92.95210266113281;[1]
(aaaf);1;12:01:23:513;29.82719993591308;65.319580078125;92.95210266113281;[1]
(aaaf);1;12:01:23:513;29.82719993591308;65.319580078125;92.95210266113281;[1]
(aaaf);1;12:01:23:841;29.82719993591308;65.319580078125;92.95210266113281;[1]
(aaaf);1;12:01:23:841;29.82719993591308;65.319580078125;92.95210266113281;[1]
(aaaf);1;12:01:24:169;29.82719993591308;65.258544921875;92.95210266113281;[1]
(aaaf);1;12:01:24:169;29.82719993591308;65.258544921875;92.95210266113281;[1]
(aaaf);1;12:01:24:497;29.82719993591308;65.258544921875;92.82502746582031;[1]
(aaaf);1;12:01:24:497;29.82719993591308;65.258544921875;92.82502746582031;[1]
(aaaf);1;12:01:24:825;29.82719993591308;65.258544921875;92.95210266113281;[1]
(aaaf);1;12:01:24:825;29.82719993591308;65.258544921875;92.95210266113281;[1]
(aaaf);1;12:01:25:148;29.82719993591308;65.258544921875;92.95210266113281;[1]
(aaaf);1;12:01:25:148;29.82719993591308;65.258544921875;92.95210266113281;[1]
(aaaf);1;12:01:25:471;29.82719993591308;65.258544921875;92.95210266113281;[1]
(aaaf);1;12:01:25:471;29.82719993591308;65.258544921875;92.95210266113281;[1]
(aaaf);1;12:01:25:794;29.82719993591308;65.258544921875;92.95210266113281;[1]
(aaaf);1;12:01:25:794;29.82719993591308;65.258544921875;92.95210266113281;[1]
(aaaf);1;12:01:26:117;29.82719993591308;65.258544921875;92.95210266113281;[1]
(aaaf);1;12:01:26:117;29.82719993591308;65.258544921875;92.95210266113281;[1]
(aaaf);1;12:01:26:440;29.88959884643554;65.258544921875;92.95210266113281;[1]
(aaaf);1;12:01:26:440;29.88959884643554;65.258544921875;92.95210266113281;[1]
(aaaf);1;12:01:26:763;29.82719993591308;65.258544921875;92.95210266113281;[1]
(aaaf);1;12:01:26:763;29.82719993591308;65.258544921875;92.95210266113281;[1]
(aaaf);1;12:01:27:91;29.82719993591308;65.2890625;92.95210266113281;[1]
(aaaf);1;12:01:27:91;29.82719993591308;65.2890625;92.95210266113281;[1]
(aaaf);1;12:01:27:414;29.82719993591308;65.2890625;92.95210266113281;[1]
(aaaf);1;12:01:27:414;29.82719993591308;65.2890625;92.95210266113281;[1]
(aaaf);1;12:01:27:742;29.88959884643554;65.319580078125;92.88856506347656;[1]
(aaaf);1;12:01:27:742;29.88959884643554;65.319580078125;92.88856506347656;[1]
(aaaf);1;12:01:28:70;29.88959884643554;65.319580078125;92.95210266113281;[1]
(aaaf);1;12:01:28:70;29.88959884643554;65.319580078125;92.95210266113281;[1]
(aaaf);1;12:01:28:398;29.82719993591308;65.319580078125;92.95210266113281;[1]
(aaaf);1;12:01:28:398;29.82719993591308;65.319580078125;92.95210266113281;[1]
(aaaf);1;12:01:28:726;29.82719993591308;65.319580078125;92.95210266113281;[1]
(aaaf);1;12:01:28:726;29.82719993591308;65.319580078125;92.95210266113281;[1]
(aaaf);1;12:01:29:54;29.82719993591308;65.35009765625;92.82502746582031;[1]
(aaaf);1;12:01:29:54;29.82719993591308;65.35009765625;92.82502746582031;[1]
(aaaf);1;12:01:29:381;29.88959884643554;65.380615234375;92.95210266113281;[1]
(aaaf);1;12:01:29:381;29.88959884643554;65.380615234375;92.95210266113281;[1]
(aaaf);1;12:01:29:710;29.82719993591308;65.47216796875;92.82502746582031;[1]
(aaaf);1;12:01:29:710;29.82719993591308;65.47216796875;92.82502746582031;[1]
(aaaf);1;12:01:30:37;29.82719993591308;65.502685546875;92.76148986816406;[1]
(aaaf);1;12:01:30:37;29.82719993591308;65.502685546875;92.76148986816406;[1]
(aaaf);1;12:01:30:360;29.88959884643554;65.533203125;92.95210266113281;[1]
(aaaf);1;12:01:30:360;29.88959884643554;65.533203125;92.95210266113281;[1]
(aaaf);1;12:01:30:688;29.88959884643554;65.58660888671875;92.95210266113281;[1]
(aaaf);1;12:01:30:688;29.88959884643554;65.58660888671875;92.95210266113281;[1]
(aaaf);1;12:01:31:16;29.82719993591308;65.61712646484375;92.95210266113281;[1]
(aaaf);1;12:01:31:16;29.82719993591308;65.61712646484375;92.95210266113281;[1]
(aaaf);1;12:01:31:344;29.88959884643554;65.64764404296875;92.82502746582031;[1]
(aaaf);1;12:01:31:344;29.88959884643554;65.64764404296875;92.82502746582031;[1]
(aaaf);1;12:01:31:672;29.82719993591308;65.67816162109375;92.82502746582031;[1]
(aaaf);1;12:01:31:672;29.82719993591308;65.67816162109375;92.82502746582031;[1]
(aaaf);1;12:01:32:0;29.88959884643554;65.70867919921875;92.95210266113281;[1]
(aaaf);1;12:01:32:0;29.88959884643554;65.70867919921875;92.95210266113281;[1]
(aaaf);1;12:01:32:328;29.82719993591308;65.73919677734375;92.95210266113281;[1]
(aaaf);1;12:01:32:328;29.82719993591308;65.73919677734375;92.95210266113281;[1]
(aaaf);1;12:01:32:656;29.88959884643554;65.83074951171875;92.95210266113281;[1]
(aaaf);1;12:01:32:656;29.88959884643554;65.83074951171875;92.95210266113281;[1]
(aaaf);1;12:01:32:984;29.82719993591308;65.80023193359375;92.95210266113281;[1]
(aaaf);1;12:01:32:984;29.82719993591308;65.80023193359375;92.95210266113281;[1]
(aaaf);1;12:01:33:313;29.82719993591308;65.80023193359375;92.82502746582031;[1]
(aaaf);1;12:01:33:313;29.82719993591308;65.80023193359375;92.82502746582031;[1]
(aaaf);1;12:01:33:640;29.88959884643554;65.83074951171875;92.82502746582031;[1]
(aaaf);1;12:01:33:640;29.88959884643554;65.83074951171875;92.82502746582031;[1]
(aaaf);1;12:01:33:968;29.88959884643554;65.83074951171875;93.07917785644531;[1]
(aaaf);1;12:01:33:968;29.88959884643554;65.83074951171875;93.07917785644531;[1]
(aaaf);1;12:01:34:296;29.88959884643554;65.86126708984375;92.88856506347656;[1]
(aaaf);1;12:01:34:296;29.88959884643554;65.86126708984375;92.88856506347656;[1]
(aaaf);1;12:01:34:624;29.88959884643554;65.86126708984375;92.95210266113281;[1]
(aaaf);1;12:01:34:624;29.88959884643554;65.86126708984375;92.95210266113281;[1]
(aaaf);1;12:01:34:952;29.88959884643554;65.86126708984375;93.07917785644531;[1]
(aaaf);1;12:01:34:952;29.88959884643554;65.86126708984375;93.07917785644531;[1]
(aaaf);1;12:01:35:280;29.88959884643554;65.86126708984375;92.95210266113281;[1]
(aaaf);1;12:01:35:280;29.88959884643554;65.86126708984375;92.95210266113281;[1]
(aaaf);1;12:01:35:608;29.82719993591308;65.86126708984375;92.82502746582031;[1]
(aaaf);1;12:01:35:608;29.82719993591308;65.86126708984375;92.82502746582031;[1]
(aaaf);1;12:01:35:936;29.88959884643554;65.86126708984375;92.95210266113281;[1]
(aaaf);1;12:01:35:936;29.88959884643554;65.86126708984375;92.95210266113281;[1]
(aaaf);1;12:01:36:264;29.82719993591308;65.83074951171875;92.95210266113281;[1]
(aaaf);1;12:01:36:264;29.82719993591308;65.83074951171875;92.95210266113281;[1]
(aaaf);1;12:01:36:592;29.88959884643554;65.83074951171875;93.07917785644531;[1]
(aaaf);1;12:01:36:592;29.88959884643554;65.83074951171875;93.07917785644531;[1]
(aaaf);1;12:01:36:920;29.82719993591308;65.83074951171875;93.07917785644531;[1]
(aaaf);1;12:01:36:920;29.82719993591308;65.83074951171875;93.07917785644531;[1]
(aaaf);1;12:01:37:248;29.88959884643554;65.83074951171875;93.07917785644531;[1]
(aaaf);1;12:01:37:248;29.88959884643554;65.83074951171875;93.07917785644531;[1]
(aaaf);1;12:01:37:576;29.88959884643554;65.83074951171875;92.82502746582031;[1]
(aaaf);1;12:01:37:576;29.88959884643554;65.83074951171875;92.82502746582031;[1]
(aaaf);1;12:01:37:904;29.82719993591308;65.83074951171875;92.95210266113281;[1]
(aaaf);1;12:01:37:904;29.82719993591308;65.83074951171875;92.95210266113281;[1]
(aaaf);1;12:01:38:232;29.88959884643554;65.83074951171875;92.82502746582031;[1]
(aaaf);1;12:01:38:232;29.88959884643554;65.83074951171875;92.82502746582031;[1]
(aaaf);1;12:01:38:560;29.88959884643554;65.83074951171875;92.95210266113281;[1]
(aaaf);1;12:01:38:560;29.88959884643554;65.83074951171875;92.95210266113281;[1]
(aaaf);1;12:01:38:888;29.88959884643554;65.76971435546875;92.95210266113281;[1]
(aaaf);1;12:01:38:888;29.88959884643554;65.76971435546875;92.95210266113281;[1]
(aaaf);1;12:01:39:216;29.88959884643554;65.73919677734375;92.95210266113281;[1]
(aaaf);1;12:01:39:216;29.88959884643554;65.73919677734375;92.95210266113281;[1]
(aaaf);1;12:01:39:544;29.88959884643554;65.70867919921875;92.95210266113281;[1]
(aaaf);1;12:01:39:544;29.88959884643554;65.70867919921875;92.95210266113281;[1]
(aaaf);1;12:01:39:873;29.88959884643554;65.685791015625;92.82502746582031;[1]
(aaaf);1;12:01:39:873;29.88959884643554;65.685791015625;92.82502746582031;[1]
(aaaf);1;12:01:40:201;29.88959884643554;65.6552734375;92.95210266113281;[1]
(aaaf);1;12:01:40:201;29.88959884643554;65.6552734375;92.95210266113281;[1]
(aaaf);1;12:01:40:528;29.95199966430664;65.624755859375;92.82502746582031;[1]
(aaaf);1;12:01:40:528;29.95199966430664;65.624755859375;92.82502746582031;[1]
(aaaf);1;12:01:40:856;29.88959884643554;65.624755859375;92.95210266113281;[1]
(aaaf);1;12:01:40:856;29.88959884643554;65.624755859375;92.95210266113281;[1]
(aaaf);1;12:01:41:184;29.88959884643554;65.59423828125;92.95210266113281;[1]
(aaaf);1;12:01:41:184;29.88959884643554;65.59423828125;92.95210266113281;[1]
(aaaf);1;12:01:41:507;29.95199966430664;65.59423828125;92.95210266113281;[1]
(aaaf);1;12:01:41:507;29.95199966430664;65.59423828125;92.95210266113281;[1]
(aaaf);1;12:01:41:830;29.95199966430664;65.59423828125;92.82502746582031;[1]
(aaaf);1;12:01:41:830;29.95199966430664;65.59423828125;92.82502746582031;[1]
(aaaf);1;12:01:42:153;29.88959884643554;65.563720703125;92.95210266113281;[1]
(aaaf);1;12:01:42:153;29.88959884643554;65.563720703125;92.95210266113281;[1]
(aaaf);1;12:01:42:481;29.95199966430664;65.563720703125;92.95210266113281;[1]
(aaaf);1;12:01:42:481;29.95199966430664;65.563720703125;92.95210266113281;[1]
(aaaf);1;12:01:42:809;29.88959884643554;65.563720703125;92.95210266113281;[1]
(aaaf);1;12:01:42:809;29.88959884643554;65.563720703125;92.95210266113281;[1]
(aaaf);1;12:01:43:137;29.88959884643554;65.533203125;92.82502746582031;[1]
(aaaf);1;12:01:43:137;29.88959884643554;65.533203125;92.82502746582031;[1]
(aaaf);1;12:01:43:465;29.88959884643554;65.533203125;92.95210266113281;[1]
(aaaf);1;12:01:43:465;29.88959884643554;65.533203125;92.95210266113281;[1]
(aaaf);1;12:01:43:793;29.88959884643554;65.502685546875;92.95210266113281;[1]
(aaaf);1;12:01:43:793;29.88959884643554;65.502685546875;92.95210266113281;[1]
(aaaf);1;12:01:44:121;29.95199966430664;65.502685546875;92.95210266113281;[1]
(aaaf);1;12:01:44:121;29.95199966430664;65.502685546875;92.95210266113281;[1]
(aaaf);1;12:01:44:449;29.95199966430664;65.502685546875;92.82502746582031;[1]
(aaaf);1;12:01:44:449;29.95199966430664;65.502685546875;92.82502746582031;[1]
(aaaf);1;12:01:44:777;29.88959884643554;65.502685546875;92.95210266113281;[1]
(aaaf);1;12:01:44:777;29.88959884643554;65.502685546875;92.95210266113281;[1]
(aaaf);1;12:01:45:105;29.88959884643554;65.502685546875;92.95210266113281;[1]
(aaaf);1;12:01:45:105;29.88959884643554;65.502685546875;92.95210266113281;[1]
(aaaf);1;12:01:45:433;29.88959884643554;65.502685546875;92.95210266113281;[1]
(aaaf);1;12:01:45:433;29.88959884643554;65.502685546875;92.95210266113281;[1]
(aaaf);1;12:01:45:761;29.88959884643554;65.441650390625;92.95210266113281;[1]
(aaaf);1;12:01:45:761;29.88959884643554;65.441650390625;92.95210266113281;[1]
(aaaf);1;12:01:46:89;29.88959884643554;65.4111328125;92.95210266113281;[1]
(aaaf);1;12:01:46:89;29.88959884643554;65.4111328125;92.95210266113281;[1]
(aaaf);1;12:01:46:417;29.88959884643554;65.4111328125;92.95210266113281;[1]
(aaaf);1;12:01:46:417;29.88959884643554;65.4111328125;92.95210266113281;[1]
(aaaf);1;12:01:46:745;29.95199966430664;65.4111328125;92.95210266113281;[1]
(aaaf);1;12:01:46:745;29.95199966430664;65.4111328125;92.95210266113281;[1]
(aaaf);1;12:01:47:72;29.95199966430664;65.4111328125;92.95210266113281;[1]
(aaaf);1;12:01:47:72;29.95199966430664;65.4111328125;92.95210266113281;[1]
(aaaf);1;12:01:47:400;29.88959884643554;65.380615234375;92.95210266113281;[1]
(aaaf);1;12:01:47:400;29.88959884643554;65.380615234375;92.95210266113281;[1]
(aaaf);1;12:01:47:728;29.88959884643554;65.35009765625;92.95210266113281;[1]
(aaaf);1;12:01:47:728;29.88959884643554;65.35009765625;92.95210266113281;[1]
(aaaf);1;12:01:48:56;29.95199966430664;65.35009765625;92.82502746582031;[1]
(aaaf);1;12:01:48:56;29.95199966430664;65.35009765625;92.82502746582031;[1]
(aaaf);1;12:01:48:379;29.95199966430664;65.35009765625;92.95210266113281;[1]
(aaaf);1;12:01:48:379;29.95199966430664;65.35009765625;92.95210266113281;[1]
(aaaf);1;12:01:48:707;29.88959884643554;65.380615234375;92.82502746582031;[1]
(aaaf);1;12:01:48:707;29.88959884643554;65.380615234375;92.82502746582031;[1]
(aaaf);1;12:01:49:35;29.95199966430664;65.441650390625;92.95210266113281;[1]
(aaaf);1;12:01:49:35;29.95199966430664;65.441650390625;92.95210266113281;[1]
(aaaf);1;12:01:49:363;29.95199966430664;65.563720703125;92.95210266113281;[1]
(aaaf);1;12:01:49:363;29.95199966430664;65.563720703125;92.95210266113281;[1]
(aaaf);1;12:01:49:691;29.95199966430664;65.624755859375;92.95210266113281;[1]
(aaaf);1;12:01:49:691;29.95199966430664;65.624755859375;92.95210266113281;[1]
(aaaf);1;12:01:50:19;29.95199966430664;65.685791015625;92.95210266113281;[1]
(aaaf);1;12:01:50:19;29.95199966430664;65.685791015625;92.95210266113281;[1]
(aaaf);1;12:01:50:347;29.95199966430664;65.73919677734375;93.07917785644531;[1]
(aaaf);1;12:01:50:347;29.95199966430664;65.73919677734375;93.07917785644531;[1]
(aaaf);1;12:01:50:675;29.95199966430664;65.83074951171875;92.95210266113281;[1]
(aaaf);1;12:01:50:675;29.95199966430664;65.83074951171875;92.95210266113281;[1]
(aaaf);1;12:01:51:3;29.95199966430664;65.86126708984375;92.82502746582031;[1]
(aaaf);1;12:01:51:3;29.95199966430664;65.86126708984375;92.82502746582031;[1]
(aaaf);1;12:01:51:331;29.95199966430664;65.89178466796875;92.95210266113281;[1]
(aaaf);1;12:01:51:331;29.95199966430664;65.89178466796875;92.95210266113281;[1]
(aaaf);1;12:01:51:659;29.95199966430664;65.92230224609375;92.82502746582031;[1]
(aaaf);1;12:01:51:659;29.95199966430664;65.92230224609375;92.82502746582031;[1]
(aaaf);1;12:01:51:987;29.88959884643554;65.92230224609375;92.82502746582031;[1]
(aaaf);1;12:01:51:987;29.88959884643554;65.92230224609375;92.82502746582031;[1]
(aaaf);1;12:01:52:315;29.95199966430664;65.95281982421875;92.95210266113281;[1]
(aaaf);1;12:01:52:315;29.95199966430664;65.95281982421875;92.95210266113281;[1]
(aaaf);1;12:01:52:643;29.88959884643554;65.95281982421875;92.95210266113281;[1]
(aaaf);1;12:01:52:643;29.88959884643554;65.95281982421875;92.95210266113281;[1]
(aaaf);1;12:01:52:971;29.95199966430664;65.95281982421875;92.95210266113281;[1]
(aaaf);1;12:01:52:971;29.95199966430664;65.95281982421875;92.95210266113281;[1]
(aaaf);1;12:01:53:299;29.95199966430664;65.95281982421875;92.95210266113281;[1]
(aaaf);1;12:01:53:299;29.95199966430664;65.95281982421875;92.95210266113281;[1]
(aaaf);1;12:01:53:627;29.95199966430664;65.95281982421875;92.82502746582031;[1]
(aaaf);1;12:01:53:627;29.95199966430664;65.95281982421875;92.82502746582031;[1]
(aaaf);1;12:01:53:955;29.88959884643554;65.92230224609375;92.95210266113281;[1]
(aaaf);1;12:01:53:955;29.88959884643554;65.92230224609375;92.95210266113281;[1]
(aaaf);1;12:01:54:283;29.95199966430664;65.92230224609375;92.95210266113281;[1]
(aaaf);1;12:01:54:283;29.95199966430664;65.92230224609375;92.95210266113281;[1]
(aaaf);1;12:01:54:612;29.95199966430664;65.89178466796875;92.69794464111328;[1]
(aaaf);1;12:01:54:612;29.95199966430664;65.89178466796875;92.69794464111328;[1]
(aaaf);1;12:01:54:940;29.95199966430664;65.89178466796875;92.95210266113281;[1]
(aaaf);1;12:01:54:940;29.95199966430664;65.89178466796875;92.95210266113281;[1]
(aaaf);1;12:01:55:268;29.88959884643554;65.86126708984375;93.07917785644531;[1]
(aaaf);1;12:01:55:268;29.88959884643554;65.86126708984375;93.07917785644531;[1]
(aaaf);1;12:01:55:596;29.95199966430664;65.83074951171875;92.82502746582031;[1]
(aaaf);1;12:01:55:596;29.95199966430664;65.83074951171875;92.82502746582031;[1]
(aaaf);1;12:01:55:924;29.95199966430664;65.83074951171875;92.95210266113281;[1]
(aaaf);1;12:01:55:924;29.95199966430664;65.83074951171875;92.95210266113281;[1]
(aaaf);1;12:01:56:252;29.88959884643554;65.83074951171875;92.82502746582031;[1]
(aaaf);1;12:01:56:252;29.88959884643554;65.83074951171875;92.82502746582031;[1]
(aaaf);1;12:01:56:580;29.95199966430664;65.83074951171875;93.07917785644531;[1]
(aaaf);1;12:01:56:580;29.95199966430664;65.83074951171875;93.07917785644531;[1]
(aaaf);1;12:01:56:907;29.88959884643554;65.83074951171875;92.95210266113281;[1]
(aaaf);1;12:01:56:907;29.88959884643554;65.83074951171875;92.95210266113281;[1]
(aaaf);1;12:01:57:236;29.95199966430664;65.83074951171875;92.82502746582031;[1]
(aaaf);1;12:01:57:236;29.95199966430664;65.83074951171875;92.82502746582031;[1]
(aaaf);1;12:01:57:563;29.95199966430664;65.83074951171875;92.82502746582031;[1]
(aaaf);1;12:01:57:563;29.95199966430664;65.83074951171875;92.82502746582031;[1]
(aaaf);1;12:01:57:891;29.95199966430664;65.83074951171875;92.95210266113281;[1]
(aaaf);1;12:01:57:891;29.95199966430664;65.83074951171875;92.95210266113281;[1]
(aaaf);1;12:01:58:220;29.95199966430664;65.83074951171875;92.82502746582031;[1]
(aaaf);1;12:01:58:220;29.95199966430664;65.83074951171875;92.82502746582031;[1]
(aaaf);1;12:01:58:548;29.95199966430664;65.83074951171875;92.95210266113281;[1]
(aaaf);1;12:01:58:548;29.95199966430664;65.83074951171875;92.95210266113281;[1]
(aaaf);1;12:01:58:876;30.0143985748291;65.83074951171875;92.95210266113281;[1]
(aaaf);1;12:01:58:876;30.0143985748291;65.83074951171875;92.95210266113281;[1]
(aaaf);1;12:01:59:204;29.95199966430664;65.83074951171875;92.95210266113281;[1]
(aaaf);1;12:01:59:204;29.95199966430664;65.83074951171875;92.95210266113281;[1]
(aaaf);1;12:01:59:532;29.95199966430664;65.83074951171875;92.82502746582031;[1]
(aaaf);1;12:01:59:532;29.95199966430664;65.83074951171875;92.82502746582031;[1]
(aaaf);1;12:01:59:860;29.95199966430664;65.83074951171875;93.07917785644531;[1]
(aaaf);1;12:01:59:860;29.95199966430664;65.83074951171875;93.07917785644531;[1]
(aaaf);1;12:02:00:188;29.95199966430664;65.83074951171875;93.07917785644531;[1]
(aaaf);1;12:02:00:188;29.95199966430664;65.83074951171875;93.07917785644531;[1]
(aaaf);1;12:02:00:516;29.95199966430664;65.83074951171875;92.95210266113281;[1]
(aaaf);1;12:02:00:516;29.95199966430664;65.83074951171875;92.95210266113281;[1]
(aaaf);1;12:02:00:844;29.95199966430664;65.76971435546875;92.95210266113281;[1]
(aaaf);1;12:02:00:844;29.95199966430664;65.76971435546875;92.95210266113281;[1]
(aaaf);1;12:02:01:172;29.95199966430664;65.76971435546875;92.95210266113281;[1]
(aaaf);1;12:02:01:172;29.95199966430664;65.76971435546875;92.95210266113281;[1]
(aaaf);1;12:02:01:500;29.95199966430664;65.76971435546875;92.95210266113281;[1]
(aaaf);1;12:02:01:500;29.95199966430664;65.76971435546875;92.95210266113281;[1]
(aaaf);1;12:02:01:828;29.95199966430664;65.73919677734375;92.82502746582031;[1]
(aaaf);1;12:02:01:828;29.95199966430664;65.73919677734375;92.82502746582031;[1]
(aaaf);1;12:02:02:156;29.95199966430664;65.73919677734375;92.95210266113281;[1]
(aaaf);1;12:02:02:156;29.95199966430664;65.73919677734375;92.95210266113281;[1]
(aaaf);1;12:02:02:485;30.0143985748291;65.70867919921875;92.95210266113281;[1]
(aaaf);1;12:02:02:485;30.0143985748291;65.70867919921875;92.95210266113281;[1]
(aaaf);1;12:02:02:813;29.95199966430664;65.70867919921875;92.95210266113281;[1]
(aaaf);1;12:02:02:813;29.95199966430664;65.70867919921875;92.95210266113281;[1]
(aaaf);1;12:02:03:141;29.95199966430664;65.685791015625;92.95210266113281;[1]
(aaaf);1;12:02:03:141;29.95199966430664;65.685791015625;92.95210266113281;[1]
(aaaf);1;12:02:03:469;29.95199966430664;65.685791015625;92.95210266113281;[1]
(aaaf);1;12:02:03:469;29.95199966430664;65.685791015625;92.95210266113281;[1]
(aaaf);1;12:02:03:797;29.95199966430664;65.70867919921875;92.82502746582031;[1]
(aaaf);1;12:02:03:797;29.95199966430664;65.70867919921875;92.82502746582031;[1]
(aaaf);1;12:02:04:125;29.95199966430664;65.70867919921875;92.95210266113281;[1]
(aaaf);1;12:02:04:125;29.95199966430664;65.70867919921875;92.95210266113281;[1]
(aaaf);1;12:02:04:453;29.95199966430664;65.73919677734375;92.95210266113281;[1]
(aaaf);1;12:02:04:453;29.95199966430664;65.73919677734375;92.95210266113281;[1]
(aaaf);1;12:02:04:781;30.0143985748291;65.73919677734375;92.95210266113281;[1]
(aaaf);1;12:02:04:781;30.0143985748291;65.73919677734375;92.95210266113281;[1]
(aaaf);1;12:02:05:109;29.95199966430664;65.73919677734375;92.95210266113281;[1]
(aaaf);1;12:02:05:109;29.95199966430664;65.73919677734375;92.95210266113281;[1]
(aaaf);1;12:02:05:437;29.95199966430664;65.73919677734375;93.07917785644531;[1]
(aaaf);1;12:02:05:437;29.95199966430664;65.73919677734375;93.07917785644531;[1]
(aaaf);1;12:02:05:765;29.95199966430664;65.73919677734375;92.95210266113281;[1]
(aaaf);1;12:02:05:765;29.95199966430664;65.73919677734375;92.95210266113281;[1]
(aaaf);1;12:02:06:93;29.95199966430664;65.73919677734375;92.95210266113281;[1]
(aaaf);1;12:02:06:93;29.95199966430664;65.73919677734375;92.95210266113281;[1]
(aaaf);1;12:02:06:421;29.95199966430664;65.83074951171875;92.95210266113281;[1]
(aaaf);1;12:02:06:421;29.95199966430664;65.83074951171875;92.95210266113281;[1]
(aaaf);1;12:02:06:750;29.95199966430664;65.86126708984375;92.95210266113281;[1]
(aaaf);1;12:02:06:750;29.95199966430664;65.86126708984375;92.95210266113281;[1]
(aaaf);1;12:02:07:78;29.95199966430664;65.92230224609375;92.82502746582031;[1]
(aaaf);1;12:02:07:78;29.95199966430664;65.92230224609375;92.82502746582031;[1]
(aaaf);1;12:02:07:406;29.95199966430664;65.98333740234375;92.95210266113281;[1]
(aaaf);1;12:02:07:406;29.95199966430664;65.98333740234375;92.95210266113281;[1]
(aaaf);1;12:02:07:734;29.95199966430664;66.0367431640625;92.95210266113281;[1]
(aaaf);1;12:02:07:734;29.95199966430664;66.0367431640625;92.95210266113281;[1]
(aaaf);1;12:02:08:62;29.95199966430664;66.0672607421875;92.95210266113281;[1]
(aaaf);1;12:02:08:62;29.95199966430664;66.0672607421875;92.95210266113281;[1]
(aaaf);1;12:02:08:390;29.95199966430664;66.1588134765625;92.82502746582031;[1]
(aaaf);1;12:02:08:390;29.95199966430664;66.1588134765625;92.82502746582031;[1]
(aaaf);1;12:02:08:718;29.95199966430664;66.1893310546875;92.95210266113281;[1]
(aaaf);1;12:02:08:718;29.95199966430664;66.1893310546875;92.95210266113281;[1]
(aaaf);1;12:02:09:46;29.95199966430664;66.2198486328125;92.82502746582031;[1]
(aaaf);1;12:02:09:46;29.95199966430664;66.2198486328125;92.82502746582031;[1]
(aaaf);1;12:02:09:374;30.0143985748291;66.2503662109375;92.95210266113281;[1]
(aaaf);1;12:02:09:374;30.0143985748291;66.2503662109375;92.95210266113281;[1]
(aaaf);1;12:02:09:702;29.95199966430664;66.2503662109375;92.82502746582031;[1]
(aaaf);1;12:02:09:702;29.95199966430664;66.2503662109375;92.82502746582031;[1]
(aaaf);1;12:02:10:28;29.95199966430664;66.2808837890625;92.95210266113281;[1]
(aaaf);1;12:02:10:28;29.95199966430664;66.2808837890625;92.95210266113281;[1]
(aaaf);1;12:02:10:356;30.0143985748291;66.2808837890625;92.82502746582031;[1]
(aaaf);1;12:02:10:356;30.0143985748291;66.2808837890625;92.82502746582031;[1]
(aaaf);1;12:02:10:684;29.95199966430664;66.30377197265625;92.82502746582031;[1]
(aaaf);1;12:02:10:684;29.95199966430664;66.30377197265625;92.82502746582031;[1]
(aaaf);1;12:02:11:12;30.0143985748291;66.33428955078125;92.95210266113281;[1]
(aaaf);1;12:02:11:12;30.0143985748291;66.33428955078125;92.95210266113281;[1]
(aaaf);1;12:02:11:340;30.0143985748291;66.33428955078125;92.95210266113281;[1]
(aaaf);1;12:02:11:340;30.0143985748291;66.33428955078125;92.95210266113281;[1]
(aaaf);1;12:02:11:668;29.95199966430664;66.36480712890625;92.82502746582031;[1]
(aaaf);1;12:02:11:668;29.95199966430664;66.36480712890625;92.82502746582031;[1]
(aaaf);1;12:00:03:59;30.0143985748291;65.32720947265625;92.82502746582031;[1]
(aaaf);1;12:00:03:59;30.0143985748291;65.32720947265625;92.82502746582031;[1]
(aaaf);1;12:00:03:385;30.0143985748291;65.29669189453125;92.95210266113281;[1]
(aaaf);1;12:00:03:385;30.0143985748291;65.29669189453125;92.95210266113281;[1]
(aaaf);1;12:00:03:714;30.0143985748291;65.29669189453125;92.82502746582031;[1]
(aaaf);1;12:00:03:714;30.0143985748291;65.29669189453125;92.82502746582031;[1]
(aaaf);1;12:00:04:41;30.0767993927002;65.32720947265625;92.95210266113281;[1]
(aaaf);1;12:00:04:41;30.0767993927002;65.32720947265625;92.95210266113281;[1]
(aaaf);1;12:00:04:370;30.0143985748291;65.29669189453125;92.95210266113281;[1]
(aaaf);1;12:00:04:370;30.0143985748291;65.29669189453125;92.95210266113281;[1]
(aaaf);1;12:00:04:698;30.0143985748291;65.29669189453125;92.88856506347656;[1]
(aaaf);1;12:00:04:698;30.0143985748291;65.29669189453125;92.88856506347656;[1]
(aaaf);1;12:00:05:26;30.0767993927002;65.32720947265625;92.95210266113281;[1]
(aaaf);1;12:00:05:26;30.0767993927002;65.32720947265625;92.95210266113281;[1]
(aaaf);1;12:00:05:354;30.0767993927002;65.29669189453125;92.95210266113281;[1]
(aaaf);1;12:00:05:354;30.0767993927002;65.29669189453125;92.95210266113281;[1]
(aaaf);1;12:00:05:682;30.0767993927002;65.29669189453125;92.82502746582031;[1]
(aaaf);1;12:00:05:682;30.0767993927002;65.29669189453125;92.82502746582031;[1]
(aaaf);1;12:00:06:10;30.0767993927002;65.29669189453125;92.95210266113281;[1]
(aaaf);1;12:00:06:10;30.0767993927002;65.29669189453125;92.95210266113281;[1]
(aaaf);1;12:00:06:338;30.0143985748291;65.26617431640625;92.95210266113281;[1]
(aaaf);1;12:00:06:338;30.0143985748291;65.26617431640625;92.95210266113281;[1]
(aaaf);1;12:00:06:666;30.0143985748291;65.2432861328125;92.82502746582031;[1]
(aaaf);1;12:00:06:666;30.0143985748291;65.2432861328125;92.82502746582031;[1]
(aaaf);1;12:00:06:994;30.0143985748291;65.20513916015625;92.95210266113281;[1]
(aaaf);1;12:00:06:994;30.0143985748291;65.20513916015625;92.95210266113281;[1]
(aaaf);1;12:00:07:322;30.0767993927002;65.11358642578125;92.82502746582031;[1]
(aaaf);1;12:00:07:322;30.0767993927002;65.11358642578125;92.82502746582031;[1]
(aaaf);1;12:00:07:650;30.0143985748291;65.11358642578125;92.82502746582031;[1]
(aaaf);1;12:00:07:650;30.0143985748291;65.11358642578125;92.82502746582031;[1]
(aaaf);1;12:00:07:978;30.0143985748291;65.05255126953125;92.88856506347656;[1]
(aaaf);1;12:00:07:978;30.0143985748291;65.05255126953125;92.88856506347656;[1]
(aaaf);1;12:00:08:306;30.0767993927002;65.05255126953125;92.95210266113281;[1]
(aaaf);1;12:00:08:306;30.0767993927002;65.05255126953125;92.95210266113281;[1]
(aaaf);1;12:00:08:634;30.0143985748291;65.0296630859375;92.82502746582031;[1]
(aaaf);1;12:00:08:634;30.0143985748291;65.0296630859375;92.82502746582031;[1]
(aaaf);1;12:00:08:962;30.0143985748291;64.9991455078125;92.95210266113281;[1]
(aaaf);1;12:00:08:962;30.0143985748291;64.9991455078125;92.95210266113281;[1]
(aaaf);1;12:00:09:290;30.0143985748291;64.9686279296875;93.01564025878906;[1]
(aaaf);1;12:00:09:290;30.0143985748291;64.9686279296875;93.01564025878906;[1]
(aaaf);1;12:00:09:617;30.0767993927002;64.9686279296875;92.82502746582031;[1]
(aaaf);1;12:00:09:617;30.0767993927002;64.9686279296875;92.82502746582031;[1]
(aaaf);1;12:00:09:945;30.0143985748291;64.9381103515625;92.88856506347656;[1]
(aaaf);1;12:00:09:945;30.0143985748291;64.9381103515625;92.88856506347656;[1]
(aaaf);1;12:00:10:272;30.0767993927002;64.9381103515625;92.95210266113281;[1]
(aaaf);1;12:00:10:272;30.0767993927002;64.9381103515625;92.95210266113281;[1]
(aaaf);1;12:00:10:600;30.0143985748291;64.9075927734375;93.01564025878906;[1]
(aaaf);1;12:00:10:600;30.0143985748291;64.9075927734375;93.01564025878906;[1]
(aaaf);1;12:00:10:927;30.0767993927002;64.9075927734375;92.95210266113281;[1]
(aaaf);1;12:00:10:927;30.0767993927002;64.9075927734375;92.95210266113281;[1]
(aaaf);1;12:00:11:256;30.0767993927002;64.9075927734375;92.82502746582031;[1]
(aaaf);1;12:00:11:256;30.0767993927002;64.9075927734375;92.82502746582031;[1]
(aaaf);1;12:00:11:583;30.0143985748291;64.8770751953125;92.95210266113281;[1]
(aaaf);1;12:00:11:583;30.0143985748291;64.8770751953125;92.95210266113281;[1]
(aaaf);1;12:00:11:911;30.0143985748291;64.8770751953125;92.95210266113281;[1]
(aaaf);1;12:00:11:911;30.0143985748291;64.8770751953125;92.95210266113281;[1]
(aaaf);1;12:00:12:239;30.0143985748291;64.8465576171875;92.95210266113281;[1]
(aaaf);1;12:00:12:239;30.0143985748291;64.8465576171875;92.95210266113281;[1]
(aaaf);1;12:00:12:567;30.0767993927002;64.8465576171875;92.88856506347656;[1]
(aaaf);1;12:00:12:567;30.0767993927002;64.8465576171875;92.88856506347656;[1]
(aaaf);1;12:00:12:895;30.0767993927002;64.8465576171875;92.95210266113281;[1]
(aaaf);1;12:00:12:895;30.0767993927002;64.8465576171875;92.95210266113281;[1]
(aaaf);1;12:00:13:223;30.0767993927002;64.8465576171875;93.01564025878906;[1]
(aaaf);1;12:00:13:223;30.0767993927002;64.8465576171875;93.01564025878906;[1]
(aaaf);1;12:00:13:550;30.0143985748291;64.8465576171875;93.01564025878906;[1]
(aaaf);1;12:00:13:550;30.0143985748291;64.8465576171875;93.01564025878906;[1]
(aaaf);1;12:00:13:877;30.0143985748291;64.8160400390625;92.95210266113281;[1]
(aaaf);1;12:00:13:877;30.0143985748291;64.8160400390625;92.95210266113281;[1]
(aaaf);1;12:00:14:206;30.0143985748291;64.8160400390625;92.95210266113281;[1]
(aaaf);1;12:00:14:206;30.0143985748291;64.8160400390625;92.95210266113281;[1]
(aaaf);1;12:00:14:534;30.0143985748291;64.8160400390625;92.88856506347656;[1]
(aaaf);1;12:00:14:534;30.0143985748291;64.8160400390625;92.88856506347656;[1]
(aaaf);1;12:00:14:861;30.0143985748291;64.8160400390625;92.88856506347656;[1]
(aaaf);1;12:00:14:861;30.0143985748291;64.8160400390625;92.88856506347656;[1]
(aaaf);1;12:00:15:189;30.0143985748291;64.8160400390625;92.82502746582031;[1]
(aaaf);1;12:00:15:189;30.0143985748291;64.8160400390625;92.82502746582031;[1]
(aaaf);1;12:00:15:517;30.0143985748291;64.8465576171875;92.95210266113281;[1]
(aaaf);1;12:00:15:517;30.0143985748291;64.8465576171875;92.95210266113281;[1]
(aaaf);1;12:00:15:845;30.0767993927002;64.8465576171875;92.82502746582031;[1]
(aaaf);1;12:00:15:845;30.0767993927002;64.8465576171875;92.82502746582031;[1]
(aaaf);1;12:00:16:173;30.0767993927002;64.8465576171875;93.01564025878906;[1]
(aaaf);1;12:00:16:173;30.0767993927002;64.8465576171875;93.01564025878906;[1]
(aaaf);1;12:00:16:500;30.0143985748291;64.88470458984375;92.95210266113281;[1]
(aaaf);1;12:00:16:500;30.0143985748291;64.88470458984375;92.95210266113281;[1]
(aaaf);1;12:00:16:828;30.0143985748291;64.8770751953125;92.95210266113281;[1]
(aaaf);1;12:00:16:828;30.0143985748291;64.8770751953125;92.95210266113281;[1]
(aaaf);1;12:00:17:156;30.0767993927002;64.8770751953125;92.95210266113281;[1]
(aaaf);1;12:00:17:156;30.0767993927002;64.8770751953125;92.95210266113281;[1]
(aaaf);1;12:00:17:484;30.0143985748291;64.8770751953125;92.82502746582031;[1]
(aaaf);1;12:00:17:484;30.0143985748291;64.8770751953125;92.82502746582031;[1]
(aaaf);1;12:00:17:812;30.0143985748291;64.8770751953125;93.01564025878906;[1]
(aaaf);1;12:00:17:812;30.0143985748291;64.8770751953125;93.01564025878906;[1]
(aaaf);1;12:00:18:139;30.0767993927002;64.9075927734375;92.82502746582031;[1]
(aaaf);1;12:00:18:139;30.0767993927002;64.9075927734375;92.82502746582031;[1]
(aaaf);1;12:00:18:467;30.0143985748291;64.9075927734375;92.95210266113281;[1]
(aaaf);1;12:00:18:467;30.0143985748291;64.9075927734375;92.95210266113281;[1]
(aaaf);1;12:00:18:795;30.0143985748291;64.9075927734375;92.95210266113281;[1]
(aaaf);1;12:00:18:795;30.0143985748291;64.9075927734375;92.95210266113281;[1]
(aaaf);1;12:00:19:123;30.0767993927002;64.9075927734375;92.82502746582031;[1]
(aaaf);1;12:00:19:123;30.0767993927002;64.9075927734375;92.82502746582031;[1]
(aaaf);1;12:00:19:451;30.0143985748291;64.9075927734375;92.82502746582031;[1]
(aaaf);1;12:00:19:451;30.0143985748291;64.9075927734375;92.82502746582031;[1]
(aaaf);1;12:00:19:778;30.0143985748291;64.9075927734375;92.95210266113281;[1]
(aaaf);1;12:00:19:778;30.0143985748291;64.9075927734375;92.95210266113281;[1]
(aaaf);1;12:00:20:107;30.0143985748291;64.9075927734375;92.82502746582031;[1]
(aaaf);1;12:00:20:107;30.0143985748291;64.9075927734375;92.82502746582031;[1]
(aaaf);1;12:00:20:434;30.0767993927002;64.9075927734375;92.82502746582031;[1]
(aaaf);1;12:00:20:434;30.0767993927002;64.9075927734375;92.82502746582031;[1]
(aaaf);1;12:00:20:762;30.0143985748291;64.9075927734375;92.95210266113281;[1]
(aaaf);1;12:00:20:762;30.0143985748291;64.9075927734375;92.95210266113281;[1]
(aaaf);1;12:00:21:90;30.0767993927002;64.9075927734375;93.14271545410156;[1]
(aaaf);1;12:00:21:90;30.0767993927002;64.9075927734375;93.14271545410156;[1]
(aaaf);1;12:00:21:418;30.0143985748291;64.9381103515625;92.95210266113281;[1]
(aaaf);1;12:00:21:418;30.0143985748291;64.9381103515625;92.95210266113281;[1]
(aaaf);1;12:00:21:746;30.0767993927002;64.9075927734375;92.82502746582031;[1]
(aaaf);1;12:00:21:746;30.0767993927002;64.9075927734375;92.82502746582031;[1]
(aaaf);1;12:00:22:73;30.0143985748291;64.9075927734375;92.95210266113281;[1]
(aaaf);1;12:00:22:73;30.0143985748291;64.9075927734375;92.95210266113281;[1]
(aaaf);1;12:00:22:401;30.0767993927002;64.9075927734375;92.88856506347656;[1]
(aaaf);1;12:00:22:401;30.0767993927002;64.9075927734375;92.88856506347656;[1]
(aaaf);1;12:00:22:729;30.0767993927002;64.8770751953125;92.82502746582031;[1]
(aaaf);1;12:00:22:729;30.0767993927002;64.8770751953125;92.82502746582031;[1]
(aaaf);1;12:00:23:57;30.0767993927002;64.9075927734375;93.01564025878906;[1]
(aaaf);1;12:00:23:57;30.0767993927002;64.9075927734375;93.01564025878906;[1]
(aaaf);1;12:00:23:384;30.0143985748291;64.8770751953125;92.88856506347656;[1]
(aaaf);1;12:00:23:384;30.0143985748291;64.8770751953125;92.88856506347656;[1]
(aaaf);1;12:00:23:712;30.0767993927002;64.9075927734375;92.82502746582031;[1]
(aaaf);1;12:00:23:712;30.0767993927002;64.9075927734375;92.82502746582031;[1]
(aaaf);1;12:00:24:40;30.0143985748291;64.8465576171875;92.95210266113281;[1]
(aaaf);1;12:00:24:40;30.0143985748291;64.8465576171875;92.95210266113281;[1]
(aaaf);1;12:00:24:368;30.0767993927002;64.8465576171875;92.95210266113281;[1]
(aaaf);1;12:00:24:368;30.0767993927002;64.8465576171875;92.95210266113281;[1]
(aaaf);1;12:00:24:696;30.0143985748291;64.8465576171875;92.82502746582031;[1]
(aaaf);1;12:00:24:696;30.0143985748291;64.8465576171875;92.82502746582031;[1]
(aaaf);1;12:00:25:24;30.0143985748291;64.8465576171875;92.95210266113281;[1]
(aaaf);1;12:00:25:24;30.0143985748291;64.8465576171875;92.95210266113281;[1]
(aaaf);1;12:00:25:352;30.0143985748291;64.8465576171875;92.95210266113281;[1]
(aaaf);1;12:00:25:352;30.0143985748291;64.8465576171875;92.95210266113281;[1]
(aaaf);1;12:00:25:680;30.0767993927002;64.8160400390625;92.95210266113281;[1]
(aaaf);1;12:00:25:680;30.0767993927002;64.8160400390625;92.95210266113281;[1]
(aaaf);1;12:00:26:8;30.0143985748291;64.8160400390625;93.01564025878906;[1]
(aaaf);1;12:00:26:8;30.0143985748291;64.8160400390625;93.01564025878906;[1]
(aaaf);1;12:00:26:335;30.0143985748291;64.8160400390625;92.95210266113281;[1]
(aaaf);1;12:00:26:335;30.0143985748291;64.8160400390625;92.95210266113281;[1]
(aaaf);1;12:00:26:663;30.0143985748291;64.8160400390625;92.82502746582031;[1]
(aaaf);1;12:00:26:663;30.0143985748291;64.8160400390625;92.82502746582031;[1]
(aaaf);1;12:00:26:990;30.0143985748291;64.8160400390625;92.82502746582031;[1]
(aaaf);1;12:00:26:990;30.0143985748291;64.8160400390625;92.82502746582031;[1]
(aaaf);1;12:00:27:318;30.0767993927002;64.8160400390625;92.82502746582031;[1]
(aaaf);1;12:00:27:318;30.0767993927002;64.8160400390625;92.82502746582031;[1]
(aaaf);1;12:00:27:646;30.0767993927002;64.7550048828125;92.95210266113281;[1]
(aaaf);1;12:00:27:646;30.0767993927002;64.7550048828125;92.95210266113281;[1]
(aaaf);1;12:00:27:974;30.0767993927002;64.7550048828125;92.95210266113281;[1]
(aaaf);1;12:00:27:974;30.0767993927002;64.7550048828125;92.95210266113281;[1]
(aaaf);1;12:00:28:302;30.0143985748291;64.7550048828125;92.95210266113281;[1]
(aaaf);1;12:00:28:302;30.0143985748291;64.7550048828125;92.95210266113281;[1]
(aaaf);1;12:00:28:630;30.0767993927002;64.7550048828125;92.95210266113281;[1]
(aaaf);1;12:00:28:630;30.0767993927002;64.7550048828125;92.95210266113281;[1]
(aaaf);1;12:00:28:958;30.0143985748291;64.7550048828125;92.95210266113281;[1]
(aaaf);1;12:00:28:958;30.0143985748291;64.7550048828125;92.95210266113281;[1]
(aaaf);1;12:00:29:286;30.0767993927002;64.7550048828125;92.95210266113281;[1]
(aaaf);1;12:00:29:286;30.0767993927002;64.7550048828125;92.95210266113281;[1]
(aaaf);1;12:00:29:614;30.0143985748291;64.73211669921875;92.82502746582031;[1]
(aaaf);1;12:00:29:614;30.0143985748291;64.73211669921875;92.82502746582031;[1]
(aaaf);1;12:00:29:942;30.0143985748291;64.73211669921875;92.82502746582031;[1]
(aaaf);1;12:00:29:942;30.0143985748291;64.73211669921875;92.82502746582031;[1]
(aaaf);1;12:00:30:269;30.0143985748291;64.7550048828125;92.82502746582031;[1]
(aaaf);1;12:00:30:269;30.0143985748291;64.7550048828125;92.82502746582031;[1]
(aaaf);1;12:00:30:598;30.0143985748291;64.7550048828125;92.88856506347656;[1]
(aaaf);1;12:00:30:598;30.0143985748291;64.7550048828125;92.88856506347656;[1]
(aaaf);1;12:00:30:926;30.0143985748291;64.7550048828125;92.82502746582031;[1]
(aaaf);1;12:00:30:926;30.0143985748291;64.7550048828125;92.82502746582031;[1]
(aaaf);1;12:00:31:254;30.0143985748291;64.7550048828125;92.82502746582031;[1]
(aaaf);1;12:00:31:254;30.0143985748291;64.7550048828125;92.82502746582031;[1]
(aaaf);1;12:00:31:582;30.0143985748291;64.7550048828125;92.95210266113281;[1]
(aaaf);1;12:00:31:582;30.0143985748291;64.7550048828125;92.95210266113281;[1]
(aaaf);1;12:00:31:910;30.0767993927002;64.7550048828125;93.01564025878906;[1]
(aaaf);1;12:00:31:910;30.0767993927002;64.7550048828125;93.01564025878906;[1]
(aaaf);1;12:00:32:237;30.0143985748291;64.7550048828125;92.82502746582031;[1]
(aaaf);1;12:00:32:237;30.0143985748291;64.7550048828125;92.82502746582031;[1]
(aaaf);1;12:00:32:563;30.0767993927002;64.7550048828125;92.82502746582031;[1]
(aaaf);1;12:00:32:563;30.0767993927002;64.7550048828125;92.82502746582031;[1]
(aaaf);1;12:00:32:891;30.0767993927002;64.7550048828125;92.95210266113281;[1]
(aaaf);1;12:00:32:891;30.0767993927002;64.7550048828125;92.95210266113281;[1]
(aaaf);1;12:00:33:219;30.0143985748291;64.7550048828125;92.95210266113281;[1]
(aaaf);1;12:00:33:219;30.0143985748291;64.7550048828125;92.95210266113281;[1]
(aaaf);1;12:00:33:547;30.0143985748291;64.7550048828125;92.95210266113281;[1]
(aaaf);1;12:00:33:547;30.0143985748291;64.7550048828125;92.95210266113281;[1]
(aaaf);1;12:00:33:875;30.0143985748291;64.7550048828125;93.01564025878906;[1]
(aaaf);1;12:00:33:875;30.0143985748291;64.7550048828125;93.01564025878906;[1]
(aaaf);1;12:00:34:202;30.0767993927002;64.73211669921875;92.82502746582031;[1]
(aaaf);1;12:00:34:202;30.0767993927002;64.73211669921875;92.82502746582031;[1]
(aaaf);1;12:00:34:530;30.0143985748291;64.73211669921875;93.01564025878906;[1]
(aaaf);1;12:00:34:530;30.0143985748291;64.73211669921875;93.01564025878906;[1]
(aaaf);1;12:00:34:857;30.0143985748291;64.73211669921875;92.95210266113281;[1]
(aaaf);1;12:00:34:857;30.0143985748291;64.73211669921875;92.95210266113281;[1]
(aaaf);1;12:00:35:185;30.0767993927002;64.73211669921875;92.95210266113281;[1]
(aaaf);1;12:00:35:185;30.0767993927002;64.73211669921875;92.95210266113281;[1]
(aaaf);1;12:00:35:513;30.0143985748291;64.73211669921875;93.01564025878906;[1]
(aaaf);1;12:00:35:513;30.0143985748291;64.73211669921875;93.01564025878906;[1]
(aaaf);1;12:00:35:840;30.0767993927002;64.73211669921875;92.95210266113281;[1]
(aaaf);1;12:00:35:840;30.0767993927002;64.73211669921875;92.95210266113281;[1]
(aaaf);1;12:00:36:168;30.0143985748291;64.73211669921875;92.95210266113281;[1]
(aaaf);1;12:00:36:168;30.0143985748291;64.73211669921875;92.95210266113281;[1]
(aaaf);1;12:00:36:496;30.0767993927002;64.73211669921875;92.95210266113281;[1]
(aaaf);1;12:00:36:496;30.0767993927002;64.73211669921875;92.95210266113281;[1]
(aaaf);1;12:00:36:825;30.0767993927002;64.73211669921875;92.95210266113281;[1]
(aaaf);1;12:00:36:825;30.0767993927002;64.73211669921875;92.95210266113281;[1]
(aaaf);1;12:00:37:153;30.0143985748291;64.73211669921875;92.95210266113281;[1]
(aaaf);1;12:00:37:153;30.0143985748291;64.73211669921875;92.95210266113281;[1]
(aaaf);1;12:00:37:481;30.0143985748291;64.73211669921875;93.01564025878906;[1]
(aaaf);1;12:00:37:481;30.0143985748291;64.73211669921875;93.01564025878906;[1]
(aaaf);1;12:00:37:808;30.0767993927002;64.73211669921875;92.95210266113281;[1]
(aaaf);1;12:00:37:808;30.0767993927002;64.73211669921875;92.95210266113281;[1]
(aaaf);1;12:00:38:136;30.0767993927002;64.73211669921875;92.82502746582031;[1]
(aaaf);1;12:00:38:136;30.0767993927002;64.73211669921875;92.82502746582031;[1]
(aaaf);1;12:00:38:464;30.0767993927002;64.70159912109375;92.82502746582031;[1]
(aaaf);1;12:00:38:464;30.0767993927002;64.70159912109375;92.82502746582031;[1]
(aaaf);1;12:00:38:792;30.0767993927002;64.70159912109375;92.95210266113281;[1]
(aaaf);1;12:00:38:792;30.0767993927002;64.70159912109375;92.95210266113281;[1]
(aaaf);1;12:00:39:120;30.0767993927002;64.70159912109375;92.82502746582031;[1]
(aaaf);1;12:00:39:120;30.0767993927002;64.70159912109375;92.82502746582031;[1]
(aaaf);1;12:00:39:448;30.0143985748291;64.70159912109375;92.82502746582031;[1]
(aaaf);1;12:00:39:448;30.0143985748291;64.70159912109375;92.82502746582031;[1]
(aaaf);1;12:00:39:776;30.0143985748291;64.70159912109375;92.95210266113281;[1]
(aaaf);1;12:00:39:776;30.0143985748291;64.70159912109375;92.95210266113281;[1]
(aaaf);1;12:00:40:104;30.0767993927002;64.67108154296875;92.95210266113281;[1]
(aaaf);1;12:00:40:104;30.0767993927002;64.67108154296875;92.95210266113281;[1]
(aaaf);1;12:00:40:432;30.0143985748291;64.67108154296875;92.95210266113281;[1]
(aaaf);1;12:00:40:432;30.0143985748291;64.67108154296875;92.95210266113281;[1]
(aaaf);1;12:00:40:760;30.0767993927002;64.67108154296875;92.82502746582031;[1]
(aaaf);1;12:00:40:760;30.0767993927002;64.67108154296875;92.82502746582031;[1]
(aaaf);1;12:00:41:88;30.0143985748291;64.67108154296875;93.07917785644531;[1]
(aaaf);1;12:00:41:88;30.0143985748291;64.67108154296875;93.07917785644531;[1]
(aaaf);1;12:00:41:415;30.0767993927002;64.67108154296875;92.82502746582031;[1]
(aaaf);1;12:00:41:415;30.0767993927002;64.67108154296875;92.82502746582031;[1]
(aaaf);1;12:00:41:743;30.0767993927002;64.64056396484375;92.95210266113281;[1]
(aaaf);1;12:00:41:743;30.0767993927002;64.64056396484375;92.95210266113281;[1]
(aaaf);1;12:00:42:71;30.0767993927002;64.64056396484375;92.95210266113281;[1]
(aaaf);1;12:00:42:71;30.0767993927002;64.64056396484375;92.95210266113281;[1]
(aaaf);1;12:00:42:399;30.0767993927002;64.64056396484375;92.82502746582031;[1]
(aaaf);1;12:00:42:399;30.0767993927002;64.64056396484375;92.82502746582031;[1]
(aaaf);1;12:00:42:727;30.0767993927002;64.64056396484375;92.82502746582031;[1]
(aaaf);1;12:00:42:727;30.0767993927002;64.64056396484375;92.82502746582031;[1]
(aaaf);1;12:00:43:55;30.0767993927002;64.67108154296875;92.95210266113281;[1]
(aaaf);1;12:00:43:55;30.0767993927002;64.67108154296875;92.95210266113281;[1]
(aaaf);1;12:00:43:383;30.0143985748291;64.67108154296875;92.95210266113281;[1]
(aaaf);1;12:00:43:383;30.0143985748291;64.67108154296875;92.95210266113281;[1]
(aaaf);1;12:00:43:711;30.0767993927002;64.67108154296875;92.95210266113281;[1]
(aaaf);1;12:00:43:711;30.0767993927002;64.67108154296875;92.95210266113281;[1]
(aaaf);1;12:00:44:39;30.0767993927002;64.67108154296875;92.95210266113281;[1]
(aaaf);1;12:00:44:39;30.0767993927002;64.67108154296875;92.95210266113281;[1]
(aaaf);1;12:00:44:367;30.0143985748291;64.67108154296875;93.01564025878906;[1]
(aaaf);1;12:00:44:367;30.0143985748291;64.67108154296875;93.01564025878906;[1]
(aaaf);1;12:00:44:694;30.0767993927002;64.67108154296875;92.95210266113281;[0]
