(aaaf);2;12:00:07:320;28.89119911193847;66.76153564453125;92.82502746582031;[1]
(cacf);1;12:00:03:58;28.01759910583496;65.69342041015625;92.82502746582031;[1]
(aaaf);3;12:00:14:924;28.82879829406738;66.92938232421875;92.76148986816406;[1]
(cacf);2;12:00:10:675;28.01759910583496;65.8994140625;92.88856506347656;[1]
(aaaf);4;12:00:15:174;28.82879829406738;66.92938232421875;92.82502746582031;[1]
(cacf);3;12:00:10:928;28.01759910583496;65.8994140625;92.95210266113281;[1]
(aaaf);5;12:00:15:422;28.82879829406738;66.92938232421875;92.82502746582031;[1]
(cacf);4;12:00:11:186;28.01759910583496;65.8994140625;92.88856506347656;[1]
(aaaf);6;12:00:15:671;28.82879829406738;66.92938232421875;92.82502746582031;[1]
(cacf);5;12:00:11:436;28.01759910583496;65.8994140625;92.76148986816406;[1]
(aaaf);7;12:00:15:920;28.89119911193847;66.92938232421875;92.76148986816406;[1]
(cacf);6;12:00:11:685;28.01759910583496;65.8994140625;92.95210266113281;[1]
(aaaf);8;12:00:16:170;28.82879829406738;66.92938232421875;92.82502746582031;[1]
(cacf);7;12:00:11:933;28.01759910583496;65.8994140625;92.95210266113281;[1]
(aaaf);9;12:00:16:423;28.82879829406738;66.92938232421875;92.82502746582031;[1]
(cacf);8;12:00:12:183;28.01759910583496;65.8994140625;92.88856506347656;[1]
(aaaf);10;12:00:16:671;28.82879829406738;66.92938232421875;92.76148986816406;[1]
(cacf);9;12:00:12:431;28.01759910583496;65.8994140625;92.82502746582031;[1]
(aaaf);11;12:00:16:920;28.82879829406738;66.92938232421875;92.76148986816406;[1]
(cacf);10;12:00:12:675;28.01759910583496;65.8994140625;92.88856506347656;[1]
(aaaf);12;12:00:17:169;28.82879829406738;66.92938232421875;92.82502746582031;[1]
(cacf);11;12:00:12:928;28.01759910583496;65.8994140625;92.95210266113281;[1]
(aaaf);13;12:00:17:418;28.82879829406738;66.92938232421875;92.82502746582031;[1]
(cacf);12;12:00:13:178;28.01759910583496;65.8994140625;92.95210266113281;[1]
(aaaf);14;12:00:17:668;28.82879829406738;66.92938232421875;92.76148986816406;[1]
(cacf);13;12:00:13:428;27.9552001953125;65.8994140625;92.88856506347656;[1]
(aaaf);15;12:00:17:917;28.82879829406738;66.92938232421875;92.82502746582031;[1]
(cacf);14;12:00:13:682;28.01759910583496;65.8994140625;92.88856506347656;[1]
(aaaf);16;12:00:18:170;28.82879829406738;66.92938232421875;92.82502746582031;[1]
(cacf);15;12:00:13:931;28.01759910583496;65.8994140625;92.95210266113281;[1]
(aaaf);17;12:00:18:420;28.82879829406738;66.92938232421875;92.82502746582031;[1]
(cacf);16;12:00:14:179;28.01759910583496;65.8994140625;92.82502746582031;[1]
(aaaf);18;12:00:18:668;28.82879829406738;66.92938232421875;92.82502746582031;[1]
(cacf);17;12:00:14:426;28.01759910583496;65.8994140625;92.88856506347656;[1]
(aaaf);19;12:00:18:918;28.82879829406738;66.92938232421875;92.82502746582031;[1]
(cacf);18;12:00:14:681;28.01759910583496;65.8994140625;92.76148986816406;[1]
(aaaf);20;12:00:19:165;28.82879829406738;66.92938232421875;92.82502746582031;[1]
(cacf);19;12:00:14:929;28.07999992370605;65.8994140625;92.88856506347656;[1]
(aaaf);21;12:00:19:414;28.89119911193847;66.92938232421875;92.82502746582031;[1]
(cacf);20;12:00:15:179;28.01759910583496;65.8994140625;92.88856506347656;[1]
(aaaf);22;12:00:19:663;28.82879829406738;66.89886474609375;92.82502746582031;[1]
(cacf);21;12:00:15:424;28.01759910583496;65.8994140625;92.95210266113281;[1]
(aaaf);23;12:00:19:917;28.82879829406738;66.89886474609375;92.76148986816406;[1]
(cacf);22;12:00:15:678;28.01759910583496;65.868896484375;92.88856506347656;[1]
(aaaf);24;12:00:20:167;28.82879829406738;66.89886474609375;92.82502746582031;[1]
(cacf);23;12:00:15:926;28.01759910583496;65.868896484375;92.76148986816406;[1]
(aaaf);25;12:00:20:414;28.82879829406738;66.89886474609375;92.82502746582031;[1]
(cacf);24;12:00:16:174;28.01759910583496;65.8994140625;92.95210266113281;[1]
(aaaf);26;12:00:20:663;28.82879829406738;66.89886474609375;92.82502746582031;[1]
(cacf);25;12:00:16:429;28.01759910583496;65.868896484375;92.88856506347656;[1]
(aaaf);27;12:00:20:912;28.82879829406738;66.89886474609375;92.76148986816406;[1]
(cacf);26;12:00:16:679;28.01759910583496;65.868896484375;92.76148986816406;[1]
(aaaf);28;12:00:21:161;28.82879829406738;66.89886474609375;92.76148986816406;[1]
(cacf);27;12:00:16:927;28.01759910583496;65.868896484375;92.76148986816406;[1]
(aaaf);29;12:00:21:410;28.82879829406738;66.8759765625;92.82502746582031;[1]
(cacf);28;12:00:17:175;28.01759910583496;65.868896484375;93.07917785644531;[1]
(aaaf);30;12:00:21:665;28.82879829406738;66.8759765625;92.82502746582031;[1]
(cacf);29;12:00:17:430;28.01759910583496;65.868896484375;92.76148986816406;[1]
(aaaf);31;12:00:21:913;28.82879829406738;66.8759765625;92.82502746582031;[1]
(cacf);30;12:00:17:679;28.01759910583496;65.868896484375;92.88856506347656;[1]
(aaaf);32;12:00:22:162;28.82879829406738;66.8759765625;92.82502746582031;[1]
(cacf);31;12:00:17:927;28.01759910583496;65.868896484375;92.88856506347656;[1]
(aaaf);33;12:00:22:407;28.82879829406738;66.8759765625;92.95210266113281;[1]
(cacf);32;12:00:18:183;28.01759910583496;65.868896484375;92.95210266113281;[1]
(aaaf);34;12:00:22:650;28.82879829406738;66.8759765625;92.82502746582031;[1]
(cacf);33;12:00:18:436;28.01759910583496;65.8994140625;92.76148986816406;[1]
(aaaf);35;12:00:22:899;28.82879829406738;66.8759765625;92.82502746582031;[1]
(cacf);34;12:00:18:690;28.01759910583496;65.868896484375;92.95210266113281;[1]
(aaaf);36;12:00:23:147;28.82879829406738;66.8759765625;92.82502746582031;[1]
(cacf);35;12:00:18:939;28.01759910583496;65.868896484375;92.95210266113281;[1]
(aaaf);37;12:00:23:401;28.82879829406738;66.8759765625;92.82502746582031;[1]
(cacf);36;12:00:19:193;28.01759910583496;65.8994140625;92.88856506347656;[1]
(aaaf);38;12:00:23:650;28.82879829406738;66.8759765625;92.82502746582031;[1]
(cacf);37;12:00:19:447;27.9552001953125;65.8994140625;92.76148986816406;[1]
(aaaf);39;12:00:23:900;28.82879829406738;66.8759765625;92.82502746582031;[1]
(cacf);38;12:00:19:695;28.01759910583496;65.8994140625;92.88856506347656;[1]
(aaaf);40;12:00:24:143;28.82879829406738;66.8759765625;92.95210266113281;[1]
(cacf);39;12:00:19:955;28.01759910583496;65.8994140625;92.95210266113281;[1]
(aaaf);41;12:00:24:393;28.82879829406738;66.845458984375;92.82502746582031;[1]
(cacf);40;12:00:20:208;28.01759910583496;65.8994140625;92.88856506347656;[1]
(aaaf);42;12:00:24:641;28.82879829406738;66.845458984375;92.95210266113281;[1]
(cacf);41;12:00:20:451;27.9552001953125;65.8994140625;92.95210266113281;[1]
(aaaf);43;12:00:24:889;28.89119911193847;66.845458984375;92.76148986816406;[1]
(cacf);42;12:00:20:714;28.01759910583496;65.8994140625;92.76148986816406;[1]
(aaaf);44;12:00:25:143;28.82879829406738;66.845458984375;92.82502746582031;[1]
(cacf);43;12:00:20:963;28.01759910583496;65.8994140625;92.76148986816406;[1]
(aaaf);45;12:00:25:392;28.82879829406738;66.845458984375;92.82502746582031;[1]
(cacf);44;12:00:21:212;28.07999992370605;65.8994140625;92.88856506347656;[1]
(aaaf);46;12:00:25:642;28.82879829406738;66.81494140625;92.82502746582031;[1]
(cacf);45;12:00:21:461;28.01759910583496;65.8994140625;92.88856506347656;[1]
(aaaf);47;12:00:25:890;28.82879829406738;66.81494140625;92.76148986816406;[1]
(cacf);46;12:00:21:715;28.01759910583496;65.8994140625;92.88856506347656;[1]
(aaaf);48;12:00:26:134;28.89119911193847;66.81494140625;92.82502746582031;[1]
(cacf);47;12:00:21:964;28.01759910583496;65.8994140625;92.88856506347656;[1]
(aaaf);49;12:00:26:382;28.82879829406738;66.81494140625;92.76148986816406;[1]
(cacf);48;12:00:22:214;28.01759910583496;65.8994140625;92.88856506347656;[1]
(aaaf);50;12:00:26:632;28.82879829406738;66.81494140625;92.76148986816406;[1]
(cacf);49;12:00:22:462;28.01759910583496;65.8994140625;92.95210266113281;[1]
(aaaf);51;12:00:26:887;28.82879829406738;66.81494140625;92.82502746582031;[1]
(cacf);50;12:00:22:711;28.01759910583496;65.8994140625;92.95210266113281;[1]
(aaaf);52;12:00:27:140;28.82879829406738;66.81494140625;92.82502746582031;[1]
(cacf);51;12:00:22:960;28.01759910583496;65.8994140625;93.01564025878906;[1]
(aaaf);53;12:00:27:389;28.82879829406738;66.81494140625;92.82502746582031;[1]
(cacf);52;12:00:23:207;28.01759910583496;65.8994140625;92.88856506347656;[1]
(aaaf);54;12:00:27:632;28.89119911193847;66.81494140625;92.82502746582031;[1]
(cacf);53;12:00:23:463;28.01759910583496;65.8994140625;92.76148986816406;[1]
(aaaf);55;12:00:27:881;28.82879829406738;66.81494140625;92.82502746582031;[1]
(cacf);54;12:00:23:711;28.01759910583496;65.8994140625;92.76148986816406;[1]
(aaaf);56;12:00:28:129;28.82879829406738;66.81494140625;92.82502746582031;[1]
(cacf);55;12:00:23:960;28.07999992370605;65.8994140625;92.88856506347656;[1]
(aaaf);57;12:00:28:378;28.82879829406738;66.81494140625;92.82502746582031;[1]
(cacf);56;12:00:24:209;28.01759910583496;65.8994140625;93.01564025878906;[1]
(aaaf);58;12:00:28:633;28.82879829406738;66.81494140625;92.82502746582031;[1]
(cacf);57;12:00:24:458;28.01759910583496;65.8994140625;92.95210266113281;[1]
(aaaf);59;12:00:28:883;28.82879829406738;66.81494140625;92.82502746582031;[1]
(cacf);58;12:00:24:707;28.01759910583496;65.8994140625;92.88856506347656;[1]
(aaaf);60;12:00:29:131;28.82879829406738;66.81494140625;92.82502746582031;[1]
(cacf);59;12:00:24:957;28.01759910583496;65.8994140625;92.95210266113281;[1]
(aaaf);61;12:00:29:380;28.82879829406738;66.81494140625;92.82502746582031;[1]
(cacf);60;12:00:25:206;28.01759910583496;65.8994140625;92.88856506347656;[1]
(aaaf);62;12:00:29:627;28.82879829406738;66.81494140625;92.76148986816406;[1]
(cacf);61;12:00:25:459;28.01759910583496;65.8994140625;92.88856506347656;[1]
(aaaf);63;12:00:29:877;28.82879829406738;66.79205322265625;92.82502746582031;[1]
(cacf);62;12:00:25:708;28.01759910583496;65.8994140625;92.88856506347656;[1]
(aaaf);64;12:00:30:125;28.82879829406738;66.81494140625;92.82502746582031;[1]
(cacf);63;12:00:25:956;28.01759910583496;65.8994140625;92.88856506347656;[1]
(aaaf);65;12:00:30:379;28.82879829406738;66.79205322265625;92.76148986816406;[1]
(cacf);64;12:00:26:205;28.01759910583496;65.8994140625;92.88856506347656;[1]
(aaaf);66;12:00:30:629;28.82879829406738;66.79205322265625;92.63440704345703;[1]
(cacf);65;12:00:26:454;28.07999992370605;65.8994140625;93.01564025878906;[1]
(aaaf);67;12:00:30:877;28.82879829406738;66.79205322265625;92.82502746582031;[1]
(cacf);66;12:00:26:703;28.01759910583496;65.8994140625;92.88856506347656;[1]
(aaaf);68;12:00:31:127;28.82879829406738;66.79205322265625;92.82502746582031;[1]
(cacf);67;12:00:26:957;28.01759910583496;65.8994140625;92.88856506347656;[1]
(aaaf);69;12:00:31:376;28.82879829406738;66.79205322265625;92.82502746582031;[1]
(cacf);68;12:00:27:206;28.01759910583496;65.8994140625;92.88856506347656;[1]
(aaaf);70;12:00:31:623;28.82879829406738;66.79205322265625;92.82502746582031;[1]
(cacf);69;12:00:27:456;28.01759910583496;65.8994140625;92.88856506347656;[1]
(aaaf);71;12:00:31:873;28.82879829406738;66.79205322265625;92.82502746582031;[1]
(cacf);70;12:00:27:699;28.01759910583496;65.8994140625;92.88856506347656;[1]
(aaaf);72;12:00:32:126;28.82879829406738;66.79205322265625;92.76148986816406;[1]
(cacf);71;12:00:27:942;28.01759910583496;65.8994140625;92.88856506347656;[1]
(aaaf);73;12:00:32:375;28.82879829406738;66.79205322265625;92.82502746582031;[1]
(cacf);72;12:00:28:192;28.01759910583496;65.8994140625;92.88856506347656;[1]
(aaaf);74;12:00:32:625;28.82879829406738;66.79205322265625;92.82502746582031;[1]
(cacf);73;12:00:28:442;28.01759910583496;65.8994140625;92.95210266113281;[1]
(aaaf);75;12:00:32:873;28.82879829406738;66.79205322265625;92.82502746582031;[1]
(cacf);74;12:00:28:695;28.01759910583496;65.8994140625;92.82502746582031;[1]
(aaaf);76;12:00:33:121;28.82879829406738;66.79205322265625;92.82502746582031;[1]
(cacf);75;12:00:28:944;28.01759910583496;65.8994140625;92.95210266113281;[1]
(aaaf);77;12:00:33:371;28.82879829406738;66.79205322265625;92.76148986816406;[1]
(cacf);76;12:00:29:193;28.07999992370605;65.8994140625;92.88856506347656;[1]
(aaaf);78;12:00:33:620;28.82879829406738;66.79205322265625;92.76148986816406;[1]
(cacf);77;12:00:29:443;28.01759910583496;65.868896484375;92.76148986816406;[1]
(aaaf);79;12:00:33:874;28.82879829406738;66.79205322265625;92.82502746582031;[1]
(cacf);78;12:00:29:692;28.07999992370605;65.868896484375;92.88856506347656;[1]
(aaaf);80;12:00:34:122;28.82879829406738;66.79205322265625;92.82502746582031;[1]
(cacf);79;12:00:29:941;28.01759910583496;65.868896484375;92.88856506347656;[1]
(aaaf);81;12:00:34:371;28.82879829406738;66.79205322265625;92.82502746582031;[1]
(cacf);80;12:00:30:195;28.01759910583496;65.868896484375;92.88856506347656;[1]
(aaaf);82;12:00:34:621;28.82879829406738;66.76153564453125;92.82502746582031;[1]
(cacf);81;12:00:30:453;28.01759910583496;65.868896484375;92.95210266113281;[1]
(aaaf);83;12:00:34:875;28.82879829406738;66.76153564453125;92.76148986816406;[1]
(cacf);82;12:00:30:706;28.01759910583496;65.868896484375;92.88856506347656;[1]
(aaaf);84;12:00:35:129;28.82879829406738;66.76153564453125;92.82502746582031;[1]
(cacf);83;12:00:30:954;28.01759910583496;65.868896484375;92.88856506347656;[1]
(aaaf);85;12:00:35:383;28.82879829406738;66.76153564453125;92.82502746582031;[1]
(cacf);84;12:00:31:203;28.01759910583496;65.868896484375;92.88856506347656;[1]
(aaaf);86;12:00:35:637;28.82879829406738;66.76153564453125;92.76148986816406;[1]
(cacf);85;12:00:31:452;28.01759910583496;65.868896484375;92.95210266113281;[1]
(aaaf);87;12:00:35:890;28.82879829406738;66.76153564453125;92.76148986816406;[1]
(cacf);86;12:00:31:701;28.07999992370605;65.868896484375;92.88856506347656;[1]
(aaaf);88;12:00:36:144;28.82879829406738;66.76153564453125;92.76148986816406;[1]
(cacf);87;12:00:31:951;28.01759910583496;65.868896484375;92.88856506347656;[1]
(aaaf);89;12:00:36:398;28.89119911193847;66.76153564453125;92.82502746582031;[1]
(cacf);88;12:00:32:204;28.01759910583496;65.868896484375;92.88856506347656;[1]
(aaaf);90;12:00:36:652;28.82879829406738;66.76153564453125;92.82502746582031;[1]
(cacf);89;12:00:32:452;28.01759910583496;65.868896484375;92.88856506347656;[1]
(aaaf);91;12:00:36:905;28.82879829406738;66.76153564453125;92.82502746582031;[1]
(cacf);90;12:00:32:702;28.01759910583496;65.868896484375;92.95210266113281;[1]
(aaaf);92;12:00:37:158;28.82879829406738;66.76153564453125;92.82502746582031;[1]
(cacf);91;12:00:32:951;28.07999992370605;65.868896484375;93.01564025878906;[1]
(aaaf);93;12:00:37:411;28.82879829406738;66.76153564453125;92.82502746582031;[1]
(cacf);92;12:00:33:200;28.07999992370605;65.868896484375;93.01564025878906;[1]
(aaaf);94;12:00:37:660;28.82879829406738;66.76153564453125;92.76148986816406;[1]
(cacf);93;12:00:33:448;28.01759910583496;65.868896484375;92.95210266113281;[1]
(aaaf);95;12:00:37:909;28.82879829406738;66.76153564453125;92.76148986816406;[1]
(cacf);94;12:00:33:697;28.01759910583496;65.868896484375;92.88856506347656;[1]
(aaaf);96;12:00:38:158;28.89119911193847;66.76153564453125;92.76148986816406;[1]
(cacf);95;12:00:33:951;28.01759910583496;65.868896484375;92.88856506347656;[1]
(aaaf);97;12:00:38:406;28.89119911193847;66.76153564453125;92.82502746582031;[1]
(cacf);96;12:00:34:201;28.01759910583496;65.868896484375;92.95210266113281;[1]
(aaaf);98;12:00:38:655;28.89119911193847;66.76153564453125;92.95210266113281;[1]
(cacf);97;12:00:34:449;28.01759910583496;65.868896484375;92.76148986816406;[1]
(aaaf);99;12:00:38:904;28.82879829406738;66.73101806640625;92.82502746582031;[1]
(cacf);98;12:00:34:699;28.01759910583496;65.868896484375;92.88856506347656;[1]
(aaaf);100;12:00:39:158;28.82879829406738;66.73101806640625;92.76148986816406;[1]
(cacf);99;12:00:34:947;28.07999992370605;65.868896484375;92.88856506347656;[1]
(aaaf);101;12:00:39:408;28.89119911193847;66.73101806640625;92.76148986816406;[1]
(cacf);100;12:00:35:196;28.01759910583496;65.868896484375;92.88856506347656;[1]
(aaaf);102;12:00:39:658;28.82879829406738;66.73101806640625;92.82502746582031;[1]
(cacf);101;12:00:35:447;28.01759910583496;65.868896484375;92.88856506347656;[1]
(aaaf);103;12:00:39:906;28.82879829406738;66.73101806640625;92.82502746582031;[1]
(cacf);102;12:00:35:705;28.01759910583496;65.868896484375;92.76148986816406;[1]
(aaaf);104;12:00:40:153;28.89119911193847;66.73101806640625;92.82502746582031;[1]
(cacf);103;12:00:35:954;28.01759910583496;65.868896484375;92.88856506347656;[1]
(aaaf);105;12:00:40:402;28.89119911193847;66.73101806640625;92.82502746582031;[1]
(cacf);104;12:00:36:208;28.07999992370605;65.83837890625;92.76148986816406;[1]
(aaaf);106;12:00:40:651;28.82879829406738;66.73101806640625;92.82502746582031;[1]
(cacf);105;12:00:36:456;28.07999992370605;65.868896484375;92.76148986816406;[1]
(aaaf);107;12:00:40:905;28.82879829406738;66.7081298828125;92.82502746582031;[1]
(cacf);106;12:00:36:704;28.01759910583496;65.83837890625;92.95210266113281;[1]
(aaaf);108;12:00:41:154;28.89119911193847;66.7081298828125;92.82502746582031;[1]
(cacf);107;12:00:36:953;28.01759910583496;65.83837890625;92.76148986816406;[1]
(aaaf);109;12:00:41:403;28.82879829406738;66.7081298828125;92.82502746582031;[1]
(cacf);108;12:00:37:203;28.07999992370605;65.83837890625;92.88856506347656;[1]
(aaaf);110;12:00:41:652;28.82879829406738;66.7081298828125;92.82502746582031;[1]
(cacf);109;12:00:37:453;28.01759910583496;65.83837890625;92.95210266113281;[1]
(aaaf);111;12:00:41:903;28.89119911193847;66.7081298828125;92.76148986816406;[1]
(cacf);110;12:00:37:712;28.07999992370605;65.83837890625;92.76148986816406;[1]
(aaaf);112;12:00:42:156;28.89119911193847;66.7081298828125;92.82502746582031;[1]
(cacf);111;12:00:37:965;28.01759910583496;65.83837890625;92.88856506347656;[1]
(aaaf);113;12:00:42:410;28.82879829406738;66.7081298828125;92.82502746582031;[1]
(cacf);112;12:00:38:212;28.07999992370605;65.83837890625;92.76148986816406;[1]
(aaaf);114;12:00:42:663;28.89119911193847;66.7081298828125;92.82502746582031;[1]
(cacf);113;12:00:38:462;28.07999992370605;65.83837890625;92.88856506347656;[1]
(aaaf);115;12:00:42:911;28.89119911193847;66.7081298828125;92.82502746582031;[1]
(cacf);114;12:00:38:711;28.01759910583496;65.83837890625;92.88856506347656;[1]
(aaaf);116;12:00:43:159;28.89119911193847;66.7081298828125;92.82502746582031;[1]
(cacf);115;12:00:38:956;28.01759910583496;65.83837890625;92.76148986816406;[1]
(aaaf);117;12:00:43:408;28.89119911193847;66.7081298828125;92.82502746582031;[1]
(cacf);116;12:00:39:205;28.01759910583496;65.83837890625;92.88856506347656;[1]
(aaaf);118;12:00:43:658;28.89119911193847;66.7081298828125;92.82502746582031;[1]
(cacf);117;12:00:39:458;28.07999992370605;65.83837890625;92.88856506347656;[1]
(aaaf);119;12:00:43:907;28.89119911193847;66.7081298828125;92.82502746582031;[1]
(cacf);118;12:00:39:708;28.07999992370605;65.83837890625;92.76148986816406;[1]
(aaaf);120;12:00:44:157;28.89119911193847;66.7081298828125;92.82502746582031;[1]
(cacf);119;12:00:39:956;28.07999992370605;65.83837890625;92.82502746582031;[1]
(aaaf);121;12:00:44:410;28.89119911193847;66.7081298828125;92.82502746582031;[1]
(cacf);120;12:00:40:205;28.07999992370605;65.83837890625;92.76148986816406;[1]
(aaaf);122;12:00:44:658;28.89119911193847;66.7081298828125;92.76148986816406;[1]
(cacf);121;12:00:40:455;28.01759910583496;65.83837890625;92.88856506347656;[1]
(aaaf);123;12:00:44:907;28.89119911193847;66.7081298828125;92.82502746582031;[1]
(cacf);122;12:00:40:703;28.07999992370605;65.83837890625;92.88856506347656;[1]
(aaaf);124;12:00:45:157;28.82879829406738;66.7081298828125;92.76148986816406;[1]
(cacf);123;12:00:40:952;28.07999992370605;65.83837890625;92.88856506347656;[1]
(aaaf);125;12:00:45:410;28.89119911193847;66.7081298828125;92.82502746582031;[1]
(cacf);124;12:00:41:207;28.07999992370605;65.83837890625;92.76148986816406;[1]
(aaaf);126;12:00:45:658;28.89119911193847;66.6776123046875;92.82502746582031;[1]
(cacf);125;12:00:41:460;28.01759910583496;65.83837890625;92.88856506347656;[1]
(aaaf);127;12:00:45:907;28.89119911193847;66.6776123046875;92.82502746582031;[1]
(cacf);126;12:00:41:709;28.07999992370605;65.83837890625;92.88856506347656;[1]
(aaaf);128;12:00:46:162;28.89119911193847;66.6776123046875;92.82502746582031;[1]
(cacf);127;12:00:41:952;28.01759910583496;65.83837890625;92.95210266113281;[1]
(aaaf);129;12:00:46:412;28.89119911193847;66.6776123046875;92.82502746582031;[1]
(cacf);128;12:00:42:202;28.01759910583496;65.83837890625;92.82502746582031;[1]
(aaaf);130;12:00:46:666;28.89119911193847;66.6776123046875;92.82502746582031;[1]
(cacf);129;12:00:42:456;28.01759910583496;65.868896484375;92.88856506347656;[1]
(aaaf);131;12:00:46:919;28.89119911193847;66.6776123046875;92.82502746582031;[1]
(cacf);130;12:00:42:704;28.07999992370605;65.83837890625;92.82502746582031;[1]
(aaaf);132;12:00:47:173;28.89119911193847;66.6776123046875;92.82502746582031;[1]
(cacf);131;12:00:42:959;28.01759910583496;65.868896484375;92.76148986816406;[1]
(aaaf);133;12:00:47:427;28.89119911193847;66.6776123046875;92.82502746582031;[1]
(cacf);132;12:00:43:212;28.01759910583496;65.868896484375;92.76148986816406;[1]
(aaaf);134;12:00:47:681;28.89119911193847;66.6776123046875;92.76148986816406;[1]
(cacf);133;12:00:43:460;28.07999992370605;65.868896484375;92.88856506347656;[1]
(aaaf);135;12:00:47:940;28.89119911193847;66.6470947265625;92.82502746582031;[1]
(cacf);134;12:00:43:710;28.07999992370605;65.868896484375;92.76148986816406;[1]
(aaaf);136;12:00:48:193;28.89119911193847;66.6470947265625;92.82502746582031;[1]
(cacf);135;12:00:43:958;28.07999992370605;65.868896484375;92.76148986816406;[1]
(aaaf);137;12:00:48:441;28.89119911193847;66.6470947265625;92.82502746582031;[1]
(cacf);136;12:00:44:208;28.07999992370605;65.868896484375;92.88856506347656;[1]
(aaaf);138;12:00:48:691;28.95359992980957;66.6470947265625;92.82502746582031;[1]
(cacf);137;12:00:44:456;28.07999992370605;65.868896484375;93.01564025878906;[1]
(aaaf);139;12:00:48:939;28.89119911193847;66.6470947265625;92.82502746582031;[1]
(cacf);138;12:00:44:710;28.01759910583496;65.868896484375;92.76148986816406;[1]
(aaaf);140;12:00:49:187;28.89119911193847;66.6470947265625;92.82502746582031;[1]
(cacf);139;12:00:44:960;28.07999992370605;65.868896484375;92.63440704345703;[1]
(aaaf);141;12:00:49:436;28.89119911193847;66.6470947265625;92.82502746582031;[1]
(cacf);140;12:00:45:208;28.01759910583496;65.868896484375;92.76148986816406;[1]
(aaaf);142;12:00:49:690;28.95359992980957;66.6470947265625;92.76148986816406;[1]
(cacf);141;12:00:45:458;28.07999992370605;65.868896484375;92.95210266113281;[1]
(aaaf);143;12:00:49:938;28.89119911193847;66.6470947265625;92.82502746582031;[1]
(cacf);142;12:00:45:706;28.01759910583496;65.868896484375;92.76148986816406;[1]
(aaaf);144;12:00:50:187;28.89119911193847;66.6470947265625;92.82502746582031;[1]
(cacf);143;12:00:45:954;28.07999992370605;65.868896484375;92.88856506347656;[1]
(aaaf);145;12:00:50:437;28.95359992980957;66.6470947265625;92.82502746582031;[1]
(cacf);144;12:00:46:203;28.07999992370605;65.868896484375;92.88856506347656;[1]
(aaaf);146;12:00:50:686;28.89119911193847;66.6470947265625;92.82502746582031;[1]
(cacf);145;12:00:46:452;28.07999992370605;65.868896484375;92.88856506347656;[1]
(aaaf);147;12:00:50:935;28.89119911193847;66.6470947265625;92.82502746582031;[1]
(cacf);146;12:00:46:701;28.07999992370605;65.868896484375;92.88856506347656;[1]
(aaaf);148;12:00:51:185;28.95359992980957;66.6470947265625;92.82502746582031;[1]
(cacf);147;12:00:46:950;28.07999992370605;65.868896484375;92.88856506347656;[1]
(aaaf);149;12:00:51:443;28.89119911193847;66.6470947265625;92.82502746582031;[1]
(cacf);148;12:00:47:200;28.07999992370605;65.868896484375;92.95210266113281;[1]
(aaaf);150;12:00:51:696;28.89119911193847;66.6470947265625;92.82502746582031;[1]
(cacf);149;12:00:47:449;28.07999992370605;65.8994140625;92.95210266113281;[1]
(aaaf);151;12:00:51:944;28.95359992980957;66.6470947265625;92.82502746582031;[1]
(cacf);150;12:00:47:697;28.07999992370605;65.8994140625;92.76148986816406;[1]
(aaaf);152;12:00:52:193;28.95359992980957;66.6470947265625;92.76148986816406;[1]
(cacf);151;12:00:47:947;28.07999992370605;65.8994140625;92.76148986816406;[1]
(aaaf);153;12:00:52:442;28.89119911193847;66.6470947265625;92.82502746582031;[1]
(cacf);152;12:00:48:201;28.07999992370605;65.8994140625;92.76148986816406;[1]
(aaaf);154;12:00:52:691;28.95359992980957;66.62420654296875;92.82502746582031;[1]
(cacf);153;12:00:48:449;28.07999992370605;65.8994140625;92.88856506347656;[1]
(aaaf);155;12:00:52:941;28.89119911193847;66.62420654296875;92.82502746582031;[1]
(cacf);154;12:00:48:697;28.07999992370605;65.8994140625;92.88856506347656;[1]
(aaaf);156;12:00:53:194;28.95359992980957;66.62420654296875;92.82502746582031;[1]
(cacf);155;12:00:48:946;28.07999992370605;65.8994140625;92.88856506347656;[1]
(aaaf);157;12:00:53:443;28.89119911193847;66.62420654296875;92.82502746582031;[1]
(cacf);156;12:00:49:195;28.07999992370605;65.8994140625;92.88856506347656;[1]
(aaaf);158;12:00:53:692;28.95359992980957;66.62420654296875;92.76148986816406;[1]
(cacf);157;12:00:49:446;28.07999992370605;65.8994140625;92.88856506347656;[1]
(aaaf);159;12:00:53:941;28.89119911193847;66.62420654296875;92.82502746582031;[1]
(cacf);158;12:00:49:699;28.07999992370605;65.8994140625;92.95210266113281;[1]
(aaaf);160;12:00:54:190;28.89119911193847;66.62420654296875;92.82502746582031;[1]
(cacf);159;12:00:49:953;28.07999992370605;65.929931640625;92.95210266113281;[1]
(aaaf);161;12:00:54:444;28.89119911193847;66.59368896484375;92.82502746582031;[1]
(cacf);160;12:00:50:201;28.07999992370605;65.8994140625;92.95210266113281;[1]
(aaaf);162;12:00:54:692;28.89119911193847;66.59368896484375;92.82502746582031;[1]
(cacf);161;12:00:50:451;28.07999992370605;65.8994140625;92.88856506347656;[1]
(aaaf);163;12:00:54:946;28.89119911193847;66.59368896484375;92.82502746582031;[1]
(cacf);162;12:00:50:699;28.07999992370605;65.8994140625;92.76148986816406;[1]
(aaaf);164;12:00:55:195;28.95359992980957;66.59368896484375;92.82502746582031;[1]
(cacf);163;12:00:50:949;28.07999992370605;65.929931640625;92.88856506347656;[1]
(aaaf);165;12:00:55:444;28.95359992980957;66.59368896484375;92.82502746582031;[1]
(cacf);164;12:00:51:197;28.07999992370605;65.8994140625;92.88856506347656;[1]
(aaaf);166;12:00:55:693;28.95359992980957;66.59368896484375;92.82502746582031;[1]
(cacf);165;12:00:51:446;28.07999992370605;65.8994140625;92.95210266113281;[1]
(aaaf);167;12:00:55:947;28.95359992980957;66.59368896484375;92.82502746582031;[1]
(cacf);166;12:00:51:700;28.07999992370605;65.929931640625;92.82502746582031;[1]
(aaaf);168;12:00:56:195;28.95359992980957;66.59368896484375;92.82502746582031;[1]
(cacf);167;12:00:51:949;28.07999992370605;65.8994140625;93.01564025878906;[1]
(aaaf);169;12:00:56:444;28.89119911193847;66.59368896484375;92.82502746582031;[1]
(cacf);168;12:00:52:196;28.07999992370605;65.90704345703125;92.95210266113281;[1]
(aaaf);170;12:00:56:699;28.89119911193847;66.59368896484375;92.82502746582031;[1]
(cacf);169;12:00:52:450;28.14239883422851;65.868896484375;92.88856506347656;[1]
(aaaf);171;12:00:56:953;28.95359992980957;66.59368896484375;92.82502746582031;[1]
(cacf);170;12:00:52:709;28.07999992370605;65.868896484375;92.95210266113281;[1]
(aaaf);172;12:00:57:206;28.95359992980957;66.59368896484375;92.82502746582031;[1]
(cacf);171;12:00:52:960;28.07999992370605;65.868896484375;92.95210266113281;[1]
(aaaf);172;12:00:57:206;28.95359992980957;66.59368896484375;92.82502746582031;[1]
(cacf);172;12:00:53:214;28.07999992370605;65.868896484375;92.76148986816406;[1]
(aaaf);173;12:00:57:492;28.95359992980957;66.59368896484375;92.82502746582031;[1]
(cacf);173;12:00:53:467;28.07999992370605;65.90704345703125;92.88856506347656;[1]
(aaaf);174;12:00:57:744;28.95359992980957;66.59368896484375;92.82502746582031;[1]
(cacf);174;12:00:53:715;28.07999992370605;65.90704345703125;92.88856506347656;[1]
(aaaf);175;12:00:57:992;28.89119911193847;66.59368896484375;92.82502746582031;[1]
(cacf);175;12:00:53:964;28.07999992370605;65.90704345703125;92.76148986816406;[1]
(aaaf);176;12:00:58:246;28.95359992980957;66.59368896484375;92.82502746582031;[1]
(cacf);176;12:00:54:214;28.07999992370605;65.90704345703125;92.76148986816406;[1]
(aaaf);177;12:00:58:499;28.95359992980957;66.59368896484375;92.82502746582031;[1]
(cacf);177;12:00:54:462;28.07999992370605;65.868896484375;92.76148986816406;[1]
(aaaf);178;12:00:58:750;28.95359992980957;66.59368896484375;92.82502746582031;[1]
(cacf);178;12:00:54:713;28.07999992370605;65.90704345703125;92.82502746582031;[1]
(aaaf);179;12:00:59:3;28.89119911193847;66.56317138671875;92.82502746582031;[1]
(cacf);179;12:00:54:966;28.07999992370605;65.90704345703125;92.82502746582031;[1]
(aaaf);180;12:00:59:257;28.95359992980957;66.56317138671875;92.82502746582031;[1]
(cacf);180;12:00:55:225;28.07999992370605;65.90704345703125;92.82502746582031;[1]
(aaaf);181;12:00:59:505;28.95359992980957;66.56317138671875;92.82502746582031;[1]
(cacf);181;12:00:55:473;28.14239883422851;65.90704345703125;92.88856506347656;[1]
(aaaf);182;12:00:59:753;28.95359992980957;66.56317138671875;92.82502746582031;[1]
(cacf);182;12:00:55:723;28.07999992370605;65.90704345703125;92.82502746582031;[1]
(aaaf);183;12:01:00:7;29.01599884033203;66.56317138671875;92.82502746582031;[1]
(cacf);183;12:00:55:977;28.07999992370605;65.90704345703125;92.76148986816406;[1]
(aaaf);184;12:01:00:256;28.95359992980957;66.56317138671875;92.82502746582031;[1]
(cacf);184;12:00:56:231;28.07999992370605;65.90704345703125;92.95210266113281;[1]
(aaaf);185;12:01:00:506;28.95359992980957;66.56317138671875;92.82502746582031;[1]
(cacf);185;12:00:56:479;28.07999992370605;65.90704345703125;92.76148986816406;[1]
(aaaf);186;12:01:00:760;28.95359992980957;66.53265380859375;92.82502746582031;[1]
(cacf);186;12:00:56:727;28.07999992370605;65.87652587890625;92.76148986816406;[1]
(aaaf);187;12:01:01:14;28.95359992980957;66.53265380859375;92.82502746582031;[1]
(cacf);187;12:00:56:981;28.07999992370605;65.87652587890625;92.88856506347656;[1]
(aaaf);188;12:01:01:262;28.95359992980957;66.53265380859375;92.76148986816406;[1]
(cacf);188;12:00:57:231;28.07999992370605;65.83837890625;92.88856506347656;[1]
(aaaf);189;12:01:01:510;28.95359992980957;66.53265380859375;92.82502746582031;[1]
(cacf);189;12:00:57:479;28.07999992370605;65.87652587890625;92.82502746582031;[1]
(aaaf);190;12:01:01:764;28.95359992980957;66.53265380859375;92.82502746582031;[1]
(cacf);190;12:00:57:729;28.07999992370605;65.87652587890625;92.95210266113281;[1]
(aaaf);191;12:01:02:14;28.95359992980957;66.53265380859375;92.82502746582031;[1]
(cacf);191;12:00:57:977;28.07999992370605;65.87652587890625;93.07917785644531;[1]
(aaaf);192;12:01:02:263;28.95359992980957;66.53265380859375;92.82502746582031;[1]
(cacf);192;12:00:58:226;28.07999992370605;65.87652587890625;92.88856506347656;[1]
(aaaf);193;12:01:02:511;28.95359992980957;66.53265380859375;92.82502746582031;[1]
(cacf);193;12:00:58:474;28.07999992370605;65.87652587890625;92.76148986816406;[1]
(aaaf);194;12:01:02:761;29.01599884033203;66.53265380859375;92.82502746582031;[1]
(cacf);194;12:00:58:729;28.07999992370605;65.87652587890625;92.88856506347656;[1]
(aaaf);195;12:01:03:9;29.01599884033203;66.53265380859375;92.82502746582031;[1]
(cacf);195;12:00:58:979;28.07999992370605;65.87652587890625;92.88856506347656;[1]
(aaaf);196;12:01:03:257;28.95359992980957;66.53265380859375;92.95210266113281;[1]
(cacf);196;12:00:59:233;28.07999992370605;65.87652587890625;92.88856506347656;[1]
(aaaf);197;12:01:03:512;28.95359992980957;66.50213623046875;92.82502746582031;[1]
(cacf);197;12:00:59:481;28.07999992370605;65.87652587890625;92.88856506347656;[1]
(aaaf);198;12:01:03:761;28.95359992980957;66.50213623046875;92.82502746582031;[1]
(cacf);198;12:00:59:728;28.07999992370605;65.87652587890625;92.95210266113281;[1]
(aaaf);199;12:01:04:15;28.95359992980957;66.50213623046875;92.82502746582031;[1]
(cacf);199;12:00:59:977;28.07999992370605;65.87652587890625;92.95210266113281;[1]
(aaaf);200;12:01:04:269;28.95359992980957;66.50213623046875;92.82502746582031;[1]
(cacf);200;12:01:00:226;28.07999992370605;65.87652587890625;92.82502746582031;[1]
(aaaf);201;12:01:04:523;28.95359992980957;66.50213623046875;92.82502746582031;[0]
