(aaaf);1;12:00:03:59;28.26719856262207;72.60565185546875;92.88856506347656;[1]
(aaaf);1;12:00:03:59;28.26719856262207;72.60565185546875;92.88856506347656;[1]
(aaaf);1;12:00:08:912;28.32959938049316;72.74298095703125;92.95210266113281;[1]
(aaaf);1;12:00:08:912;28.32959938049316;72.74298095703125;92.95210266113281;[1]
(aaaf);1;12:00:09:240;28.32959938049316;72.74298095703125;92.88856506347656;[1]
(aaaf);1;12:00:09:240;28.32959938049316;72.74298095703125;92.88856506347656;[1]
(aaaf);1;12:00:09:566;28.26719856262207;72.74298095703125;92.82502746582031;[1]
(aaaf);1;12:00:09:566;28.26719856262207;72.74298095703125;92.82502746582031;[1]
(aaaf);1;12:00:09:894;28.32959938049316;72.80401611328125;92.82502746582031;[1]
(aaaf);1;12:00:09:894;28.32959938049316;72.80401611328125;92.82502746582031;[1]
(aaaf);1;12:00:10:222;28.32959938049316;72.80401611328125;92.69794464111328;[1]
(aaaf);1;12:00:10:222;28.32959938049316;72.80401611328125;92.69794464111328;[1]
(aaaf);1;12:00:10:550;28.32959938049316;72.80401611328125;92.82502746582031;[1]
(aaaf);1;12:00:10:550;28.32959938049316;72.80401611328125;92.82502746582031;[1]
(aaaf);1;12:00:10:878;28.32959938049316;72.826904296875;92.82502746582031;[1]
(aaaf);1;12:00:10:878;28.32959938049316;72.826904296875;92.82502746582031;[1]
(aaaf);1;12:00:11:206;28.32959938049316;72.826904296875;92.82502746582031;[1]
(aaaf);1;12:00:11:206;28.32959938049316;72.826904296875;92.82502746582031;[1]
(aaaf);1;12:00:11:534;28.32959938049316;72.826904296875;92.95210266113281;[1]
(aaaf);1;12:00:11:534;28.32959938049316;72.826904296875;92.95210266113281;[1]
(aaaf);1;12:00:11:861;28.32959938049316;72.826904296875;92.82502746582031;[1]
(aaaf);1;12:00:11:861;28.32959938049316;72.826904296875;92.82502746582031;[1]
(aaaf);1;12:00:12:188;28.32959938049316;72.826904296875;92.69794464111328;[1]
(aaaf);1;12:00:12:188;28.32959938049316;72.826904296875;92.69794464111328;[1]
(aaaf);1;12:00:12:516;28.32959938049316;72.826904296875;92.82502746582031;[1]
(aaaf);1;12:00:12:516;28.32959938049316;72.826904296875;92.82502746582031;[1]
(aaaf);1;12:00:12:844;28.32959938049316;72.826904296875;92.82502746582031;[1]
(aaaf);1;12:00:12:844;28.32959938049316;72.826904296875;92.82502746582031;[1]
(aaaf);1;12:00:13:172;28.32959938049316;72.826904296875;92.82502746582031;[1]
(aaaf);1;12:00:13:172;28.32959938049316;72.826904296875;92.82502746582031;[1]
(aaaf);1;12:00:13:500;28.32959938049316;72.857421875;92.82502746582031;[1]
(aaaf);1;12:00:13:500;28.32959938049316;72.857421875;92.82502746582031;[1]
(aaaf);1;12:00:13:826;28.32959938049316;72.857421875;92.82502746582031;[1]
(aaaf);1;12:00:13:826;28.32959938049316;72.857421875;92.82502746582031;[1]
(aaaf);1;12:00:14:154;28.32959938049316;72.826904296875;92.82502746582031;[1]
(aaaf);1;12:00:14:154;28.32959938049316;72.826904296875;92.82502746582031;[1]
(aaaf);1;12:00:14:482;28.32959938049316;72.857421875;92.82502746582031;[1]
(aaaf);1;12:00:14:482;28.32959938049316;72.857421875;92.82502746582031;[1]
(aaaf);1;12:00:14:809;28.32959938049316;72.857421875;92.82502746582031;[1]
(aaaf);1;12:00:14:809;28.32959938049316;72.857421875;92.82502746582031;[1]
(aaaf);1;12:00:15:137;28.32959938049316;72.826904296875;92.82502746582031;[1]
(aaaf);1;12:00:15:137;28.32959938049316;72.826904296875;92.82502746582031;[1]
(aaaf);1;12:00:15:465;28.26719856262207;72.826904296875;92.82502746582031;[1]
(aaaf);1;12:00:15:465;28.26719856262207;72.826904296875;92.82502746582031;[1]
(aaaf);1;12:00:15:791;28.26719856262207;72.826904296875;92.82502746582031;[1]
(aaaf);1;12:00:15:791;28.26719856262207;72.826904296875;92.82502746582031;[1]
(aaaf);1;12:00:16:119;28.32959938049316;72.826904296875;92.82502746582031;[1]
(aaaf);1;12:00:16:119;28.32959938049316;72.826904296875;92.82502746582031;[1]
(aaaf);1;12:00:16:447;28.26719856262207;72.826904296875;92.82502746582031;[1]
(aaaf);1;12:00:16:447;28.26719856262207;72.826904296875;92.82502746582031;[1]
(aaaf);1;12:00:16:775;28.32959938049316;72.826904296875;92.69794464111328;[1]
(aaaf);1;12:00:16:775;28.32959938049316;72.826904296875;92.69794464111328;[1]
(aaaf);1;12:00:17:103;28.32959938049316;72.826904296875;92.69794464111328;[1]
(aaaf);1;12:00:17:103;28.32959938049316;72.826904296875;92.69794464111328;[1]
(aaaf);1;12:00:17:429;28.26719856262207;72.826904296875;92.76148986816406;[1]
(aaaf);1;12:00:17:429;28.26719856262207;72.826904296875;92.76148986816406;[1]
(aaaf);1;12:00:17:757;28.32959938049316;72.826904296875;92.82502746582031;[1]
(aaaf);1;12:00:17:757;28.32959938049316;72.826904296875;92.82502746582031;[1]
(aaaf);1;12:00:18:85;28.32959938049316;72.826904296875;92.69794464111328;[1]
(aaaf);1;12:00:18:85;28.32959938049316;72.826904296875;92.69794464111328;[1]
(aaaf);1;12:00:18:412;28.32959938049316;72.826904296875;92.69794464111328;[1]
(aaaf);1;12:00:18:412;28.32959938049316;72.826904296875;92.69794464111328;[1]
(aaaf);1;12:00:18:740;28.26719856262207;72.826904296875;92.95210266113281;[1]
(aaaf);1;12:00:18:740;28.26719856262207;72.826904296875;92.95210266113281;[1]
(aaaf);1;12:00:19:68;28.26719856262207;72.826904296875;92.82502746582031;[1]
(aaaf);1;12:00:19:68;28.26719856262207;72.826904296875;92.82502746582031;[1]
(aaaf);1;12:00:19:395;28.26719856262207;72.826904296875;92.82502746582031;[1]
(aaaf);1;12:00:19:395;28.26719856262207;72.826904296875;92.82502746582031;[1]
(aaaf);1;12:00:19:723;28.32959938049316;72.826904296875;92.82502746582031;[1]
(aaaf);1;12:00:19:723;28.32959938049316;72.826904296875;92.82502746582031;[1]
(aaaf);1;12:00:20:49;28.26719856262207;72.826904296875;92.95210266113281;[1]
(aaaf);1;12:00:20:49;28.26719856262207;72.826904296875;92.95210266113281;[1]
(aaaf);1;12:00:20:377;28.26719856262207;72.826904296875;92.82502746582031;[1]
(aaaf);1;12:00:20:377;28.26719856262207;72.826904296875;92.82502746582031;[1]
(aaaf);1;12:00:20:705;28.26719856262207;72.826904296875;92.82502746582031;[1]
(aaaf);1;12:00:20:705;28.26719856262207;72.826904296875;92.82502746582031;[1]
(aaaf);1;12:00:21:33;28.32959938049316;72.826904296875;92.82502746582031;[1]
(aaaf);1;12:00:21:33;28.32959938049316;72.826904296875;92.82502746582031;[1]
(aaaf);1;12:00:21:360;28.26719856262207;72.80401611328125;92.82502746582031;[1]
(aaaf);1;12:00:21:360;28.26719856262207;72.80401611328125;92.82502746582031;[1]
(aaaf);1;12:00:21:688;28.32959938049316;72.80401611328125;92.69794464111328;[1]
(aaaf);1;12:00:21:688;28.32959938049316;72.80401611328125;92.69794464111328;[1]
(aaaf);1;12:00:22:16;28.26719856262207;72.80401611328125;92.82502746582031;[1]
(aaaf);1;12:00:22:16;28.26719856262207;72.80401611328125;92.82502746582031;[1]
(aaaf);1;12:00:22:344;28.32959938049316;72.80401611328125;92.82502746582031;[1]
(aaaf);1;12:00:22:344;28.32959938049316;72.80401611328125;92.82502746582031;[1]
(aaaf);1;12:00:22:672;28.32959938049316;72.80401611328125;92.69794464111328;[1]
(aaaf);1;12:00:22:672;28.32959938049316;72.80401611328125;92.69794464111328;[1]
(aaaf);1;12:00:23:0;28.32959938049316;72.80401611328125;92.82502746582031;[1]
(aaaf);1;12:00:23:0;28.32959938049316;72.80401611328125;92.82502746582031;[1]
(aaaf);1;12:00:23:328;28.32959938049316;72.80401611328125;92.82502746582031;[1]
(aaaf);1;12:00:23:328;28.32959938049316;72.80401611328125;92.82502746582031;[1]
(aaaf);1;12:00:23:656;28.32959938049316;72.80401611328125;92.95210266113281;[1]
(aaaf);1;12:00:23:656;28.32959938049316;72.80401611328125;92.95210266113281;[1]
(aaaf);1;12:00:23:985;28.32959938049316;72.80401611328125;92.82502746582031;[1]
(aaaf);1;12:00:23:985;28.32959938049316;72.80401611328125;92.82502746582031;[1]
(aaaf);1;12:00:24:312;28.32959938049316;72.80401611328125;92.76148986816406;[1]
(aaaf);1;12:00:24:312;28.32959938049316;72.80401611328125;92.76148986816406;[1]
(aaaf);1;12:00:24:640;28.32959938049316;72.74298095703125;92.82502746582031;[1]
(aaaf);1;12:00:24:640;28.32959938049316;72.74298095703125;92.82502746582031;[1]
(aaaf);1;12:00:24:968;28.32959938049316;72.74298095703125;92.82502746582031;[1]
(aaaf);1;12:00:24:968;28.32959938049316;72.74298095703125;92.82502746582031;[1]
(aaaf);1;12:00:25:296;28.32959938049316;72.74298095703125;92.82502746582031;[1]
(aaaf);1;12:00:25:296;28.32959938049316;72.74298095703125;92.82502746582031;[1]
(aaaf);1;12:00:25:624;28.26719856262207;72.74298095703125;92.82502746582031;[1]
(aaaf);1;12:00:25:624;28.26719856262207;72.74298095703125;92.82502746582031;[1]
(aaaf);1;12:00:25:952;28.32959938049316;72.74298095703125;92.82502746582031;[1]
(aaaf);1;12:00:25:952;28.32959938049316;72.74298095703125;92.82502746582031;[1]
(aaaf);1;12:00:26:281;28.32959938049316;72.74298095703125;92.82502746582031;[1]
(aaaf);1;12:00:26:281;28.32959938049316;72.74298095703125;92.82502746582031;[1]
(aaaf);1;12:00:26:607;28.32959938049316;72.74298095703125;92.82502746582031;[1]
(aaaf);1;12:00:26:607;28.32959938049316;72.74298095703125;92.82502746582031;[1]
(aaaf);1;12:00:26:935;28.32959938049316;72.74298095703125;92.76148986816406;[1]
(aaaf);1;12:00:26:935;28.32959938049316;72.74298095703125;92.76148986816406;[1]
(aaaf);1;12:00:27:262;28.32959938049316;72.74298095703125;92.82502746582031;[1]
(aaaf);1;12:00:27:262;28.32959938049316;72.74298095703125;92.82502746582031;[1]
(aaaf);1;12:00:27:591;28.26719856262207;72.74298095703125;92.82502746582031;[1]
(aaaf);1;12:00:27:591;28.26719856262207;72.74298095703125;92.82502746582031;[1]
(aaaf);1;12:00:27:919;28.32959938049316;72.74298095703125;92.82502746582031;[1]
(aaaf);1;12:00:27:919;28.32959938049316;72.74298095703125;92.82502746582031;[1]
(aaaf);1;12:00:28:247;28.32959938049316;72.74298095703125;92.82502746582031;[1]
(aaaf);1;12:00:28:247;28.32959938049316;72.74298095703125;92.82502746582031;[1]
(aaaf);1;12:00:28:575;28.32959938049316;72.74298095703125;92.69794464111328;[1]
(aaaf);1;12:00:28:575;28.32959938049316;72.74298095703125;92.69794464111328;[1]
(aaaf);1;12:00:28:903;28.32959938049316;72.74298095703125;92.82502746582031;[1]
(aaaf);1;12:00:28:903;28.32959938049316;72.74298095703125;92.82502746582031;[1]
(aaaf);1;12:00:29:231;28.32959938049316;72.74298095703125;92.82502746582031;[1]
(aaaf);1;12:00:29:231;28.32959938049316;72.74298095703125;92.82502746582031;[1]
(aaaf);1;12:00:29:559;28.32959938049316;72.74298095703125;92.95210266113281;[1]
(aaaf);1;12:00:29:559;28.32959938049316;72.74298095703125;92.95210266113281;[1]
(aaaf);1;12:00:29:887;28.32959938049316;72.74298095703125;92.95210266113281;[1]
(aaaf);1;12:00:29:887;28.32959938049316;72.74298095703125;92.95210266113281;[1]
(aaaf);1;12:00:30:215;28.32959938049316;72.74298095703125;92.95210266113281;[1]
(aaaf);1;12:00:30:215;28.32959938049316;72.74298095703125;92.95210266113281;[1]
(aaaf);1;12:00:30:543;28.32959938049316;72.74298095703125;92.82502746582031;[1]
(aaaf);1;12:00:30:543;28.32959938049316;72.74298095703125;92.82502746582031;[1]
(aaaf);1;12:00:30:871;28.32959938049316;72.74298095703125;92.82502746582031;[1]
(aaaf);1;12:00:30:871;28.32959938049316;72.74298095703125;92.82502746582031;[1]
(aaaf);1;12:00:31:200;28.32959938049316;72.74298095703125;92.88856506347656;[1]
(aaaf);1;12:00:31:200;28.32959938049316;72.74298095703125;92.88856506347656;[1]
(aaaf);1;12:00:31:528;28.32959938049316;72.74298095703125;92.82502746582031;[1]
(aaaf);1;12:00:31:528;28.32959938049316;72.74298095703125;92.82502746582031;[1]
(aaaf);1;12:00:31:856;28.32959938049316;72.74298095703125;92.69794464111328;[1]
(aaaf);1;12:00:31:856;28.32959938049316;72.74298095703125;92.69794464111328;[1]
(aaaf);1;12:00:32:184;28.32959938049316;72.74298095703125;92.82502746582031;[1]
(aaaf);1;12:00:32:184;28.32959938049316;72.74298095703125;92.82502746582031;[1]
(aaaf);1;12:00:32:512;28.32959938049316;72.74298095703125;92.88856506347656;[1]
(aaaf);1;12:00:32:512;28.32959938049316;72.74298095703125;92.88856506347656;[1]
(aaaf);1;12:00:32:840;28.32959938049316;72.74298095703125;92.82502746582031;[1]
(aaaf);1;12:00:32:840;28.32959938049316;72.74298095703125;92.82502746582031;[1]
(aaaf);1;12:00:33:168;28.32959938049316;72.71246337890625;92.95210266113281;[1]
(aaaf);1;12:00:33:168;28.32959938049316;72.71246337890625;92.95210266113281;[1]
(aaaf);1;12:00:33:496;28.32959938049316;72.71246337890625;92.82502746582031;[1]
(aaaf);1;12:00:33:496;28.32959938049316;72.71246337890625;92.82502746582031;[1]
(aaaf);1;12:00:33:822;28.32959938049316;72.71246337890625;92.82502746582031;[1]
(aaaf);1;12:00:33:822;28.32959938049316;72.71246337890625;92.82502746582031;[1]
(aaaf);1;12:00:34:150;28.32959938049316;72.71246337890625;92.69794464111328;[1]
(aaaf);1;12:00:34:150;28.32959938049316;72.71246337890625;92.69794464111328;[1]
(aaaf);1;12:00:34:478;28.32959938049316;72.71246337890625;92.82502746582031;[1]
(aaaf);1;12:00:34:478;28.32959938049316;72.71246337890625;92.82502746582031;[1]
(aaaf);1;12:00:34:806;28.32959938049316;72.71246337890625;92.95210266113281;[1]
(aaaf);1;12:00:34:806;28.32959938049316;72.71246337890625;92.95210266113281;[1]
(aaaf);1;12:00:35:134;28.32959938049316;72.71246337890625;92.82502746582031;[1]
(aaaf);1;12:00:35:134;28.32959938049316;72.71246337890625;92.82502746582031;[1]
(aaaf);1;12:00:35:462;28.32959938049316;72.71246337890625;92.82502746582031;[1]
(aaaf);1;12:00:35:462;28.32959938049316;72.71246337890625;92.82502746582031;[1]
(aaaf);1;12:00:35:790;28.32959938049316;72.71246337890625;92.82502746582031;[1]
(aaaf);1;12:00:35:790;28.32959938049316;72.71246337890625;92.82502746582031;[1]
(aaaf);1;12:00:36:118;28.39199829101562;72.71246337890625;92.82502746582031;[1]
(aaaf);1;12:00:36:118;28.39199829101562;72.71246337890625;92.82502746582031;[1]
(aaaf);1;12:00:36:446;28.32959938049316;72.71246337890625;92.82502746582031;[1]
(aaaf);1;12:00:36:446;28.32959938049316;72.71246337890625;92.82502746582031;[1]
(aaaf);1;12:00:36:774;28.32959938049316;72.71246337890625;92.82502746582031;[1]
(aaaf);1;12:00:36:774;28.32959938049316;72.71246337890625;92.82502746582031;[1]
(aaaf);1;12:00:37:102;28.32959938049316;72.71246337890625;93.14271545410156;[1]
(aaaf);1;12:00:37:102;28.32959938049316;72.71246337890625;93.14271545410156;[1]
(aaaf);1;12:00:37:430;28.32959938049316;72.71246337890625;92.82502746582031;[1]
(aaaf);1;12:00:37:430;28.32959938049316;72.71246337890625;92.82502746582031;[1]
(aaaf);1;12:00:37:758;28.32959938049316;72.71246337890625;92.82502746582031;[1]
(aaaf);1;12:00:37:758;28.32959938049316;72.71246337890625;92.82502746582031;[1]
(aaaf);1;12:00:38:86;28.32959938049316;72.71246337890625;92.69794464111328;[1]
(aaaf);1;12:00:38:86;28.32959938049316;72.71246337890625;92.69794464111328;[1]
(aaaf);1;12:00:38:414;28.32959938049316;72.71246337890625;92.82502746582031;[1]
(aaaf);1;12:00:38:414;28.32959938049316;72.71246337890625;92.82502746582031;[1]
(aaaf);1;12:00:38:742;28.32959938049316;72.71246337890625;92.82502746582031;[1]
(aaaf);1;12:00:38:742;28.32959938049316;72.71246337890625;92.82502746582031;[1]
(aaaf);1;12:00:39:70;28.32959938049316;72.71246337890625;92.95210266113281;[1]
(aaaf);1;12:00:39:70;28.32959938049316;72.71246337890625;92.95210266113281;[1]
(aaaf);1;12:00:39:398;28.39199829101562;72.6895751953125;92.82502746582031;[1]
(aaaf);1;12:00:39:398;28.39199829101562;72.6895751953125;92.82502746582031;[1]
(aaaf);1;12:00:39:726;28.32959938049316;72.6895751953125;92.82502746582031;[1]
(aaaf);1;12:00:39:726;28.32959938049316;72.6895751953125;92.82502746582031;[1]
(aaaf);1;12:00:40:54;28.39199829101562;72.6895751953125;92.82502746582031;[1]
(aaaf);1;12:00:40:54;28.39199829101562;72.6895751953125;92.82502746582031;[1]
(aaaf);1;12:00:40:380;28.39199829101562;72.6895751953125;92.82502746582031;[1]
(aaaf);1;12:00:40:380;28.39199829101562;72.6895751953125;92.82502746582031;[1]
(aaaf);1;12:00:40:708;28.39199829101562;72.6895751953125;92.82502746582031;[1]
(aaaf);1;12:00:40:708;28.39199829101562;72.6895751953125;92.82502746582031;[1]
(aaaf);1;12:00:41:36;28.39199829101562;72.6895751953125;92.82502746582031;[1]
(aaaf);1;12:00:41:36;28.39199829101562;72.6895751953125;92.82502746582031;[1]
(aaaf);1;12:00:41:364;28.39199829101562;72.6895751953125;92.82502746582031;[1]
(aaaf);1;12:00:41:364;28.39199829101562;72.6895751953125;92.82502746582031;[1]
(aaaf);1;12:00:41:690;28.32959938049316;72.6895751953125;92.82502746582031;[1]
(aaaf);1;12:00:41:690;28.32959938049316;72.6895751953125;92.82502746582031;[1]
(aaaf);1;12:00:42:18;28.32959938049316;72.6895751953125;92.69794464111328;[1]
(aaaf);1;12:00:42:18;28.32959938049316;72.6895751953125;92.69794464111328;[1]
(aaaf);1;12:00:42:346;28.32959938049316;72.6895751953125;92.69794464111328;[1]
(aaaf);1;12:00:42:346;28.32959938049316;72.6895751953125;92.69794464111328;[1]
(aaaf);1;12:00:42:674;28.39199829101562;72.6895751953125;92.82502746582031;[1]
(aaaf);1;12:00:42:674;28.39199829101562;72.6895751953125;92.82502746582031;[1]
(aaaf);1;12:00:43:2;28.39199829101562;72.6895751953125;92.82502746582031;[1]
(aaaf);1;12:00:43:2;28.39199829101562;72.6895751953125;92.82502746582031;[1]
(aaaf);1;12:00:43:330;28.32959938049316;72.6895751953125;92.82502746582031;[1]
(aaaf);1;12:00:43:330;28.32959938049316;72.6895751953125;92.82502746582031;[1]
(aaaf);1;12:00:43:656;28.32959938049316;72.6895751953125;92.95210266113281;[1]
(aaaf);1;12:00:43:656;28.32959938049316;72.6895751953125;92.95210266113281;[1]
(aaaf);1;12:00:43:984;28.39199829101562;72.6895751953125;92.82502746582031;[1]
(aaaf);1;12:00:43:984;28.39199829101562;72.6895751953125;92.82502746582031;[1]
(aaaf);1;12:00:44:312;28.39199829101562;72.6895751953125;92.82502746582031;[1]
(aaaf);1;12:00:44:312;28.39199829101562;72.6895751953125;92.82502746582031;[1]
(aaaf);1;12:00:44:640;28.39199829101562;72.6590576171875;92.82502746582031;[1]
(aaaf);1;12:00:44:640;28.39199829101562;72.6590576171875;92.82502746582031;[1]
(aaaf);1;12:00:44:968;28.32959938049316;72.6895751953125;92.82502746582031;[1]
(aaaf);1;12:00:44:968;28.32959938049316;72.6895751953125;92.82502746582031;[1]
(aaaf);1;12:00:45:294;28.32959938049316;72.6590576171875;92.88856506347656;[1]
(aaaf);1;12:00:45:294;28.32959938049316;72.6590576171875;92.88856506347656;[1]
(aaaf);1;12:00:45:622;28.39199829101562;72.6590576171875;92.82502746582031;[1]
(aaaf);1;12:00:45:622;28.39199829101562;72.6590576171875;92.82502746582031;[1]
(aaaf);1;12:00:45:950;28.32959938049316;72.6590576171875;92.88856506347656;[1]
(aaaf);1;12:00:45:950;28.32959938049316;72.6590576171875;92.88856506347656;[1]
(aaaf);1;12:00:46:279;28.39199829101562;72.6590576171875;92.82502746582031;[1]
(aaaf);1;12:00:46:279;28.39199829101562;72.6590576171875;92.82502746582031;[1]
(aaaf);1;12:00:46:607;28.32959938049316;72.6590576171875;92.82502746582031;[1]
(aaaf);1;12:00:46:607;28.32959938049316;72.6590576171875;92.82502746582031;[1]
(aaaf);1;12:00:46:934;28.39199829101562;72.6590576171875;92.69794464111328;[1]
(aaaf);1;12:00:46:934;28.39199829101562;72.6590576171875;92.69794464111328;[1]
(aaaf);1;12:00:47:262;28.39199829101562;72.6590576171875;92.69794464111328;[1]
(aaaf);1;12:00:47:262;28.39199829101562;72.6590576171875;92.69794464111328;[1]
(aaaf);1;12:00:47:590;28.39199829101562;72.6590576171875;92.88856506347656;[1]
(aaaf);1;12:00:47:590;28.39199829101562;72.6590576171875;92.88856506347656;[1]
(aaaf);1;12:00:47:918;28.32959938049316;72.6590576171875;92.88856506347656;[1]
(aaaf);1;12:00:47:918;28.32959938049316;72.6590576171875;92.88856506347656;[1]
(aaaf);1;12:00:48:246;28.39199829101562;72.6285400390625;92.82502746582031;[1]
(aaaf);1;12:00:48:246;28.39199829101562;72.6285400390625;92.82502746582031;[1]
(aaaf);1;12:00:48:574;28.39199829101562;72.6285400390625;92.69794464111328;[1]
(aaaf);1;12:00:48:574;28.39199829101562;72.6285400390625;92.69794464111328;[1]
(aaaf);1;12:00:48:902;28.39199829101562;72.6285400390625;92.95210266113281;[1]
(aaaf);1;12:00:48:902;28.39199829101562;72.6285400390625;92.95210266113281;[1]
(aaaf);1;12:00:49:231;28.39199829101562;72.6285400390625;92.82502746582031;[1]
(aaaf);1;12:00:49:231;28.39199829101562;72.6285400390625;92.82502746582031;[1]
(aaaf);1;12:00:49:558;28.39199829101562;72.6285400390625;92.82502746582031;[1]
(aaaf);1;12:00:49:558;28.39199829101562;72.6285400390625;92.82502746582031;[1]
(aaaf);1;12:00:49:886;28.39199829101562;72.6285400390625;92.76148986816406;[1]
(aaaf);1;12:00:49:886;28.39199829101562;72.6285400390625;92.76148986816406;[1]
(aaaf);1;12:00:50:214;28.32959938049316;72.6285400390625;92.82502746582031;[1]
(aaaf);1;12:00:50:214;28.32959938049316;72.6285400390625;92.82502746582031;[1]
(aaaf);1;12:00:50:542;28.39199829101562;72.6285400390625;92.82502746582031;[1]
(aaaf);1;12:00:50:542;28.39199829101562;72.6285400390625;92.82502746582031;[1]
(aaaf);1;12:00:50:869;28.39199829101562;72.6285400390625;92.82502746582031;[1]
(aaaf);1;12:00:50:869;28.39199829101562;72.6285400390625;92.82502746582031;[1]
(aaaf);1;12:00:51:197;28.39199829101562;72.6285400390625;92.82502746582031;[1]
(aaaf);1;12:00:51:197;28.39199829101562;72.6285400390625;92.82502746582031;[1]
(aaaf);1;12:00:51:525;28.39199829101562;72.6285400390625;92.95210266113281;[1]
(aaaf);1;12:00:51:525;28.39199829101562;72.6285400390625;92.95210266113281;[1]
(aaaf);1;12:00:51:853;28.39199829101562;72.60565185546875;92.82502746582031;[1]
(aaaf);1;12:00:51:853;28.39199829101562;72.60565185546875;92.82502746582031;[1]
(aaaf);1;12:00:52:181;28.39199829101562;72.60565185546875;92.82502746582031;[1]
(aaaf);1;12:00:52:181;28.39199829101562;72.60565185546875;92.82502746582031;[1]
(aaaf);1;12:00:52:509;28.39199829101562;72.60565185546875;93.07917785644531;[1]
(aaaf);1;12:00:52:509;28.39199829101562;72.60565185546875;93.07917785644531;[1]
(aaaf);1;12:00:52:834;28.32959938049316;72.60565185546875;92.82502746582031;[1]
(aaaf);1;12:00:52:834;28.32959938049316;72.60565185546875;92.82502746582031;[1]
(aaaf);1;12:00:53:163;28.39199829101562;72.60565185546875;92.69794464111328;[1]
(aaaf);1;12:00:53:163;28.39199829101562;72.60565185546875;92.69794464111328;[1]
(aaaf);1;12:00:53:491;28.39199829101562;72.60565185546875;92.82502746582031;[1]
(aaaf);1;12:00:53:491;28.39199829101562;72.60565185546875;92.82502746582031;[1]
(aaaf);1;12:00:53:819;28.39199829101562;72.60565185546875;92.69794464111328;[1]
(aaaf);1;12:00:53:819;28.39199829101562;72.60565185546875;92.69794464111328;[1]
(aaaf);1;12:00:54:147;28.39199829101562;72.60565185546875;92.82502746582031;[1]
(aaaf);1;12:00:54:147;28.39199829101562;72.60565185546875;92.82502746582031;[1]
(aaaf);1;12:00:54:475;28.39199829101562;72.60565185546875;92.69794464111328;[1]
(aaaf);1;12:00:54:475;28.39199829101562;72.60565185546875;92.69794464111328;[1]
(aaaf);1;12:00:54:803;28.39199829101562;72.60565185546875;92.82502746582031;[1]
(aaaf);1;12:00:54:803;28.39199829101562;72.60565185546875;92.82502746582031;[1]
(aaaf);1;12:00:55:131;28.39199829101562;72.60565185546875;92.82502746582031;[1]
(aaaf);1;12:00:55:131;28.39199829101562;72.60565185546875;92.82502746582031;[1]
(aaaf);1;12:00:55:459;28.45439910888671;72.57513427734375;92.82502746582031;[1]
(aaaf);1;12:00:55:459;28.45439910888671;72.57513427734375;92.82502746582031;[1]
(aaaf);1;12:00:55:787;28.39199829101562;72.57513427734375;92.82502746582031;[1]
(aaaf);1;12:00:55:787;28.39199829101562;72.57513427734375;92.82502746582031;[1]
(aaaf);1;12:00:56:115;28.39199829101562;72.57513427734375;92.82502746582031;[1]
(aaaf);1;12:00:56:115;28.39199829101562;72.57513427734375;92.82502746582031;[1]
(aaaf);1;12:00:56:443;28.45439910888671;72.57513427734375;92.82502746582031;[1]
(aaaf);1;12:00:56:443;28.45439910888671;72.57513427734375;92.82502746582031;[1]
(aaaf);1;12:00:56:771;28.39199829101562;72.57513427734375;92.69794464111328;[1]
(aaaf);1;12:00:56:771;28.39199829101562;72.57513427734375;92.69794464111328;[1]
(aaaf);1;12:00:57:99;28.39199829101562;72.57513427734375;92.82502746582031;[1]
(aaaf);1;12:00:57:99;28.39199829101562;72.57513427734375;92.82502746582031;[1]
(aaaf);1;12:00:57:425;28.45439910888671;72.57513427734375;92.76148986816406;[1]
(aaaf);1;12:00:57:425;28.45439910888671;72.57513427734375;92.76148986816406;[1]
(aaaf);1;12:00:57:753;28.45439910888671;72.57513427734375;92.88856506347656;[1]
(aaaf);1;12:00:57:753;28.45439910888671;72.57513427734375;92.88856506347656;[1]
(aaaf);1;12:00:58:81;28.39199829101562;72.57513427734375;92.82502746582031;[1]
(aaaf);1;12:00:58:81;28.39199829101562;72.57513427734375;92.82502746582031;[1]
(aaaf);1;12:00:58:409;28.39199829101562;72.57513427734375;92.82502746582031;[1]
(aaaf);1;12:00:58:409;28.39199829101562;72.57513427734375;92.82502746582031;[1]
(aaaf);1;12:00:58:737;28.45439910888671;72.57513427734375;92.76148986816406;[1]
(aaaf);1;12:00:58:737;28.45439910888671;72.57513427734375;92.76148986816406;[1]
(aaaf);1;12:00:59:65;28.45439910888671;72.57513427734375;92.88856506347656;[1]
(aaaf);1;12:00:59:65;28.45439910888671;72.57513427734375;92.88856506347656;[1]
(aaaf);1;12:00:59:393;28.45439910888671;72.54461669921875;92.88856506347656;[1]
(aaaf);1;12:00:59:393;28.45439910888671;72.54461669921875;92.88856506347656;[1]
(aaaf);1;12:00:59:721;28.39199829101562;72.54461669921875;92.82502746582031;[1]
(aaaf);1;12:00:59:721;28.39199829101562;72.54461669921875;92.82502746582031;[1]
(aaaf);1;12:01:00:49;28.45439910888671;72.54461669921875;92.82502746582031;[1]
(aaaf);1;12:01:00:49;28.45439910888671;72.54461669921875;92.82502746582031;[1]
(aaaf);1;12:01:00:377;28.45439910888671;72.54461669921875;92.82502746582031;[1]
(aaaf);1;12:01:00:377;28.45439910888671;72.54461669921875;92.82502746582031;[1]
(aaaf);1;12:01:00:705;28.45439910888671;72.54461669921875;92.88856506347656;[1]
(aaaf);1;12:01:00:705;28.45439910888671;72.54461669921875;92.88856506347656;[1]
(aaaf);1;12:01:01:33;28.45439910888671;72.54461669921875;92.76148986816406;[1]
(aaaf);1;12:01:01:33;28.45439910888671;72.54461669921875;92.76148986816406;[1]
(aaaf);1;12:01:01:361;28.45439910888671;72.54461669921875;92.88856506347656;[1]
(aaaf);1;12:01:01:361;28.45439910888671;72.54461669921875;92.88856506347656;[1]
(aaaf);1;12:01:01:688;28.45439910888671;72.521728515625;92.82502746582031;[1]
(aaaf);1;12:01:01:688;28.45439910888671;72.521728515625;92.82502746582031;[1]
(aaaf);1;12:01:02:17;28.45439910888671;72.521728515625;92.82502746582031;[1]
(aaaf);1;12:01:02:17;28.45439910888671;72.521728515625;92.82502746582031;[1]
(aaaf);1;12:01:02:344;28.45439910888671;72.521728515625;92.88856506347656;[1]
(aaaf);1;12:01:02:344;28.45439910888671;72.521728515625;92.88856506347656;[1]
(aaaf);1;12:01:02:672;28.45439910888671;72.521728515625;92.82502746582031;[1]
(aaaf);1;12:01:02:672;28.45439910888671;72.521728515625;92.82502746582031;[1]
(aaaf);1;12:01:02:995;28.45439910888671;72.521728515625;92.76148986816406;[1]
(aaaf);1;12:01:02:995;28.45439910888671;72.521728515625;92.76148986816406;[1]
(aaaf);1;12:01:03:323;28.45439910888671;72.521728515625;92.69794464111328;[1]
(aaaf);1;12:01:03:323;28.45439910888671;72.521728515625;92.69794464111328;[1]
(aaaf);1;12:01:03:651;28.45439910888671;72.521728515625;92.82502746582031;[1]
(aaaf);1;12:01:03:651;28.45439910888671;72.521728515625;92.82502746582031;[1]
(aaaf);1;12:01:03:979;28.45439910888671;72.521728515625;92.82502746582031;[1]
(aaaf);1;12:01:03:979;28.45439910888671;72.521728515625;92.82502746582031;[1]
(aaaf);1;12:01:04:307;28.45439910888671;72.521728515625;92.88856506347656;[1]
(aaaf);1;12:01:04:307;28.45439910888671;72.521728515625;92.88856506347656;[1]
(aaaf);1;12:01:04:634;28.45439910888671;72.4912109375;92.88856506347656;[1]
(aaaf);1;12:01:04:634;28.45439910888671;72.4912109375;92.88856506347656;[1]
(aaaf);1;12:01:04:962;28.51679992675781;72.4912109375;92.88856506347656;[1]
(aaaf);1;12:01:04:962;28.51679992675781;72.4912109375;92.88856506347656;[1]
(aaaf);1;12:01:05:290;28.45439910888671;72.4912109375;92.82502746582031;[1]
(aaaf);1;12:01:05:290;28.45439910888671;72.4912109375;92.82502746582031;[1]
(aaaf);1;12:01:05:618;28.45439910888671;72.4912109375;92.82502746582031;[1]
(aaaf);1;12:01:05:618;28.45439910888671;72.4912109375;92.82502746582031;[1]
(aaaf);1;12:01:05:946;28.45439910888671;72.52935791015625;92.82502746582031;[1]
(aaaf);1;12:01:05:946;28.45439910888671;72.52935791015625;92.82502746582031;[1]
(aaaf);1;12:01:06:274;28.45439910888671;72.4912109375;92.69794464111328;[1]
(aaaf);1;12:01:06:274;28.45439910888671;72.4912109375;92.69794464111328;[1]
(aaaf);1;12:01:06:601;28.51679992675781;72.4912109375;92.82502746582031;[1]
(aaaf);1;12:01:06:601;28.51679992675781;72.4912109375;92.82502746582031;[1]
(aaaf);1;12:01:06:929;28.51679992675781;72.52935791015625;93.01564025878906;[1]
(aaaf);1;12:01:06:929;28.51679992675781;72.52935791015625;93.01564025878906;[1]
(aaaf);1;12:01:07:256;28.51679992675781;72.49884033203125;92.88856506347656;[1]
(aaaf);1;12:01:07:256;28.51679992675781;72.49884033203125;92.88856506347656;[1]
(aaaf);1;12:01:07:585;28.51679992675781;72.49884033203125;92.82502746582031;[1]
(aaaf);1;12:01:07:585;28.51679992675781;72.49884033203125;92.82502746582031;[1]
(aaaf);1;12:01:07:913;28.45439910888671;72.49884033203125;92.82502746582031;[1]
(aaaf);1;12:01:07:913;28.45439910888671;72.49884033203125;92.82502746582031;[1]
(aaaf);1;12:01:08:240;28.45439910888671;72.49884033203125;92.76148986816406;[1]
(aaaf);1;12:01:08:240;28.45439910888671;72.49884033203125;92.76148986816406;[1]
(aaaf);1;12:01:08:568;28.45439910888671;72.49884033203125;92.82502746582031;[1]
(aaaf);1;12:01:08:568;28.45439910888671;72.49884033203125;92.82502746582031;[1]
(aaaf);1;12:01:08:896;28.45439910888671;72.49884033203125;92.82502746582031;[1]
(aaaf);1;12:01:08:896;28.45439910888671;72.49884033203125;92.82502746582031;[1]
(aaaf);1;12:01:09:224;28.45439910888671;72.49884033203125;92.82502746582031;[1]
(aaaf);1;12:01:09:224;28.45439910888671;72.49884033203125;92.82502746582031;[1]
(aaaf);1;12:01:09:552;28.45439910888671;72.49884033203125;92.82502746582031;[1]
(aaaf);1;12:01:09:552;28.45439910888671;72.49884033203125;92.82502746582031;[1]
(aaaf);1;12:01:09:881;28.45439910888671;72.4454345703125;92.82502746582031;[1]
(aaaf);1;12:01:09:881;28.45439910888671;72.4454345703125;92.82502746582031;[1]
(aaaf);1;12:01:10:209;28.45439910888671;72.4454345703125;92.88856506347656;[1]
(aaaf);1;12:01:10:209;28.45439910888671;72.4454345703125;92.88856506347656;[1]
(aaaf);1;12:01:10:537;28.51679992675781;72.4454345703125;92.82502746582031;[1]
(aaaf);1;12:01:10:537;28.51679992675781;72.4454345703125;92.82502746582031;[1]
(aaaf);1;12:01:10:864;28.51679992675781;72.4454345703125;92.88856506347656;[1]
(aaaf);1;12:01:10:864;28.51679992675781;72.4454345703125;92.88856506347656;[1]
(aaaf);1;12:01:11:193;28.45439910888671;72.4454345703125;92.82502746582031;[1]
(aaaf);1;12:01:11:193;28.45439910888671;72.4454345703125;92.82502746582031;[1]
(aaaf);1;12:01:11:520;28.51679992675781;72.4454345703125;92.82502746582031;[1]
(aaaf);1;12:01:11:520;28.51679992675781;72.4454345703125;92.82502746582031;[1]
(aaaf);1;12:01:11:849;28.51679992675781;72.4454345703125;92.69794464111328;[1]
(aaaf);1;12:01:11:849;28.51679992675781;72.4454345703125;92.69794464111328;[1]
(aaaf);1;12:01:12:177;28.45439910888671;72.4454345703125;92.88856506347656;[1]
(aaaf);1;12:01:12:177;28.45439910888671;72.4454345703125;92.88856506347656;[1]
(aaaf);1;12:01:12:505;28.51679992675781;72.4149169921875;92.82502746582031;[1]
(aaaf);1;12:01:12:505;28.51679992675781;72.4149169921875;92.82502746582031;[1]
(aaaf);1;12:01:12:833;28.51679992675781;72.4149169921875;92.69794464111328;[1]
(aaaf);1;12:01:12:833;28.51679992675781;72.4149169921875;92.69794464111328;[1]
(aaaf);1;12:01:13:161;28.51679992675781;72.4149169921875;92.88856506347656;[1]
(aaaf);1;12:01:13:161;28.51679992675781;72.4149169921875;92.88856506347656;[1]
(aaaf);1;12:01:13:488;28.51679992675781;72.4149169921875;92.82502746582031;[1]
(aaaf);1;12:01:13:488;28.51679992675781;72.4149169921875;92.82502746582031;[1]
(aaaf);1;12:01:13:816;28.51679992675781;72.4149169921875;92.88856506347656;[1]
(aaaf);1;12:01:13:816;28.51679992675781;72.4149169921875;92.88856506347656;[1]
(aaaf);1;12:01:14:144;28.51679992675781;72.4149169921875;92.82502746582031;[0]
