(aaaf);1;12:00:03:59;28.64159965515136;73.1015625;92.76148986816406;[1]
(aaaf);1;12:00:03:59;28.64159965515136;73.1015625;92.76148986816406;[1]
(aaaf);1;12:00:08:597;28.64159965515136;72.98712158203125;92.82502746582031;[1]
(aaaf);1;12:00:08:597;28.64159965515136;72.98712158203125;92.82502746582031;[1]
(aaaf);1;12:00:08:925;28.64159965515136;72.98712158203125;92.82502746582031;[1]
(aaaf);1;12:00:08:925;28.64159965515136;72.98712158203125;92.82502746582031;[1]
(aaaf);1;12:00:09:253;28.64159965515136;72.98712158203125;92.69794464111328;[1]
(aaaf);1;12:00:09:253;28.64159965515136;72.98712158203125;92.69794464111328;[1]
(aaaf);1;12:00:09:581;28.64159965515136;72.98712158203125;92.82502746582031;[1]
(aaaf);1;12:00:09:581;28.64159965515136;72.98712158203125;92.82502746582031;[1]
(aaaf);1;12:00:09:909;28.57919883728027;72.98712158203125;92.82502746582031;[1]
(aaaf);1;12:00:09:909;28.57919883728027;72.98712158203125;92.82502746582031;[1]
(aaaf);1;12:00:10:237;28.70399856567382;72.98712158203125;92.76148986816406;[1]
(aaaf);1;12:00:10:237;28.70399856567382;72.98712158203125;92.76148986816406;[1]
(aaaf);1;12:00:10:565;28.64159965515136;72.98712158203125;92.88856506347656;[1]
(aaaf);1;12:00:10:565;28.64159965515136;72.98712158203125;92.88856506347656;[1]
(aaaf);1;12:00:10:893;28.64159965515136;72.98712158203125;92.76148986816406;[1]
(aaaf);1;12:00:10:893;28.64159965515136;72.98712158203125;92.76148986816406;[1]
(aaaf);1;12:00:11:221;28.64159965515136;72.98712158203125;92.82502746582031;[1]
(aaaf);1;12:00:11:221;28.64159965515136;72.98712158203125;92.82502746582031;[1]
(aaaf);1;12:00:11:549;28.64159965515136;72.98712158203125;92.82502746582031;[1]
(aaaf);1;12:00:11:549;28.64159965515136;72.98712158203125;92.82502746582031;[1]
(aaaf);1;12:00:11:877;28.64159965515136;72.98712158203125;92.82502746582031;[1]
(aaaf);1;12:00:11:877;28.64159965515136;72.98712158203125;92.82502746582031;[1]
(aaaf);1;12:00:12:205;28.64159965515136;72.98712158203125;92.82502746582031;[1]
(aaaf);1;12:00:12:205;28.64159965515136;72.98712158203125;92.82502746582031;[1]
(aaaf);1;12:00:12:533;28.64159965515136;72.98712158203125;92.69794464111328;[1]
(aaaf);1;12:00:12:533;28.64159965515136;72.98712158203125;92.69794464111328;[1]
(aaaf);1;12:00:12:861;28.64159965515136;72.98712158203125;92.82502746582031;[1]
(aaaf);1;12:00:12:861;28.64159965515136;72.98712158203125;92.82502746582031;[1]
(aaaf);1;12:00:13:189;28.64159965515136;72.98712158203125;92.82502746582031;[1]
(aaaf);1;12:00:13:189;28.64159965515136;72.98712158203125;92.82502746582031;[1]
(aaaf);1;12:00:13:517;28.64159965515136;72.98712158203125;92.82502746582031;[1]
(aaaf);1;12:00:13:517;28.64159965515136;72.98712158203125;92.82502746582031;[1]
(aaaf);1;12:00:13:845;28.64159965515136;72.95660400390625;92.88856506347656;[1]
(aaaf);1;12:00:13:845;28.64159965515136;72.95660400390625;92.88856506347656;[1]
(aaaf);1;12:00:14:173;28.64159965515136;72.95660400390625;92.69794464111328;[1]
(aaaf);1;12:00:14:173;28.64159965515136;72.95660400390625;92.69794464111328;[1]
(aaaf);1;12:00:14:501;28.64159965515136;72.95660400390625;92.82502746582031;[1]
(aaaf);1;12:00:14:501;28.64159965515136;72.95660400390625;92.82502746582031;[1]
(aaaf);1;12:00:14:829;28.64159965515136;72.95660400390625;92.76148986816406;[1]
(aaaf);1;12:00:14:829;28.64159965515136;72.95660400390625;92.76148986816406;[1]
(aaaf);1;12:00:15:157;28.64159965515136;72.95660400390625;92.82502746582031;[1]
(aaaf);1;12:00:15:157;28.64159965515136;72.95660400390625;92.82502746582031;[1]
(aaaf);1;12:00:15:485;28.64159965515136;72.95660400390625;92.88856506347656;[1]
(aaaf);1;12:00:15:485;28.64159965515136;72.95660400390625;92.88856506347656;[1]
(aaaf);1;12:00:15:813;28.64159965515136;72.95660400390625;92.82502746582031;[1]
(aaaf);1;12:00:15:813;28.64159965515136;72.95660400390625;92.82502746582031;[1]
(aaaf);1;12:00:16:141;28.57919883728027;72.95660400390625;92.82502746582031;[1]
(aaaf);1;12:00:16:141;28.57919883728027;72.95660400390625;92.82502746582031;[1]
(aaaf);1;12:00:16:469;28.64159965515136;72.95660400390625;92.82502746582031;[1]
(aaaf);1;12:00:16:469;28.64159965515136;72.95660400390625;92.82502746582031;[1]
(aaaf);1;12:00:16:797;28.64159965515136;72.95660400390625;92.82502746582031;[1]
(aaaf);1;12:00:16:797;28.64159965515136;72.95660400390625;92.82502746582031;[1]
(aaaf);1;12:00:17:125;28.64159965515136;72.95660400390625;92.76148986816406;[1]
(aaaf);1;12:00:17:125;28.64159965515136;72.95660400390625;92.76148986816406;[1]
(aaaf);1;12:00:17:453;28.64159965515136;72.95660400390625;92.82502746582031;[1]
(aaaf);1;12:00:17:453;28.64159965515136;72.95660400390625;92.82502746582031;[1]
(aaaf);1;12:00:17:781;28.64159965515136;72.9337158203125;92.76148986816406;[1]
(aaaf);1;12:00:17:781;28.64159965515136;72.9337158203125;92.76148986816406;[1]
(aaaf);1;12:00:18:109;28.64159965515136;72.9337158203125;92.76148986816406;[1]
(aaaf);1;12:00:18:109;28.64159965515136;72.9337158203125;92.76148986816406;[1]
(aaaf);1;12:00:18:437;28.64159965515136;72.9337158203125;92.82502746582031;[1]
(aaaf);1;12:00:18:437;28.64159965515136;72.9337158203125;92.82502746582031;[1]
(aaaf);1;12:00:18:764;28.64159965515136;72.9031982421875;92.57086944580078;[1]
(aaaf);1;12:00:18:764;28.64159965515136;72.9031982421875;92.57086944580078;[1]
(aaaf);1;12:00:19:92;28.70399856567382;72.9031982421875;92.69794464111328;[1]
(aaaf);1;12:00:19:92;28.70399856567382;72.9031982421875;92.69794464111328;[1]
(aaaf);1;12:00:19:420;28.64159965515136;72.9031982421875;92.63440704345703;[1]
(aaaf);1;12:00:19:420;28.64159965515136;72.9031982421875;92.63440704345703;[1]
(aaaf);1;12:00:19:748;28.64159965515136;72.9031982421875;92.63440704345703;[1]
(aaaf);1;12:00:19:748;28.64159965515136;72.9031982421875;92.63440704345703;[1]
(aaaf);1;12:00:20:76;28.70399856567382;72.9031982421875;92.82502746582031;[1]
(aaaf);1;12:00:20:76;28.70399856567382;72.9031982421875;92.82502746582031;[1]
(aaaf);1;12:00:20:404;28.64159965515136;72.9031982421875;92.82502746582031;[1]
(aaaf);1;12:00:20:404;28.64159965515136;72.9031982421875;92.82502746582031;[1]
(aaaf);1;12:00:20:731;28.64159965515136;72.9031982421875;92.82502746582031;[1]
(aaaf);1;12:00:20:731;28.64159965515136;72.9031982421875;92.82502746582031;[1]
(aaaf);1;12:00:21:59;28.64159965515136;72.8726806640625;92.82502746582031;[1]
(aaaf);1;12:00:21:59;28.64159965515136;72.8726806640625;92.82502746582031;[1]
(aaaf);1;12:00:21:387;28.64159965515136;72.8726806640625;92.76148986816406;[1]
(aaaf);1;12:00:21:387;28.64159965515136;72.8726806640625;92.76148986816406;[1]
(aaaf);1;12:00:21:715;28.64159965515136;72.8726806640625;92.76148986816406;[1]
(aaaf);1;12:00:21:715;28.64159965515136;72.8726806640625;92.76148986816406;[1]
(aaaf);1;12:00:22:43;28.70399856567382;72.8726806640625;92.82502746582031;[1]
(aaaf);1;12:00:22:43;28.70399856567382;72.8726806640625;92.82502746582031;[1]
(aaaf);1;12:00:22:371;28.64159965515136;72.8726806640625;92.88856506347656;[1]
(aaaf);1;12:00:22:371;28.64159965515136;72.8726806640625;92.88856506347656;[1]
(aaaf);1;12:00:22:699;28.64159965515136;72.8726806640625;92.82502746582031;[1]
(aaaf);1;12:00:22:699;28.64159965515136;72.8726806640625;92.82502746582031;[1]
(aaaf);1;12:00:23:27;28.64159965515136;72.8726806640625;92.76148986816406;[1]
(aaaf);1;12:00:23:27;28.64159965515136;72.8726806640625;92.76148986816406;[1]
(aaaf);1;12:00:23:355;28.64159965515136;72.8726806640625;92.82502746582031;[1]
(aaaf);1;12:00:23:355;28.64159965515136;72.8726806640625;92.82502746582031;[1]
(aaaf);1;12:00:23:683;28.64159965515136;72.8726806640625;92.69794464111328;[1]
(aaaf);1;12:00:23:683;28.64159965515136;72.8726806640625;92.69794464111328;[1]
(aaaf);1;12:00:24:11;28.64159965515136;72.8726806640625;92.69794464111328;[1]
(aaaf);1;12:00:24:11;28.64159965515136;72.8726806640625;92.69794464111328;[1]
(aaaf);1;12:00:24:339;28.64159965515136;72.8726806640625;92.88856506347656;[1]
(aaaf);1;12:00:24:339;28.64159965515136;72.8726806640625;92.88856506347656;[1]
(aaaf);1;12:00:24:667;28.64159965515136;72.8726806640625;92.82502746582031;[1]
(aaaf);1;12:00:24:667;28.64159965515136;72.8726806640625;92.82502746582031;[1]
(aaaf);1;12:00:24:995;28.64159965515136;72.8726806640625;92.82502746582031;[1]
(aaaf);1;12:00:24:995;28.64159965515136;72.8726806640625;92.82502746582031;[1]
(aaaf);1;12:00:25:323;28.64159965515136;72.8726806640625;92.82502746582031;[1]
(aaaf);1;12:00:25:323;28.64159965515136;72.8726806640625;92.82502746582031;[1]
(aaaf);1;12:00:25:651;28.64159965515136;72.8726806640625;92.82502746582031;[1]
(aaaf);1;12:00:25:651;28.64159965515136;72.8726806640625;92.82502746582031;[1]
(aaaf);1;12:00:25:979;28.64159965515136;72.8726806640625;92.82502746582031;[1]
(aaaf);1;12:00:25:979;28.64159965515136;72.8726806640625;92.82502746582031;[1]
(aaaf);1;12:00:26:307;28.64159965515136;72.8726806640625;92.88856506347656;[1]
(aaaf);1;12:00:26:307;28.64159965515136;72.8726806640625;92.88856506347656;[1]
(aaaf);1;12:00:26:635;28.70399856567382;72.8726806640625;92.82502746582031;[1]
(aaaf);1;12:00:26:635;28.70399856567382;72.8726806640625;92.82502746582031;[1]
(aaaf);1;12:00:26:963;28.64159965515136;72.9031982421875;92.82502746582031;[1]
(aaaf);1;12:00:26:963;28.64159965515136;72.9031982421875;92.82502746582031;[1]
(aaaf);1;12:00:27:290;28.64159965515136;72.9031982421875;92.82502746582031;[1]
(aaaf);1;12:00:27:290;28.64159965515136;72.9031982421875;92.82502746582031;[1]
(aaaf);1;12:00:27:618;28.64159965515136;72.95660400390625;92.88856506347656;[1]
(aaaf);1;12:00:27:618;28.64159965515136;72.95660400390625;92.88856506347656;[1]
(aaaf);1;12:00:27:946;28.64159965515136;72.95660400390625;92.76148986816406;[1]
(aaaf);1;12:00:27:946;28.64159965515136;72.95660400390625;92.76148986816406;[1]
(aaaf);1;12:00:28:274;28.64159965515136;72.95660400390625;92.69794464111328;[1]
(aaaf);1;12:00:28:274;28.64159965515136;72.95660400390625;92.69794464111328;[1]
(aaaf);1;12:00:28:602;28.64159965515136;72.95660400390625;92.82502746582031;[1]
(aaaf);1;12:00:28:602;28.64159965515136;72.95660400390625;92.82502746582031;[1]
(aaaf);1;12:00:28:930;28.64159965515136;72.95660400390625;92.82502746582031;[1]
(aaaf);1;12:00:28:930;28.64159965515136;72.95660400390625;92.82502746582031;[1]
(aaaf);1;12:00:29:258;28.64159965515136;72.98712158203125;92.76148986816406;[1]
(aaaf);1;12:00:29:258;28.64159965515136;72.98712158203125;92.76148986816406;[1]
(aaaf);1;12:00:29:586;28.64159965515136;72.98712158203125;92.88856506347656;[1]
(aaaf);1;12:00:29:586;28.64159965515136;72.98712158203125;92.88856506347656;[1]
(aaaf);1;12:00:29:914;28.64159965515136;72.98712158203125;92.82502746582031;[1]
(aaaf);1;12:00:29:914;28.64159965515136;72.98712158203125;92.82502746582031;[1]
(aaaf);1;12:00:30:242;28.64159965515136;72.98712158203125;92.82502746582031;[1]
(aaaf);1;12:00:30:242;28.64159965515136;72.98712158203125;92.82502746582031;[1]
(aaaf);1;12:00:30:570;28.64159965515136;72.98712158203125;92.76148986816406;[1]
(aaaf);1;12:00:30:570;28.64159965515136;72.98712158203125;92.76148986816406;[1]
(aaaf);1;12:00:30:898;28.70399856567382;72.98712158203125;92.88856506347656;[1]
(aaaf);1;12:00:30:898;28.70399856567382;72.98712158203125;92.88856506347656;[1]
(aaaf);1;12:00:31:225;28.64159965515136;72.98712158203125;92.76148986816406;[1]
(aaaf);1;12:00:31:225;28.64159965515136;72.98712158203125;92.76148986816406;[1]
(aaaf);1;12:00:31:553;28.64159965515136;72.98712158203125;92.88856506347656;[1]
(aaaf);1;12:00:31:553;28.64159965515136;72.98712158203125;92.88856506347656;[1]
(aaaf);1;12:00:31:881;28.70399856567382;72.98712158203125;92.69794464111328;[1]
(aaaf);1;12:00:31:881;28.70399856567382;72.98712158203125;92.69794464111328;[1]
(aaaf);1;12:00:32:209;28.64159965515136;72.98712158203125;92.82502746582031;[1]
(aaaf);1;12:00:32:209;28.64159965515136;72.98712158203125;92.82502746582031;[1]
(aaaf);1;12:00:32:537;28.70399856567382;72.98712158203125;92.82502746582031;[1]
(aaaf);1;12:00:32:537;28.70399856567382;72.98712158203125;92.82502746582031;[1]
(aaaf);1;12:00:32:865;28.70399856567382;72.98712158203125;92.76148986816406;[1]
(aaaf);1;12:00:32:865;28.70399856567382;72.98712158203125;92.76148986816406;[1]
(aaaf);1;12:00:33:193;28.64159965515136;72.98712158203125;92.82502746582031;[1]
(aaaf);1;12:00:33:193;28.64159965515136;72.98712158203125;92.82502746582031;[1]
(aaaf);1;12:00:33:519;28.70399856567382;72.98712158203125;92.69794464111328;[1]
(aaaf);1;12:00:33:519;28.70399856567382;72.98712158203125;92.69794464111328;[1]
(aaaf);1;12:00:33:847;28.64159965515136;72.98712158203125;92.82502746582031;[1]
(aaaf);1;12:00:33:847;28.64159965515136;72.98712158203125;92.82502746582031;[1]
(aaaf);1;12:00:34:175;28.64159965515136;72.98712158203125;92.82502746582031;[1]
(aaaf);1;12:00:34:175;28.64159965515136;72.98712158203125;92.82502746582031;[1]
(aaaf);1;12:00:34:503;28.64159965515136;72.95660400390625;92.82502746582031;[1]
(aaaf);1;12:00:34:503;28.64159965515136;72.95660400390625;92.82502746582031;[1]
(aaaf);1;12:00:34:831;28.64159965515136;72.95660400390625;92.69794464111328;[1]
(aaaf);1;12:00:34:831;28.64159965515136;72.95660400390625;92.69794464111328;[1]
(aaaf);1;12:00:35:159;28.64159965515136;72.95660400390625;92.82502746582031;[1]
(aaaf);1;12:00:35:159;28.64159965515136;72.95660400390625;92.82502746582031;[1]
(aaaf);1;12:00:35:485;28.64159965515136;72.95660400390625;92.63440704345703;[1]
(aaaf);1;12:00:35:485;28.64159965515136;72.95660400390625;92.63440704345703;[1]
(aaaf);1;12:00:35:813;28.64159965515136;72.95660400390625;92.82502746582031;[1]
(aaaf);1;12:00:35:813;28.64159965515136;72.95660400390625;92.82502746582031;[1]
(aaaf);1;12:00:36:141;28.70399856567382;72.95660400390625;92.82502746582031;[1]
(aaaf);1;12:00:36:141;28.70399856567382;72.95660400390625;92.82502746582031;[1]
(aaaf);1;12:00:36:469;28.70399856567382;72.95660400390625;92.69794464111328;[1]
(aaaf);1;12:00:36:469;28.70399856567382;72.95660400390625;92.69794464111328;[1]
(aaaf);1;12:00:36:797;28.70399856567382;72.9337158203125;92.69794464111328;[1]
(aaaf);1;12:00:36:797;28.70399856567382;72.9337158203125;92.69794464111328;[1]
(aaaf);1;12:00:37:125;28.70399856567382;72.9337158203125;92.82502746582031;[1]
(aaaf);1;12:00:37:125;28.70399856567382;72.9337158203125;92.82502746582031;[1]
(aaaf);1;12:00:37:453;28.70399856567382;72.9337158203125;92.88856506347656;[1]
(aaaf);1;12:00:37:453;28.70399856567382;72.9337158203125;92.88856506347656;[1]
(aaaf);1;12:00:37:781;28.70399856567382;72.9031982421875;92.82502746582031;[1]
(aaaf);1;12:00:37:781;28.70399856567382;72.9031982421875;92.82502746582031;[1]
(aaaf);1;12:00:38:109;28.70399856567382;72.9031982421875;92.82502746582031;[1]
(aaaf);1;12:00:38:109;28.70399856567382;72.9031982421875;92.82502746582031;[1]
(aaaf);1;12:00:38:437;28.70399856567382;72.9031982421875;92.82502746582031;[1]
(aaaf);1;12:00:38:437;28.70399856567382;72.9031982421875;92.82502746582031;[1]
(aaaf);1;12:00:38:763;28.70399856567382;72.9031982421875;92.82502746582031;[1]
(aaaf);1;12:00:38:763;28.70399856567382;72.9031982421875;92.82502746582031;[1]
(aaaf);1;12:00:39:91;28.70399856567382;72.9031982421875;92.69794464111328;[1]
(aaaf);1;12:00:39:91;28.70399856567382;72.9031982421875;92.69794464111328;[1]
(aaaf);1;12:00:39:419;28.70399856567382;72.8726806640625;92.88856506347656;[1]
(aaaf);1;12:00:39:419;28.70399856567382;72.8726806640625;92.88856506347656;[1]
(aaaf);1;12:00:39:747;28.70399856567382;72.8726806640625;92.69794464111328;[1]
(aaaf);1;12:00:39:747;28.70399856567382;72.8726806640625;92.69794464111328;[1]
(aaaf);1;12:00:40:75;28.70399856567382;72.8726806640625;92.69794464111328;[1]
(aaaf);1;12:00:40:75;28.70399856567382;72.8726806640625;92.69794464111328;[1]
(aaaf);1;12:00:40:403;28.70399856567382;72.81927490234375;92.82502746582031;[1]
(aaaf);1;12:00:40:403;28.70399856567382;72.81927490234375;92.82502746582031;[1]
(aaaf);1;12:00:40:731;28.70399856567382;72.81927490234375;92.69794464111328;[1]
(aaaf);1;12:00:40:731;28.70399856567382;72.81927490234375;92.69794464111328;[1]
(aaaf);1;12:00:41:59;28.70399856567382;72.81927490234375;92.69794464111328;[1]
(aaaf);1;12:00:41:59;28.70399856567382;72.81927490234375;92.69794464111328;[1]
(aaaf);1;12:00:41:387;28.70399856567382;72.81927490234375;92.82502746582031;[1]
(aaaf);1;12:00:41:387;28.70399856567382;72.81927490234375;92.82502746582031;[1]
(aaaf);1;12:00:41:715;28.70399856567382;72.81927490234375;92.82502746582031;[1]
(aaaf);1;12:00:41:715;28.70399856567382;72.81927490234375;92.82502746582031;[1]
(aaaf);1;12:00:42:43;28.76639938354492;72.81927490234375;92.88856506347656;[1]
(aaaf);1;12:00:42:43;28.76639938354492;72.81927490234375;92.88856506347656;[1]
(aaaf);1;12:00:42:371;28.70399856567382;72.78875732421875;92.82502746582031;[1]
(aaaf);1;12:00:42:371;28.70399856567382;72.78875732421875;92.82502746582031;[1]
(aaaf);1;12:00:42:699;28.70399856567382;72.78875732421875;92.82502746582031;[1]
(aaaf);1;12:00:42:699;28.70399856567382;72.78875732421875;92.82502746582031;[1]
(aaaf);1;12:00:43:27;28.70399856567382;72.78875732421875;92.82502746582031;[1]
(aaaf);1;12:00:43:27;28.70399856567382;72.78875732421875;92.82502746582031;[1]
(aaaf);1;12:00:43:355;28.70399856567382;72.78875732421875;92.82502746582031;[1]
(aaaf);1;12:00:43:355;28.70399856567382;72.78875732421875;92.82502746582031;[1]
(aaaf);1;12:00:43:683;28.70399856567382;72.78875732421875;92.76148986816406;[1]
(aaaf);1;12:00:43:683;28.70399856567382;72.78875732421875;92.76148986816406;[1]
(aaaf);1;12:00:44:11;28.70399856567382;72.78875732421875;92.82502746582031;[1]
(aaaf);1;12:00:44:11;28.70399856567382;72.78875732421875;92.82502746582031;[1]
(aaaf);1;12:00:44:339;28.70399856567382;72.78875732421875;92.69794464111328;[1]
(aaaf);1;12:00:44:339;28.70399856567382;72.78875732421875;92.69794464111328;[1]
(aaaf);1;12:00:44:667;28.76639938354492;72.78875732421875;92.69794464111328;[1]
(aaaf);1;12:00:44:667;28.76639938354492;72.78875732421875;92.69794464111328;[1]
(aaaf);1;12:00:44:995;28.70399856567382;72.765869140625;92.82502746582031;[1]
(aaaf);1;12:00:44:995;28.70399856567382;72.765869140625;92.82502746582031;[1]
(aaaf);1;12:00:45:322;28.76639938354492;72.765869140625;92.82502746582031;[1]
(aaaf);1;12:00:45:322;28.76639938354492;72.765869140625;92.82502746582031;[1]
(aaaf);1;12:00:45:650;28.70399856567382;72.765869140625;92.82502746582031;[1]
(aaaf);1;12:00:45:650;28.70399856567382;72.765869140625;92.82502746582031;[1]
(aaaf);1;12:00:45:973;28.70399856567382;72.765869140625;92.88856506347656;[1]
(aaaf);1;12:00:45:973;28.70399856567382;72.765869140625;92.88856506347656;[1]
(aaaf);1;12:00:46:301;28.70399856567382;72.765869140625;92.88856506347656;[1]
(aaaf);1;12:00:46:301;28.70399856567382;72.765869140625;92.88856506347656;[1]
(aaaf);1;12:00:46:629;28.76639938354492;72.765869140625;92.82502746582031;[1]
(aaaf);1;12:00:46:629;28.76639938354492;72.765869140625;92.82502746582031;[1]
(aaaf);1;12:00:46:957;28.70399856567382;72.765869140625;92.82502746582031;[1]
(aaaf);1;12:00:46:957;28.70399856567382;72.765869140625;92.82502746582031;[1]
(aaaf);1;12:00:47:285;28.70399856567382;72.765869140625;92.82502746582031;[1]
(aaaf);1;12:00:47:285;28.70399856567382;72.765869140625;92.82502746582031;[1]
(aaaf);1;12:00:47:613;28.70399856567382;72.765869140625;92.82502746582031;[1]
(aaaf);1;12:00:47:613;28.70399856567382;72.765869140625;92.82502746582031;[1]
(aaaf);1;12:00:47:941;28.70399856567382;72.765869140625;92.88856506347656;[1]
(aaaf);1;12:00:47:941;28.70399856567382;72.765869140625;92.88856506347656;[1]
(aaaf);1;12:00:48:269;28.70399856567382;72.765869140625;92.69794464111328;[1]
(aaaf);1;12:00:48:269;28.70399856567382;72.765869140625;92.69794464111328;[1]
(aaaf);1;12:00:48:596;28.76639938354492;72.765869140625;92.76148986816406;[1]
(aaaf);1;12:00:48:596;28.76639938354492;72.765869140625;92.76148986816406;[1]
(aaaf);1;12:00:48:924;28.76639938354492;72.765869140625;92.82502746582031;[1]
(aaaf);1;12:00:48:924;28.76639938354492;72.765869140625;92.82502746582031;[1]
(aaaf);1;12:00:49:247;28.70399856567382;72.765869140625;92.76148986816406;[1]
(aaaf);1;12:00:49:247;28.70399856567382;72.765869140625;92.76148986816406;[1]
(aaaf);1;12:00:49:575;28.76639938354492;72.765869140625;92.88856506347656;[1]
(aaaf);1;12:00:49:575;28.76639938354492;72.765869140625;92.88856506347656;[1]
(aaaf);1;12:00:49:903;28.76639938354492;72.765869140625;92.69794464111328;[1]
(aaaf);1;12:00:49:903;28.76639938354492;72.765869140625;92.69794464111328;[1]
(aaaf);1;12:00:50:231;28.76639938354492;72.765869140625;92.69794464111328;[1]
(aaaf);1;12:00:50:231;28.76639938354492;72.765869140625;92.69794464111328;[1]
(aaaf);1;12:00:50:559;28.70399856567382;72.765869140625;92.69794464111328;[1]
(aaaf);1;12:00:50:559;28.70399856567382;72.765869140625;92.69794464111328;[1]
(aaaf);1;12:00:50:886;28.70399856567382;72.765869140625;92.82502746582031;[1]
(aaaf);1;12:00:50:886;28.70399856567382;72.765869140625;92.82502746582031;[1]
(aaaf);1;12:00:51:209;28.70399856567382;72.765869140625;92.82502746582031;[1]
(aaaf);1;12:00:51:209;28.70399856567382;72.765869140625;92.82502746582031;[1]
(aaaf);1;12:00:51:532;28.70399856567382;72.765869140625;92.82502746582031;[1]
(aaaf);1;12:00:51:532;28.70399856567382;72.765869140625;92.82502746582031;[1]
(aaaf);1;12:00:51:860;28.76639938354492;72.765869140625;92.82502746582031;[1]
(aaaf);1;12:00:51:860;28.76639938354492;72.765869140625;92.82502746582031;[1]
(aaaf);1;12:00:52:188;28.76639938354492;72.7353515625;92.82502746582031;[1]
(aaaf);1;12:00:52:188;28.76639938354492;72.7353515625;92.82502746582031;[1]
(aaaf);1;12:00:52:516;28.70399856567382;72.7353515625;92.88856506347656;[1]
(aaaf);1;12:00:52:516;28.70399856567382;72.7353515625;92.88856506347656;[1]
(aaaf);1;12:00:52:843;28.76639938354492;72.7353515625;92.88856506347656;[1]
(aaaf);1;12:00:52:843;28.76639938354492;72.7353515625;92.88856506347656;[1]
(aaaf);1;12:00:53:171;28.76639938354492;72.7353515625;92.63440704345703;[1]
(aaaf);1;12:00:53:171;28.76639938354492;72.7353515625;92.63440704345703;[1]
(aaaf);1;12:00:53:499;28.76639938354492;72.7353515625;92.82502746582031;[1]
(aaaf);1;12:00:53:499;28.76639938354492;72.7353515625;92.82502746582031;[1]
(aaaf);1;12:00:53:827;28.70399856567382;72.704833984375;92.82502746582031;[1]
(aaaf);1;12:00:53:827;28.70399856567382;72.704833984375;92.82502746582031;[1]
(aaaf);1;12:00:54:155;28.76639938354492;72.704833984375;92.69794464111328;[1]
(aaaf);1;12:00:54:155;28.76639938354492;72.704833984375;92.69794464111328;[1]
(aaaf);1;12:00:54:481;28.76639938354492;72.704833984375;92.82502746582031;[1]
(aaaf);1;12:00:54:481;28.76639938354492;72.704833984375;92.82502746582031;[1]
(aaaf);1;12:00:54:809;28.76639938354492;72.704833984375;92.82502746582031;[1]
(aaaf);1;12:00:54:809;28.76639938354492;72.704833984375;92.82502746582031;[1]
(aaaf);1;12:00:55:137;28.76639938354492;72.704833984375;92.57086944580078;[1]
(aaaf);1;12:00:55:137;28.76639938354492;72.704833984375;92.57086944580078;[1]
(aaaf);1;12:00:55:463;28.76639938354492;72.74298095703125;92.82502746582031;[1]
(aaaf);1;12:00:55:463;28.76639938354492;72.74298095703125;92.82502746582031;[1]
(aaaf);1;12:00:55:791;28.76639938354492;72.71246337890625;92.82502746582031;[1]
(aaaf);1;12:00:55:791;28.76639938354492;72.71246337890625;92.82502746582031;[1]
(aaaf);1;12:00:56:119;28.70399856567382;72.67431640625;92.82502746582031;[1]
(aaaf);1;12:00:56:119;28.70399856567382;72.67431640625;92.82502746582031;[1]
(aaaf);1;12:00:56:447;28.76639938354492;72.67431640625;92.82502746582031;[1]
(aaaf);1;12:00:56:447;28.76639938354492;72.67431640625;92.82502746582031;[1]
(aaaf);1;12:00:56:774;28.76639938354492;72.67431640625;92.82502746582031;[1]
(aaaf);1;12:00:56:774;28.76639938354492;72.67431640625;92.82502746582031;[1]
(aaaf);1;12:00:57:102;28.76639938354492;72.71246337890625;92.76148986816406;[1]
(aaaf);1;12:00:57:102;28.76639938354492;72.71246337890625;92.76148986816406;[1]
(aaaf);1;12:00:57:430;28.76639938354492;72.67431640625;92.82502746582031;[1]
(aaaf);1;12:00:57:430;28.76639938354492;72.67431640625;92.82502746582031;[1]
(aaaf);1;12:00:57:758;28.76639938354492;72.67431640625;92.82502746582031;[1]
(aaaf);1;12:00:57:758;28.76639938354492;72.67431640625;92.82502746582031;[1]
(aaaf);1;12:00:58:86;28.76639938354492;72.65142822265625;92.82502746582031;[1]
(aaaf);1;12:00:58:86;28.76639938354492;72.65142822265625;92.82502746582031;[1]
(aaaf);1;12:00:58:414;28.76639938354492;72.65142822265625;92.82502746582031;[1]
(aaaf);1;12:00:58:414;28.76639938354492;72.65142822265625;92.82502746582031;[1]
(aaaf);1;12:00:58:742;28.76639938354492;72.65142822265625;92.82502746582031;[1]
(aaaf);1;12:00:58:742;28.76639938354492;72.65142822265625;92.82502746582031;[1]
(aaaf);1;12:00:59:70;28.76639938354492;72.65142822265625;92.82502746582031;[1]
(aaaf);1;12:00:59:70;28.76639938354492;72.65142822265625;92.82502746582031;[1]
(aaaf);1;12:00:59:398;28.76639938354492;72.65142822265625;92.82502746582031;[1]
(aaaf);1;12:00:59:398;28.76639938354492;72.65142822265625;92.82502746582031;[1]
(aaaf);1;12:00:59:726;28.76639938354492;72.6590576171875;92.82502746582031;[1]
(aaaf);1;12:00:59:726;28.76639938354492;72.6590576171875;92.82502746582031;[1]
(aaaf);1;12:01:00:54;28.76639938354492;72.62091064453125;92.76148986816406;[1]
(aaaf);1;12:01:00:54;28.76639938354492;72.62091064453125;92.76148986816406;[1]
(aaaf);1;12:01:00:382;28.76639938354492;72.62091064453125;92.82502746582031;[1]
(aaaf);1;12:01:00:382;28.76639938354492;72.62091064453125;92.82502746582031;[1]
(aaaf);1;12:01:00:710;28.76639938354492;72.62091064453125;92.69794464111328;[1]
(aaaf);1;12:01:00:710;28.76639938354492;72.62091064453125;92.69794464111328;[1]
(aaaf);1;12:01:01:38;28.76639938354492;72.62091064453125;92.76148986816406;[1]
(aaaf);1;12:01:01:38;28.76639938354492;72.62091064453125;92.76148986816406;[1]
(aaaf);1;12:01:01:365;28.76639938354492;72.62091064453125;92.82502746582031;[1]
(aaaf);1;12:01:01:365;28.76639938354492;72.62091064453125;92.82502746582031;[1]
(aaaf);1;12:01:01:693;28.76639938354492;72.62091064453125;92.82502746582031;[1]
(aaaf);1;12:01:01:693;28.76639938354492;72.62091064453125;92.82502746582031;[1]
(aaaf);1;12:01:02:21;28.76639938354492;72.62091064453125;92.88856506347656;[1]
(aaaf);1;12:01:02:21;28.76639938354492;72.62091064453125;92.88856506347656;[1]
(aaaf);1;12:01:02:349;28.76639938354492;72.62091064453125;92.82502746582031;[1]
(aaaf);1;12:01:02:349;28.76639938354492;72.62091064453125;92.82502746582031;[1]
(aaaf);1;12:01:02:677;28.76639938354492;72.62091064453125;92.69794464111328;[1]
(aaaf);1;12:01:02:677;28.76639938354492;72.62091064453125;92.69794464111328;[1]
(aaaf);1;12:01:03:5;28.70399856567382;72.62091064453125;92.82502746582031;[1]
(aaaf);1;12:01:03:5;28.70399856567382;72.62091064453125;92.82502746582031;[1]
(aaaf);1;12:01:03:333;28.76639938354492;72.62091064453125;92.82502746582031;[1]
(aaaf);1;12:01:03:333;28.76639938354492;72.62091064453125;92.82502746582031;[1]
(aaaf);1;12:01:03:661;28.76639938354492;72.62091064453125;92.69794464111328;[1]
(aaaf);1;12:01:03:661;28.76639938354492;72.62091064453125;92.69794464111328;[1]
(aaaf);1;12:01:03:989;28.76639938354492;72.65142822265625;92.69794464111328;[1]
(aaaf);1;12:01:03:989;28.76639938354492;72.65142822265625;92.69794464111328;[1]
(aaaf);1;12:01:04:317;28.76639938354492;72.62091064453125;92.69794464111328;[1]
(aaaf);1;12:01:04:317;28.76639938354492;72.62091064453125;92.69794464111328;[1]
(aaaf);1;12:01:04:645;28.76639938354492;72.65142822265625;92.88856506347656;[1]
(aaaf);1;12:01:04:645;28.76639938354492;72.65142822265625;92.88856506347656;[1]
(aaaf);1;12:01:04:973;28.76639938354492;72.65142822265625;92.82502746582031;[1]
(aaaf);1;12:01:04:973;28.76639938354492;72.65142822265625;92.82502746582031;[1]
(aaaf);1;12:01:05:301;28.76639938354492;72.65142822265625;92.82502746582031;[1]
(aaaf);1;12:01:05:301;28.76639938354492;72.65142822265625;92.82502746582031;[1]
(aaaf);1;12:01:05:629;28.76639938354492;72.65142822265625;92.82502746582031;[1]
(aaaf);1;12:01:05:629;28.76639938354492;72.65142822265625;92.82502746582031;[1]
(aaaf);1;12:01:05:957;28.76639938354492;72.65142822265625;92.82502746582031;[1]
(aaaf);1;12:01:05:957;28.76639938354492;72.65142822265625;92.82502746582031;[1]
(aaaf);1;12:01:06:285;28.76639938354492;72.65142822265625;92.57086944580078;[1]
(aaaf);1;12:01:06:285;28.76639938354492;72.65142822265625;92.57086944580078;[1]
(aaaf);1;12:01:06:613;28.76639938354492;72.65142822265625;92.69794464111328;[1]
(aaaf);1;12:01:06:613;28.76639938354492;72.65142822265625;92.69794464111328;[1]
(aaaf);1;12:01:06:941;28.82879829406738;72.6895751953125;92.82502746582031;[1]
(aaaf);1;12:01:06:941;28.82879829406738;72.6895751953125;92.82502746582031;[1]
(aaaf);1;12:01:07:269;28.82879829406738;72.6895751953125;92.69794464111328;[1]
(aaaf);1;12:01:07:269;28.82879829406738;72.6895751953125;92.69794464111328;[1]
(aaaf);1;12:01:07:597;28.76639938354492;72.6895751953125;92.69794464111328;[1]
(aaaf);1;12:01:07:597;28.76639938354492;72.6895751953125;92.69794464111328;[1]
(aaaf);1;12:01:07:924;28.76639938354492;72.6895751953125;92.69794464111328;[1]
(aaaf);1;12:01:07:924;28.76639938354492;72.6895751953125;92.69794464111328;[1]
(aaaf);1;12:01:08:251;28.82879829406738;72.6895751953125;92.82502746582031;[1]
(aaaf);1;12:01:08:251;28.82879829406738;72.6895751953125;92.82502746582031;[1]
(aaaf);1;12:01:08:579;28.76639938354492;72.6895751953125;92.82502746582031;[1]
(aaaf);1;12:01:08:579;28.76639938354492;72.6895751953125;92.82502746582031;[1]
(aaaf);1;12:01:08:907;28.82879829406738;72.6895751953125;92.82502746582031;[1]
(aaaf);1;12:01:08:907;28.82879829406738;72.6895751953125;92.82502746582031;[1]
(aaaf);1;12:01:09:235;28.76639938354492;72.6895751953125;92.82502746582031;[1]
(aaaf);1;12:01:09:235;28.76639938354492;72.6895751953125;92.82502746582031;[1]
(aaaf);1;12:01:09:563;28.76639938354492;72.6895751953125;92.82502746582031;[1]
(aaaf);1;12:01:09:563;28.76639938354492;72.6895751953125;92.82502746582031;[1]
(aaaf);1;12:01:09:891;28.82879829406738;72.6895751953125;92.82502746582031;[1]
(aaaf);1;12:01:09:891;28.82879829406738;72.6895751953125;92.82502746582031;[1]
(aaaf);1;12:01:10:218;28.82879829406738;72.6895751953125;92.82502746582031;[1]
(aaaf);1;12:01:10:218;28.82879829406738;72.6895751953125;92.82502746582031;[1]
(aaaf);1;12:01:10:546;28.82879829406738;72.6895751953125;92.69794464111328;[1]
(aaaf);1;12:01:10:546;28.82879829406738;72.6895751953125;92.69794464111328;[1]
(aaaf);1;12:01:10:873;28.82879829406738;72.6590576171875;92.69794464111328;[1]
(aaaf);1;12:01:10:873;28.82879829406738;72.6590576171875;92.69794464111328;[1]
(aaaf);1;12:01:11:201;28.82879829406738;72.6590576171875;92.69794464111328;[1]
(aaaf);1;12:01:11:201;28.82879829406738;72.6590576171875;92.69794464111328;[1]
(aaaf);1;12:01:11:529;28.82879829406738;72.6590576171875;92.82502746582031;[1]
(aaaf);1;12:01:11:529;28.82879829406738;72.6590576171875;92.82502746582031;[1]
(aaaf);1;12:01:11:857;28.76639938354492;72.6590576171875;92.82502746582031;[1]
(aaaf);1;12:01:11:857;28.76639938354492;72.6590576171875;92.82502746582031;[1]
(aaaf);1;12:01:12:183;28.82879829406738;72.6590576171875;92.82502746582031;[1]
(aaaf);1;12:01:12:183;28.82879829406738;72.6590576171875;92.82502746582031;[1]
(aaaf);1;12:01:12:511;28.82879829406738;72.6285400390625;92.82502746582031;[1]
(aaaf);1;12:01:12:511;28.82879829406738;72.6285400390625;92.82502746582031;[1]
(aaaf);1;12:01:12:839;28.82879829406738;72.6285400390625;92.82502746582031;[1]
(aaaf);1;12:01:12:839;28.82879829406738;72.6285400390625;92.82502746582031;[1]
(aaaf);1;12:01:13:167;28.82879829406738;72.6285400390625;92.82502746582031;[1]
(aaaf);1;12:01:13:167;28.82879829406738;72.6285400390625;92.82502746582031;[1]
(aaaf);1;12:01:13:495;28.82879829406738;72.6285400390625;92.82502746582031;[1]
(aaaf);1;12:01:13:495;28.82879829406738;72.6285400390625;92.82502746582031;[1]
(aaaf);1;12:01:13:823;28.82879829406738;72.60565185546875;92.82502746582031;[1]
(aaaf);1;12:01:13:823;28.82879829406738;72.60565185546875;92.82502746582031;[1]
(aaaf);1;12:01:14:151;28.82879829406738;72.60565185546875;92.82502746582031;[1]
(aaaf);1;12:01:14:151;28.82879829406738;72.60565185546875;92.82502746582031;[1]
(aaaf);1;12:01:14:479;28.82879829406738;72.60565185546875;92.57086944580078;[1]
(aaaf);1;12:01:14:479;28.82879829406738;72.60565185546875;92.57086944580078;[1]
(aaaf);1;12:01:14:807;28.82879829406738;72.60565185546875;92.69794464111328;[1]
(aaaf);1;12:01:14:807;28.82879829406738;72.60565185546875;92.69794464111328;[1]
(aaaf);1;12:01:15:135;28.82879829406738;72.57513427734375;92.69794464111328;[1]
(aaaf);1;12:01:15:135;28.82879829406738;72.57513427734375;92.69794464111328;[1]
(aaaf);1;12:01:15:461;28.82879829406738;72.57513427734375;92.69794464111328;[1]
(aaaf);1;12:01:15:461;28.82879829406738;72.57513427734375;92.69794464111328;[1]
(aaaf);1;12:01:15:787;28.82879829406738;72.57513427734375;92.69794464111328;[1]
(aaaf);1;12:01:15:787;28.82879829406738;72.57513427734375;92.69794464111328;[1]
(aaaf);1;12:01:16:115;28.82879829406738;72.57513427734375;92.69794464111328;[1]
(aaaf);1;12:01:16:115;28.82879829406738;72.57513427734375;92.69794464111328;[1]
(aaaf);1;12:01:16:442;28.82879829406738;72.57513427734375;92.69794464111328;[1]
(aaaf);1;12:01:16:442;28.82879829406738;72.57513427734375;92.69794464111328;[1]
(aaaf);1;12:01:16:770;28.89119911193847;72.57513427734375;92.69794464111328;[1]
(aaaf);1;12:01:16:770;28.89119911193847;72.57513427734375;92.69794464111328;[1]
(aaaf);1;12:01:17:98;28.82879829406738;72.521728515625;92.69794464111328;[1]
(aaaf);1;12:01:17:98;28.82879829406738;72.521728515625;92.69794464111328;[1]
(aaaf);1;12:01:17:426;28.82879829406738;72.521728515625;92.88856506347656;[1]
(aaaf);1;12:01:17:426;28.82879829406738;72.521728515625;92.88856506347656;[1]
(aaaf);1;12:01:17:754;28.82879829406738;72.521728515625;92.82502746582031;[1]
(aaaf);1;12:01:17:754;28.82879829406738;72.521728515625;92.82502746582031;[1]
(aaaf);1;12:01:18:82;28.82879829406738;72.521728515625;92.69794464111328;[1]
(aaaf);1;12:01:18:82;28.82879829406738;72.521728515625;92.69794464111328;[1]
(aaaf);1;12:01:18:409;28.82879829406738;72.521728515625;92.82502746582031;[1]
(aaaf);1;12:01:18:409;28.82879829406738;72.521728515625;92.82502746582031;[1]
(aaaf);1;12:01:18:737;28.82879829406738;72.521728515625;92.82502746582031;[1]
(aaaf);1;12:01:18:737;28.82879829406738;72.521728515625;92.82502746582031;[1]
(aaaf);1;12:01:19:65;28.82879829406738;72.521728515625;92.69794464111328;[1]
(aaaf);1;12:01:19:65;28.82879829406738;72.521728515625;92.69794464111328;[1]
(aaaf);1;12:01:19:393;28.82879829406738;72.521728515625;92.69794464111328;[1]
(aaaf);1;12:01:19:393;28.82879829406738;72.521728515625;92.69794464111328;[1]
(aaaf);1;12:01:19:721;28.82879829406738;72.521728515625;92.82502746582031;[1]
(aaaf);1;12:01:19:721;28.82879829406738;72.521728515625;92.82502746582031;[1]
(aaaf);1;12:01:20:49;28.82879829406738;72.521728515625;92.69794464111328;[1]
(aaaf);1;12:01:20:49;28.82879829406738;72.521728515625;92.69794464111328;[1]
(aaaf);1;12:01:20:376;28.82879829406738;72.521728515625;92.82502746582031;[1]
(aaaf);1;12:01:20:376;28.82879829406738;72.521728515625;92.82502746582031;[1]
(aaaf);1;12:01:20:704;28.89119911193847;72.521728515625;92.69794464111328;[1]
(aaaf);1;12:01:20:704;28.89119911193847;72.521728515625;92.69794464111328;[1]
(aaaf);1;12:01:21:32;28.82879829406738;72.521728515625;92.82502746582031;[1]
(aaaf);1;12:01:21:32;28.82879829406738;72.521728515625;92.82502746582031;[1]
(aaaf);1;12:01:21:355;28.82879829406738;72.521728515625;92.82502746582031;[1]
(aaaf);1;12:01:21:355;28.82879829406738;72.521728515625;92.82502746582031;[1]
(aaaf);1;12:01:21:683;28.82879829406738;72.4912109375;92.69794464111328;[1]
(aaaf);1;12:01:21:683;28.82879829406738;72.4912109375;92.69794464111328;[1]
(aaaf);1;12:01:22:11;28.82879829406738;72.4912109375;92.69794464111328;[1]
(aaaf);1;12:01:22:11;28.82879829406738;72.4912109375;92.69794464111328;[1]
(aaaf);1;12:01:22:339;28.89119911193847;72.4912109375;92.82502746582031;[1]
(aaaf);1;12:01:22:339;28.89119911193847;72.4912109375;92.82502746582031;[1]
(aaaf);1;12:01:22:666;28.82879829406738;72.4912109375;92.69794464111328;[1]
(aaaf);1;12:01:22:666;28.82879829406738;72.4912109375;92.69794464111328;[1]
(aaaf);1;12:01:22:994;28.89119911193847;72.4912109375;92.69794464111328;[1]
(aaaf);1;12:01:22:994;28.89119911193847;72.4912109375;92.69794464111328;[1]
(aaaf);1;12:01:23:322;28.82879829406738;72.46832275390625;92.69794464111328;[1]
(aaaf);1;12:01:23:322;28.82879829406738;72.46832275390625;92.69794464111328;[1]
(aaaf);1;12:01:23:650;28.82879829406738;72.46832275390625;92.82502746582031;[1]
(aaaf);1;12:01:23:650;28.82879829406738;72.46832275390625;92.82502746582031;[1]
(aaaf);1;12:01:23:978;28.82879829406738;72.46832275390625;92.82502746582031;[1]
(aaaf);1;12:01:23:978;28.82879829406738;72.46832275390625;92.82502746582031;[1]
(aaaf);1;12:01:24:306;28.82879829406738;72.46832275390625;92.82502746582031;[1]
(aaaf);1;12:01:24:306;28.82879829406738;72.46832275390625;92.82502746582031;[1]
(aaaf);1;12:01:24:634;28.82879829406738;72.46832275390625;92.69794464111328;[1]
(aaaf);1;12:01:24:634;28.82879829406738;72.46832275390625;92.69794464111328;[1]
(aaaf);1;12:01:24:962;28.89119911193847;72.46832275390625;92.88856506347656;[1]
(aaaf);1;12:01:24:962;28.89119911193847;72.46832275390625;92.88856506347656;[1]
(aaaf);1;12:01:25:290;28.82879829406738;72.46832275390625;92.82502746582031;[1]
(aaaf);1;12:01:25:290;28.82879829406738;72.46832275390625;92.82502746582031;[1]
(aaaf);1;12:01:25:618;28.89119911193847;72.46832275390625;92.76148986816406;[1]
(aaaf);1;12:01:25:618;28.89119911193847;72.46832275390625;92.76148986816406;[1]
(aaaf);1;12:01:25:946;28.82879829406738;72.46832275390625;92.69794464111328;[1]
(aaaf);1;12:01:25:946;28.82879829406738;72.46832275390625;92.69794464111328;[1]
(aaaf);1;12:01:26:274;28.89119911193847;72.46832275390625;92.88856506347656;[1]
(aaaf);1;12:01:26:274;28.89119911193847;72.46832275390625;92.88856506347656;[1]
(aaaf);1;12:01:26:602;28.89119911193847;72.46832275390625;92.82502746582031;[1]
(aaaf);1;12:01:26:602;28.89119911193847;72.46832275390625;92.82502746582031;[1]
(aaaf);1;12:01:26:930;28.89119911193847;72.43780517578125;92.82502746582031;[1]
(aaaf);1;12:01:26:930;28.89119911193847;72.43780517578125;92.82502746582031;[1]
(aaaf);1;12:01:27:258;28.89119911193847;72.43780517578125;92.63440704345703;[1]
(aaaf);1;12:01:27:258;28.89119911193847;72.43780517578125;92.63440704345703;[1]
(aaaf);1;12:01:27:586;28.89119911193847;72.43780517578125;92.69794464111328;[1]
(aaaf);1;12:01:27:586;28.89119911193847;72.43780517578125;92.69794464111328;[1]
(aaaf);1;12:01:27:914;28.89119911193847;72.43780517578125;92.69794464111328;[1]
(aaaf);1;12:01:27:914;28.89119911193847;72.43780517578125;92.69794464111328;[1]
(aaaf);1;12:01:28:242;28.82879829406738;72.43780517578125;92.69794464111328;[1]
(aaaf);1;12:01:28:242;28.82879829406738;72.43780517578125;92.69794464111328;[1]
(aaaf);1;12:01:28:570;28.89119911193847;72.43780517578125;92.76148986816406;[1]
(aaaf);1;12:01:28:570;28.89119911193847;72.43780517578125;92.76148986816406;[1]
(aaaf);1;12:01:28:898;28.89119911193847;72.40728759765625;92.69794464111328;[1]
(aaaf);1;12:01:28:898;28.89119911193847;72.40728759765625;92.69794464111328;[1]
(aaaf);1;12:01:29:226;28.89119911193847;72.40728759765625;92.82502746582031;[1]
(aaaf);1;12:01:29:226;28.89119911193847;72.40728759765625;92.82502746582031;[1]
(aaaf);1;12:01:29:554;28.89119911193847;72.40728759765625;92.82502746582031;[1]
(aaaf);1;12:01:29:554;28.89119911193847;72.40728759765625;92.82502746582031;[1]
(aaaf);1;12:01:29:882;28.89119911193847;72.40728759765625;92.76148986816406;[1]
(aaaf);1;12:01:29:882;28.89119911193847;72.40728759765625;92.76148986816406;[1]
(aaaf);1;12:01:30:210;28.89119911193847;72.40728759765625;92.82502746582031;[1]
(aaaf);1;12:01:30:210;28.89119911193847;72.40728759765625;92.82502746582031;[1]
(aaaf);1;12:01:30:538;28.89119911193847;72.40728759765625;92.69794464111328;[1]
(aaaf);1;12:01:30:538;28.89119911193847;72.40728759765625;92.69794464111328;[1]
(aaaf);1;12:01:30:866;28.89119911193847;72.40728759765625;92.69794464111328;[1]
(aaaf);1;12:01:30:866;28.89119911193847;72.40728759765625;92.69794464111328;[1]
(aaaf);1;12:01:31:194;28.89119911193847;72.40728759765625;92.76148986816406;[1]
(aaaf);1;12:01:31:194;28.89119911193847;72.40728759765625;92.76148986816406;[1]
(aaaf);1;12:01:31:522;28.89119911193847;72.40728759765625;92.82502746582031;[1]
(aaaf);1;12:01:31:522;28.89119911193847;72.40728759765625;92.82502746582031;[1]
(aaaf);1;12:01:31:850;28.89119911193847;72.40728759765625;92.82502746582031;[1]
(aaaf);1;12:01:31:850;28.89119911193847;72.40728759765625;92.82502746582031;[1]
(aaaf);1;12:01:32:178;28.89119911193847;72.37677001953125;92.82502746582031;[1]
(aaaf);1;12:01:32:178;28.89119911193847;72.37677001953125;92.82502746582031;[1]
(aaaf);1;12:01:32:506;28.89119911193847;72.37677001953125;92.69794464111328;[1]
(aaaf);1;12:01:32:506;28.89119911193847;72.37677001953125;92.69794464111328;[1]
(aaaf);1;12:01:32:834;28.89119911193847;72.37677001953125;92.63440704345703;[1]
(aaaf);1;12:01:32:834;28.89119911193847;72.37677001953125;92.63440704345703;[1]
(aaaf);1;12:01:33:162;28.89119911193847;72.37677001953125;92.57086944580078;[1]
(aaaf);1;12:01:33:162;28.89119911193847;72.37677001953125;92.57086944580078;[1]
(aaaf);1;12:01:33:490;28.89119911193847;72.37677001953125;92.82502746582031;[1]
(aaaf);1;12:01:33:490;28.89119911193847;72.37677001953125;92.82502746582031;[1]
(aaaf);1;12:01:33:818;28.95359992980957;72.37677001953125;92.69794464111328;[1]
(aaaf);1;12:01:33:818;28.95359992980957;72.37677001953125;92.69794464111328;[1]
(aaaf);1;12:01:34:146;28.89119911193847;72.37677001953125;92.76148986816406;[1]
(aaaf);1;12:01:34:146;28.89119911193847;72.37677001953125;92.76148986816406;[1]
(aaaf);1;12:01:34:474;28.89119911193847;72.37677001953125;92.82502746582031;[1]
(aaaf);1;12:01:34:474;28.89119911193847;72.37677001953125;92.82502746582031;[1]
(aaaf);1;12:01:34:802;28.89119911193847;72.37677001953125;92.69794464111328;[1]
(aaaf);1;12:01:34:802;28.89119911193847;72.37677001953125;92.69794464111328;[1]
(aaaf);1;12:01:35:130;28.89119911193847;72.37677001953125;92.88856506347656;[1]
(aaaf);1;12:01:35:130;28.89119911193847;72.37677001953125;92.88856506347656;[1]
(aaaf);1;12:01:35:458;28.89119911193847;72.37677001953125;92.76148986816406;[1]
(aaaf);1;12:01:35:458;28.89119911193847;72.37677001953125;92.76148986816406;[1]
(aaaf);1;12:01:35:786;28.89119911193847;72.37677001953125;92.69794464111328;[1]
(aaaf);1;12:01:35:786;28.89119911193847;72.37677001953125;92.69794464111328;[1]
(aaaf);1;12:01:36:114;28.89119911193847;72.37677001953125;92.82502746582031;[1]
(aaaf);1;12:01:36:114;28.89119911193847;72.37677001953125;92.82502746582031;[1]
(aaaf);1;12:01:36:442;28.89119911193847;72.3538818359375;92.69794464111328;[1]
(aaaf);1;12:01:36:442;28.89119911193847;72.3538818359375;92.69794464111328;[1]
(aaaf);1;12:01:36:770;28.89119911193847;72.3538818359375;92.69794464111328;[1]
(aaaf);1;12:01:36:770;28.89119911193847;72.3538818359375;92.69794464111328;[1]
(aaaf);1;12:01:37:98;28.89119911193847;72.3538818359375;92.69794464111328;[1]
(aaaf);1;12:01:37:98;28.89119911193847;72.3538818359375;92.69794464111328;[1]
(aaaf);1;12:01:37:424;28.89119911193847;72.3538818359375;92.69794464111328;[1]
(aaaf);1;12:01:37:424;28.89119911193847;72.3538818359375;92.69794464111328;[1]
(aaaf);1;12:01:37:752;28.89119911193847;72.3538818359375;92.76148986816406;[1]
(aaaf);1;12:01:37:752;28.89119911193847;72.3538818359375;92.76148986816406;[1]
(aaaf);1;12:01:38:80;28.89119911193847;72.3233642578125;92.57086944580078;[1]
(aaaf);1;12:01:38:80;28.89119911193847;72.3233642578125;92.57086944580078;[1]
(aaaf);1;12:01:38:407;28.89119911193847;72.3233642578125;92.82502746582031;[1]
(aaaf);1;12:01:38:407;28.89119911193847;72.3233642578125;92.82502746582031;[1]
(aaaf);1;12:01:38:735;28.89119911193847;72.3233642578125;92.69794464111328;[1]
(aaaf);1;12:01:38:735;28.89119911193847;72.3233642578125;92.69794464111328;[1]
(aaaf);1;12:01:39:63;28.95359992980957;72.3233642578125;92.76148986816406;[1]
(aaaf);1;12:01:39:63;28.95359992980957;72.3233642578125;92.76148986816406;[1]
(aaaf);1;12:01:39:391;28.89119911193847;72.3233642578125;92.82502746582031;[1]
(aaaf);1;12:01:39:391;28.89119911193847;72.3233642578125;92.82502746582031;[1]
(aaaf);1;12:01:39:719;28.95359992980957;72.2928466796875;92.69794464111328;[1]
(aaaf);1;12:01:39:719;28.95359992980957;72.2928466796875;92.69794464111328;[1]
(aaaf);1;12:01:40:47;28.89119911193847;72.2928466796875;92.69794464111328;[1]
(aaaf);1;12:01:40:47;28.89119911193847;72.2928466796875;92.69794464111328;[1]
(aaaf);1;12:01:40:375;28.95359992980957;72.2928466796875;92.76148986816406;[1]
(aaaf);1;12:01:40:375;28.95359992980957;72.2928466796875;92.76148986816406;[1]
(aaaf);1;12:01:40:703;28.95359992980957;72.2928466796875;92.88856506347656;[1]
(aaaf);1;12:01:40:703;28.95359992980957;72.2928466796875;92.88856506347656;[1]
(aaaf);1;12:01:41:30;28.89119911193847;72.2928466796875;92.76148986816406;[1]
(aaaf);1;12:01:41:30;28.89119911193847;72.2928466796875;92.76148986816406;[1]
(aaaf);1;12:01:41:359;28.95359992980957;72.2928466796875;92.69794464111328;[1]
(aaaf);1;12:01:41:359;28.95359992980957;72.2928466796875;92.69794464111328;[1]
(aaaf);1;12:01:41:687;28.95359992980957;72.26995849609375;92.82502746582031;[1]
(aaaf);1;12:01:41:687;28.95359992980957;72.26995849609375;92.82502746582031;[1]
(aaaf);1;12:01:42:15;28.89119911193847;72.26995849609375;92.69794464111328;[1]
(aaaf);1;12:01:42:15;28.89119911193847;72.26995849609375;92.69794464111328;[1]
(aaaf);1;12:01:42:343;28.95359992980957;72.26995849609375;92.76148986816406;[1]
(aaaf);1;12:01:42:343;28.95359992980957;72.26995849609375;92.76148986816406;[1]
(aaaf);1;12:01:42:671;28.95359992980957;72.26995849609375;92.69794464111328;[1]
(aaaf);1;12:01:42:671;28.95359992980957;72.26995849609375;92.69794464111328;[1]
(aaaf);1;12:01:42:999;28.95359992980957;72.26995849609375;92.88856506347656;[1]
(aaaf);1;12:01:42:999;28.95359992980957;72.26995849609375;92.88856506347656;[1]
(aaaf);1;12:01:43:327;28.95359992980957;72.26995849609375;92.69794464111328;[1]
(aaaf);1;12:01:43:327;28.95359992980957;72.26995849609375;92.69794464111328;[1]
(aaaf);1;12:01:43:655;28.95359992980957;72.26995849609375;92.69794464111328;[1]
(aaaf);1;12:01:43:655;28.95359992980957;72.26995849609375;92.69794464111328;[1]
(aaaf);1;12:01:43:983;28.95359992980957;72.2928466796875;92.69794464111328;[1]
(aaaf);1;12:01:43:983;28.95359992980957;72.2928466796875;92.69794464111328;[1]
(aaaf);1;12:01:44:311;28.95359992980957;72.2928466796875;92.82502746582031;[1]
(aaaf);1;12:01:44:311;28.95359992980957;72.2928466796875;92.82502746582031;[1]
(aaaf);1;12:01:44:638;28.95359992980957;72.338623046875;92.69794464111328;[1]
(aaaf);1;12:01:44:638;28.95359992980957;72.338623046875;92.69794464111328;[1]
(aaaf);1;12:01:44:966;28.95359992980957;72.36151123046875;92.57086944580078;[1]
(aaaf);1;12:01:44:966;28.95359992980957;72.36151123046875;92.57086944580078;[1]
(aaaf);1;12:01:45:294;28.95359992980957;72.36151123046875;92.88856506347656;[1]
(aaaf);1;12:01:45:294;28.95359992980957;72.36151123046875;92.88856506347656;[1]
(aaaf);1;12:01:45:622;28.95359992980957;72.36151123046875;92.69794464111328;[1]
(aaaf);1;12:01:45:622;28.95359992980957;72.36151123046875;92.69794464111328;[1]
(aaaf);1;12:01:45:950;28.95359992980957;72.36151123046875;92.82502746582031;[1]
(aaaf);1;12:01:45:950;28.95359992980957;72.36151123046875;92.82502746582031;[1]
(aaaf);1;12:01:46:278;28.95359992980957;72.3233642578125;92.82502746582031;[1]
(aaaf);1;12:01:46:278;28.95359992980957;72.3233642578125;92.82502746582031;[1]
(aaaf);1;12:01:46:606;28.89119911193847;72.3233642578125;92.76148986816406;[0]
