(bccf);17:02:13:375;1;27.14399909973144;79.63232421875;92.76148986816406;[1]
(aaaf);17:02:13:496;1;27.14399909973144;76.45849609375;92.88856506347656;[1]
(bccf);17:02:13:619;2;27.20639991760253;79.59417724609375;92.76148986816406;[1]
(aaaf);17:02:13:736;2;27.14399909973144;76.427978515625;92.76148986816406;[1]
(bccf);17:02:13:868;3;27.20639991760253;79.59417724609375;92.76148986816406;[1]
(aaaf);17:02:13:986;3;27.14399909973144;76.427978515625;92.88856506347656;[1]
(bccf);17:02:14:115;4;27.20639991760253;79.53314208984375;92.76148986816406;[1]
(aaaf);17:02:14:236;4;27.14399909973144;76.40509033203125;92.69794464111328;[1]
(cadf);17:02:14:356;1;27.08160018920898;74.8868408203125;92.82502746582031;[1]
(bccf);17:02:14:476;5;27.20639991760253;79.50262451171875;92.76148986816406;[1]
(cadf);17:02:14:595;2;27.14399909973144;74.8563232421875;92.95210266113281;[1]
(bccf);17:02:14:715;6;27.14399909973144;79.4644775390625;92.76148986816406;[1]
(cadf);17:02:14:835;3;27.08160018920898;74.8563232421875;92.95210266113281;[1]
(bccf);17:02:14:955;7;27.14399909973144;79.4339599609375;92.82502746582031;[1]
(cadf);17:02:15:75;4;27.14399909973144;74.8563232421875;92.82502746582031;[1]
(bccf);17:02:15:205;8;27.20639991760253;79.4034423828125;92.88856506347656;[1]
(cadf);17:02:15:325;5;27.08160018920898;74.8258056640625;92.95210266113281;[1]
(bccf);17:02:15:445;9;27.14399909973144;79.3729248046875;92.76148986816406;[1]
(cadf);17:02:15:565;6;27.08160018920898;74.80291748046875;92.76148986816406;[1]
(bccf);17:02:15:685;10;27.20639991760253;79.3424072265625;92.76148986816406;[1]
(cadf);17:02:15:805;7;27.08160018920898;74.80291748046875;92.82502746582031;[1]
(bccf);17:02:15:925;11;27.20639991760253;79.3424072265625;92.76148986816406;[1]
(cadf);17:02:16:45;8;27.14399909973144;74.77239990234375;92.95210266113281;[1]
(bccf);17:02:16:165;12;27.20639991760253;79.30426025390625;92.88856506347656;[1]
(cadf);17:02:16:285;9;27.14399909973144;74.74188232421875;92.95210266113281;[1]
(bccf);17:02:16:405;13;27.20639991760253;79.27374267578125;92.76148986816406;[1]
(cadf);17:02:16:525;10;27.14399909973144;74.74188232421875;92.82502746582031;[1]
(bccf);17:02:16:645;14;27.14399909973144;79.27374267578125;92.88856506347656;[1]
(cadf);17:02:16:765;11;27.14399909973144;74.74188232421875;92.76148986816406;[1]
(bccf);17:02:16:885;15;27.20639991760253;79.24322509765625;92.88856506347656;[1]
(aaaf);17:02:17:5;5;27.14399909973144;76.3211669921875;92.88856506347656;[1]
(bccf);17:02:17:130;16;27.20639991760253;79.24322509765625;92.88856506347656;[1]
(aaaf);17:02:17:250;6;27.20639991760253;76.3211669921875;92.88856506347656;[1]
(bccf);17:02:17:370;17;27.20639991760253;79.21270751953125;92.76148986816406;[1]
(aaaf);17:02:17:490;7;27.20639991760253;76.3211669921875;92.88856506347656;[1]
(bccf);17:02:17:610;18;27.20639991760253;79.21270751953125;92.76148986816406;[1]
(aaaf);17:02:17:730;8;27.20639991760253;76.3211669921875;92.88856506347656;[1]
(bccf);17:02:17:850;19;27.20639991760253;79.174560546875;92.69794464111328;[1]
(aaaf);17:02:17:970;9;27.20639991760253;76.2906494140625;92.88856506347656;[1]
(cadf);17:02:18:90;12;27.14399909973144;74.6884765625;92.76148986816406;[1]
(aaaf);17:02:18:210;10;27.20639991760253;76.2906494140625;92.76148986816406;[1]
(cadf);17:02:18:330;13;27.14399909973144;74.6884765625;92.82502746582031;[1]
(aaaf);17:02:18:450;11;27.20639991760253;76.2906494140625;92.88856506347656;[1]
(cadf);17:02:18:569;14;27.14399909973144;74.6884765625;92.82502746582031;[1]
(aaaf);17:02:18:689;12;27.20639991760253;76.2906494140625;92.88856506347656;[1]
(cadf);17:02:18:809;15;27.14399909973144;74.6884765625;92.82502746582031;[1]
(aaaf);17:02:18:929;13;27.14399909973144;76.2906494140625;92.82502746582031;[1]
(cadf);17:02:19:49;16;27.08160018920898;74.6884765625;92.95210266113281;[1]
(bccf);17:02:19:174;20;27.20639991760253;79.14404296875;92.76148986816406;[1]
(cadf);17:02:19:294;17;27.08160018920898;74.6884765625;92.95210266113281;[1]
(bccf);17:02:19:414;21;27.20639991760253;79.14404296875;92.76148986816406;[1]
(cadf);17:02:19:534;18;27.14399909973144;74.6884765625;92.76148986816406;[1]
(bccf);17:02:19:654;22;27.20639991760253;79.14404296875;92.82502746582031;[1]
(cadf);17:02:19:774;19;27.14399909973144;74.6884765625;92.95210266113281;[1]
(bccf);17:02:19:894;23;27.20639991760253;79.14404296875;92.76148986816406;[1]
(cadf);17:02:20:14;20;27.14399909973144;74.718994140625;92.95210266113281;[1]
(bccf);17:02:20:134;24;27.20639991760253;79.14404296875;92.88856506347656;[1]
(cadf);17:02:20:254;21;27.14399909973144;74.6884765625;92.82502746582031;[1]
(bccf);17:02:20:374;25;27.20639991760253;79.14404296875;92.76148986816406;[1]
(aaaf);17:02:20:494;14;27.20639991760253;76.2601318359375;92.88856506347656;[1]
(bccf);17:02:20:614;26;27.20639991760253;79.14404296875;92.76148986816406;[1]
(aaaf);17:02:20:734;15;27.20639991760253;76.2601318359375;92.69794464111328;[1]
(bccf);17:02:20:854;27;27.20639991760253;79.113525390625;92.76148986816406;[1]
(aaaf);17:02:20:974;16;27.20639991760253;76.25250244140625;92.76148986816406;[1]
(bccf);17:02:21:94;28;27.20639991760253;79.113525390625;92.76148986816406;[1]
(aaaf);17:02:21:218;17;27.20639991760253;76.20672607421875;92.76148986816406;[1]
(bccf);17:02:21:339;29;27.20639991760253;79.113525390625;92.76148986816406;[1]
(aaaf);17:02:21:459;18;27.268798828125;76.20672607421875;92.76148986816406;[1]
(bccf);17:02:21:579;30;27.20639991760253;79.113525390625;92.76148986816406;[1]
(aaaf);17:02:21:699;19;27.20639991760253;76.20672607421875;92.69794464111328;[1]
(bccf);17:02:21:819;31;27.20639991760253;79.113525390625;92.69794464111328;[1]
(aaaf);17:02:21:939;20;27.14399909973144;76.20672607421875;92.88856506347656;[1]
(cadf);17:02:22:59;22;27.14399909973144;74.718994140625;92.82502746582031;[1]
(aaaf);17:02:22:179;21;27.20639991760253;76.17620849609375;92.88856506347656;[1]
(cadf);17:02:22:299;23;27.14399909973144;74.718994140625;92.88856506347656;[1]
(aaaf);17:02:22:419;22;27.20639991760253;76.22198486328125;92.88856506347656;[1]
(cadf);17:02:22:538;24;27.14399909973144;74.718994140625;92.88856506347656;[1]
(aaaf);17:02:22:658;23;27.20639991760253;76.17620849609375;92.88856506347656;[1]
(cadf);17:02:22:778;25;27.14399909973144;74.718994140625;92.88856506347656;[1]
(aaaf);17:02:22:898;24;27.20639991760253;76.17620849609375;92.88856506347656;[1]
(cadf);17:02:23:18;26;27.20639991760253;74.718994140625;92.76148986816406;[1]
(bccf);17:02:23:138;32;27.268798828125;79.113525390625;92.76148986816406;[1]
(cadf);17:02:23:263;27;27.14399909973144;74.718994140625;92.76148986816406;[1]
(bccf);17:02:23:383;33;27.20639991760253;79.113525390625;92.76148986816406;[1]
(cadf);17:02:23:503;28;27.14399909973144;74.718994140625;92.69794464111328;[1]
(bccf);17:02:23:623;34;27.20639991760253;79.14404296875;92.76148986816406;[1]
(cadf);17:02:23:743;29;27.14399909973144;74.718994140625;92.76148986816406;[1]
(bccf);17:02:23:863;35;27.20639991760253;79.14404296875;92.76148986816406;[1]
(cadf);17:02:23:983;30;27.14399909973144;74.718994140625;92.82502746582031;[1]
(bccf);17:02:24:103;36;27.20639991760253;79.14404296875;92.76148986816406;[1]
(aaaf);17:02:24:223;25;27.20639991760253;76.1990966796875;92.88856506347656;[1]
(bccf);17:02:24:343;37;27.268798828125;79.14404296875;92.76148986816406;[1]
(aaaf);17:02:24:463;26;27.20639991760253;76.1990966796875;92.76148986816406;[1]
(bccf);17:02:24:583;38;27.20639991760253;79.14404296875;92.76148986816406;[1]
(aaaf);17:02:24:703;27;27.20639991760253;76.122802734375;92.76148986816406;[1]
(bccf);17:02:24:823;39;27.20639991760253;79.14404296875;92.76148986816406;[1]
(aaaf);17:02:24:943;28;27.20639991760253;76.122802734375;92.82502746582031;[1]
(bccf);17:02:25:63;40;27.20639991760253;79.14404296875;92.76148986816406;[1]
(aaaf);17:02:25:183;29;27.20639991760253;76.122802734375;92.88856506347656;[1]
(bccf);17:02:25:307;41;27.20639991760253;79.14404296875;92.76148986816406;[1]
(aaaf);17:02:25:428;30;27.20639991760253;76.1685791015625;92.88856506347656;[1]
(bccf);17:02:25:548;42;27.20639991760253;79.14404296875;92.76148986816406;[1]
(aaaf);17:02:25:668;31;27.20639991760253;76.122802734375;92.76148986816406;[1]
(bccf);17:02:25:788;43;27.268798828125;79.14404296875;92.88856506347656;[1]
(aaaf);17:02:25:908;32;27.20639991760253;76.122802734375;92.88856506347656;[1]
(cadf);17:02:26:28;31;27.20639991760253;74.718994140625;92.76148986816406;[1]
(aaaf);17:02:26:148;33;27.20639991760253;76.122802734375;92.88856506347656;[1]
(cadf);17:02:26:268;32;27.20639991760253;74.718994140625;92.95210266113281;[1]
(aaaf);17:02:26:388;34;27.20639991760253;76.122802734375;92.76148986816406;[1]
(cadf);17:02:26:507;33;27.14399909973144;74.718994140625;92.82502746582031;[1]
(aaaf);17:02:26:627;35;27.20639991760253;76.1380615234375;92.88856506347656;[1]
(cadf);17:02:26:747;34;27.20639991760253;74.718994140625;92.95210266113281;[1]
(aaaf);17:02:26:867;36;27.20639991760253;76.1380615234375;92.88856506347656;[1]
(cadf);17:02:26:987;35;27.14399909973144;74.718994140625;92.82502746582031;[1]
(aaaf);17:02:27:107;37;27.20639991760253;76.1380615234375;92.88856506347656;[1]
(cadf);17:02:27:227;36;27.20639991760253;74.718994140625;92.82502746582031;[1]
(aaaf);17:02:27:347;38;27.20639991760253;76.09991455078125;92.82502746582031;[1]
(cadf);17:02:27:472;37;27.14399909973144;74.718994140625;92.82502746582031;[1]
(bccf);17:02:27:592;44;27.20639991760253;79.174560546875;92.76148986816406;[1]
(cadf);17:02:27:712;38;27.20639991760253;74.718994140625;92.82502746582031;[1]
(bccf);17:02:27:832;45;27.20639991760253;79.14404296875;92.76148986816406;[1]
(cadf);17:02:27:952;39;27.20639991760253;74.718994140625;92.95210266113281;[1]
(bccf);17:02:28:72;46;27.268798828125;79.174560546875;92.76148986816406;[1]
(cadf);17:02:28:192;40;27.20639991760253;74.6884765625;92.82502746582031;[1]
(bccf);17:02:28:312;47;27.268798828125;79.174560546875;92.76148986816406;[1]
(aaaf);17:02:28:432;39;27.20639991760253;76.11517333984375;92.88856506347656;[1]
(bccf);17:02:28:552;48;27.268798828125;79.14404296875;92.76148986816406;[1]
(aaaf);17:02:28:672;40;27.20639991760253;76.03887939453125;92.88856506347656;[1]
(bccf);17:02:28:792;49;27.268798828125;79.14404296875;92.76148986816406;[1]
(aaaf);17:02:28:912;41;27.20639991760253;76.03887939453125;92.88856506347656;[1]
(bccf);17:02:29:32;50;27.20639991760253;79.174560546875;92.88856506347656;[1]
(aaaf);17:02:29:152;42;27.20639991760253;76.08465576171875;92.88856506347656;[1]
(bccf);17:02:29:272;51;27.268798828125;79.14404296875;92.88856506347656;[1]
(aaaf);17:02:29:392;43;27.20639991760253;76.00836181640625;92.88856506347656;[1]
(bccf);17:02:29:517;52;27.268798828125;79.14404296875;92.76148986816406;[1]
(aaaf);17:02:29:637;44;27.20639991760253;76.00836181640625;92.88856506347656;[1]
(bccf);17:02:29:757;53;27.268798828125;79.14404296875;92.76148986816406;[1]
(aaaf);17:02:29:877;45;27.268798828125;76.05413818359375;92.76148986816406;[1]
(cadf);17:02:29:997;41;27.20639991760253;74.6884765625;92.76148986816406;[1]
(aaaf);17:02:30:117;46;27.20639991760253;75.9854736328125;92.76148986816406;[1]
(cadf);17:02:30:237;42;27.20639991760253;74.72662353515625;92.82502746582031;[1]
(aaaf);17:02:30:357;47;27.268798828125;76.03125;92.76148986816406;[1]
(cadf);17:02:30:477;43;27.20639991760253;74.657958984375;92.82502746582031;[1]
(aaaf);17:02:30:597;48;27.20639991760253;76.03125;92.88856506347656;[1]
(cadf);17:02:30:717;44;27.20639991760253;74.7037353515625;92.82502746582031;[1]
(aaaf);17:02:30:837;49;27.20639991760253;76.03125;92.88856506347656;[1]
(cadf);17:02:30:957;45;27.20639991760253;74.7037353515625;92.82502746582031;[1]
(aaaf);17:02:31:77;50;27.20639991760253;75.9549560546875;92.88856506347656;[1]
(cadf);17:02:31:196;46;27.14399909973144;74.7037353515625;92.82502746582031;[1]
(aaaf);17:02:31:316;51;27.20639991760253;76.000732421875;92.88856506347656;[1]
(cadf);17:02:31:441;47;27.20639991760253;74.7037353515625;92.82502746582031;[1]
(bccf);17:02:31:561;54;27.268798828125;79.0830078125;92.88856506347656;[1]
(cadf);17:02:31:681;48;27.20639991760253;74.6732177734375;92.82502746582031;[1]
(bccf);17:02:31:801;55;27.268798828125;79.0830078125;92.76148986816406;[1]
(cadf);17:02:31:921;49;27.20639991760253;74.6732177734375;92.82502746582031;[1]
(bccf);17:02:32:41;56;27.268798828125;79.0830078125;92.76148986816406;[1]
(cadf);17:02:32:161;50;27.20639991760253;74.6732177734375;92.82502746582031;[1]
(bccf);17:02:32:281;57;27.268798828125;79.04486083984375;92.88856506347656;[1]
(cadf);17:02:32:401;51;27.20639991760253;74.6732177734375;92.95210266113281;[1]
(bccf);17:02:32:521;58;27.268798828125;79.04486083984375;92.88856506347656;[1]
(cadf);17:02:32:641;52;27.268798828125;74.6732177734375;92.82502746582031;[1]
(bccf);17:02:32:761;59;27.268798828125;79.04486083984375;92.88856506347656;[1]
(cadf);17:02:32:881;53;27.20639991760253;74.6732177734375;92.82502746582031;[1]
(bccf);17:02:33:1;60;27.268798828125;79.04486083984375;92.76148986816406;[1]
(cadf);17:02:33:121;54;27.20639991760253;74.6427001953125;92.82502746582031;[1]
(bccf);17:02:33:241;61;27.268798828125;79.01434326171875;92.88856506347656;[1]
(cadf);17:02:33:361;55;27.20639991760253;74.6427001953125;92.88856506347656;[1]
(bccf);17:02:33:486;62;27.268798828125;79.01434326171875;92.76148986816406;[1]
(cadf);17:02:33:606;56;27.20639991760253;74.61981201171875;92.82502746582031;[1]
(bccf);17:02:33:726;63;27.268798828125;79.01434326171875;92.76148986816406;[1]
(aaaf);17:02:33:846;52;27.20639991760253;75.94732666015625;92.88856506347656;[1]
(bccf);17:02:33:966;64;27.268798828125;79.01434326171875;92.76148986816406;[1]
(aaaf);17:02:34:86;53;27.20639991760253;75.94732666015625;92.88856506347656;[1]
(bccf);17:02:34:206;65;27.268798828125;79.01434326171875;92.88856506347656;[1]
(aaaf);17:02:34:326;54;27.268798828125;75.91680908203125;92.88856506347656;[1]
(cadf);17:02:34:446;57;27.20639991760253;74.61981201171875;92.88856506347656;[1]
(aaaf);17:02:34:566;55;27.268798828125;75.91680908203125;92.88856506347656;[1]
(cadf);17:02:34:686;58;27.20639991760253;74.61981201171875;92.82502746582031;[1]
(aaaf);17:02:34:806;56;27.268798828125;75.94732666015625;92.88856506347656;[1]
(cadf);17:02:34:926;59;27.20639991760253;74.61981201171875;92.82502746582031;[1]
(aaaf);17:02:35:45;57;27.20639991760253;75.91680908203125;92.76148986816406;[1]
(cadf);17:02:35:165;60;27.20639991760253;74.61981201171875;92.95210266113281;[1]
(aaaf);17:02:35:285;58;27.20639991760253;75.91680908203125;92.88856506347656;[1]
(cadf);17:02:35:410;61;27.20639991760253;74.61981201171875;92.82502746582031;[1]
(aaaf);17:02:35:530;59;27.20639991760253;75.91680908203125;92.82502746582031;[1]
(cadf);17:02:35:650;62;27.268798828125;74.61981201171875;92.82502746582031;[1]
(aaaf);17:02:35:770;60;27.268798828125;75.91680908203125;92.76148986816406;[1]
(cadf);17:02:35:890;63;27.20639991760253;74.61981201171875;92.95210266113281;[1]
(aaaf);17:02:36:10;61;27.268798828125;75.91680908203125;92.88856506347656;[1]
(cadf);17:02:36:130;64;27.20639991760253;74.61981201171875;92.88856506347656;[1]
(bccf);17:02:36:250;66;27.268798828125;79.052490234375;92.76148986816406;[1]
(cadf);17:02:36:370;65;27.20639991760253;74.61981201171875;92.82502746582031;[1]
(bccf);17:02:36:490;67;27.268798828125;79.052490234375;92.76148986816406;[1]
(cadf);17:02:36:610;66;27.20639991760253;74.61981201171875;92.82502746582031;[1]
(bccf);17:02:36:730;68;27.3311996459961;79.052490234375;92.76148986816406;[1]
(cadf);17:02:36:850;67;27.268798828125;74.61981201171875;92.82502746582031;[1]
(bccf);17:02:36:970;69;27.268798828125;79.052490234375;92.76148986816406;[1]
(cadf);17:02:37:90;68;27.268798828125;74.61981201171875;92.82502746582031;[1]
(bccf);17:02:37:210;70;27.268798828125;79.052490234375;92.88856506347656;[1]
(aaaf);17:02:37:330;62;27.268798828125;75.91680908203125;92.88856506347656;[1]
(bccf);17:02:37:455;71;27.268798828125;79.052490234375;92.88856506347656;[1]
(aaaf);17:02:37:575;63;27.268798828125;75.91680908203125;92.88856506347656;[1]
(bccf);17:02:37:695;72;27.268798828125;79.052490234375;92.76148986816406;[1]
(aaaf);17:02:37:815;64;27.268798828125;75.91680908203125;92.88856506347656;[1]
(bccf);17:02:37:935;73;27.268798828125;79.052490234375;92.76148986816406;[1]
(aaaf);17:02:38:55;65;27.20639991760253;75.91680908203125;92.88856506347656;[1]
(bccf);17:02:38:175;74;27.3311996459961;79.052490234375;92.76148986816406;[1]
(aaaf);17:02:38:295;66;27.268798828125;75.91680908203125;92.88856506347656;[1]
(bccf);17:02:38:415;75;27.268798828125;79.052490234375;92.88856506347656;[1]
(aaaf);17:02:38:535;67;27.268798828125;75.91680908203125;92.88856506347656;[1]
(bccf);17:02:38:655;76;27.268798828125;79.052490234375;92.76148986816406;[1]
(aaaf);17:02:38:775;68;27.20639991760253;75.91680908203125;92.76148986816406;[1]
(bccf);17:02:38:895;77;27.3311996459961;79.052490234375;92.76148986816406;[1]
(aaaf);17:02:39:15;69;27.268798828125;75.88629150390625;92.76148986816406;[1]
(cadf);17:02:39:135;69;27.268798828125;74.58929443359375;92.76148986816406;[1]
(aaaf);17:02:39:255;70;27.268798828125;75.88629150390625;92.76148986816406;[1]
(cadf);17:02:39:375;70;27.268798828125;74.58929443359375;92.82502746582031;[1]
(aaaf);17:02:39:495;71;27.268798828125;75.88629150390625;92.76148986816406;[1]
(cadf);17:02:39:620;71;27.268798828125;74.58929443359375;92.82502746582031;[1]
(aaaf);17:02:39:740;72;27.268798828125;75.88629150390625;92.82502746582031;[1]
(cadf);17:02:39:860;72;27.268798828125;74.58929443359375;92.82502746582031;[1]
(aaaf);17:02:39:980;73;27.20639991760253;75.88629150390625;92.82502746582031;[1]
(cadf);17:02:40:100;73;27.268798828125;74.55877685546875;92.82502746582031;[1]
(aaaf);17:02:40:220;74;27.268798828125;75.88629150390625;92.88856506347656;[1]
(cadf);17:02:40:340;74;27.268798828125;74.55877685546875;92.88856506347656;[1]
(aaaf);17:02:40:459;75;27.268798828125;75.88629150390625;92.76148986816406;[1]
(cadf);17:02:40:584;75;27.268798828125;74.535888671875;92.95210266113281;[1]
(aaaf);17:02:40:709;76;27.268798828125;75.88629150390625;92.88856506347656;[1]
(cadf);17:02:40:829;76;27.268798828125;74.535888671875;92.88856506347656;[1]
(aaaf);17:02:40:949;77;27.268798828125;75.91680908203125;92.76148986816406;[1]
(cadf);17:02:41:69;77;27.268798828125;74.535888671875;92.95210266113281;[1]
(aaaf);17:02:41:189;78;27.268798828125;75.91680908203125;92.76148986816406;[1]
(cadf);17:02:41:309;78;27.268798828125;74.50537109375;92.82502746582031;[1]
(bccf);17:02:41:429;78;27.3311996459961;78.991455078125;92.76148986816406;[1]
(cadf);17:02:41:549;79;27.268798828125;74.50537109375;92.82502746582031;[1]
(bccf);17:02:41:674;79;27.3311996459961;78.991455078125;92.76148986816406;[1]
(cadf);17:02:41:794;80;27.268798828125;74.50537109375;92.82502746582031;[1]
(bccf);17:02:41:914;80;27.3311996459961;78.991455078125;92.76148986816406;[1]
(cadf);17:02:42:34;81;27.268798828125;74.474853515625;92.82502746582031;[1]
(bccf);17:02:42:154;81;27.3311996459961;78.95330810546875;92.88856506347656;[1]
(cadf);17:02:42:274;82;27.268798828125;74.474853515625;92.95210266113281;[1]
(bccf);17:02:42:394;82;27.3311996459961;78.95330810546875;92.88856506347656;[1]
(cadf);17:02:42:514;83;27.268798828125;74.474853515625;92.82502746582031;[1]
(bccf);17:02:42:634;83;27.3311996459961;78.92279052734375;92.76148986816406;[1]
(cadf);17:02:42:754;84;27.268798828125;74.474853515625;92.82502746582031;[1]
(bccf);17:02:42:874;84;27.3311996459961;78.92279052734375;92.76148986816406;[1]
(aaaf);17:02:42:994;79;27.3311996459961;75.91680908203125;92.76148986816406;[1]
(bccf);17:02:43:114;85;27.3311996459961;78.89227294921875;92.76148986816406;[1]
(aaaf);17:02:43:234;80;27.268798828125;75.91680908203125;92.76148986816406;[1]
(bccf);17:02:43:354;86;27.3311996459961;78.89227294921875;92.76148986816406;[1]
(aaaf);17:02:43:474;81;27.268798828125;75.91680908203125;92.88856506347656;[1]
(bccf);17:02:43:594;87;27.3311996459961;78.86175537109375;92.76148986816406;[1]
(aaaf);17:02:43:719;82;27.268798828125;75.91680908203125;92.76148986816406;[1]
(bccf);17:02:43:839;88;27.3311996459961;78.83123779296875;92.88856506347656;[1]
(aaaf);17:02:43:959;83;27.268798828125;75.91680908203125;92.88856506347656;[1]
(cadf);17:02:44:79;85;27.268798828125;74.42144775390625;92.82502746582031;[1]
(aaaf);17:02:44:199;84;27.3311996459961;75.91680908203125;92.76148986816406;[1]
(cadf);17:02:44:319;86;27.268798828125;74.42144775390625;92.76148986816406;[1]
(aaaf);17:02:44:439;85;27.3311996459961;75.91680908203125;92.76148986816406;[1]
(cadf);17:02:44:558;87;27.268798828125;74.42144775390625;92.82502746582031;[1]
(aaaf);17:02:44:678;86;27.268798828125;75.91680908203125;92.88856506347656;[1]
(cadf);17:02:44:798;88;27.268798828125;74.42144775390625;92.82502746582031;[1]
(aaaf);17:02:44:918;87;27.3311996459961;75.91680908203125;92.76148986816406;[1]
(cadf);17:02:45:38;89;27.268798828125;74.39093017578125;93.01564025878906;[1]
(aaaf);17:02:45:158;88;27.3311996459961;75.91680908203125;92.88856506347656;[1]
(cadf);17:02:45:278;90;27.268798828125;74.39093017578125;92.82502746582031;[1]
(aaaf);17:02:45:398;89;27.268798828125;75.91680908203125;92.76148986816406;[1]
(cadf);17:02:45:518;91;27.268798828125;74.39093017578125;92.76148986816406;[1]
(bccf);17:02:45:643;89;27.3311996459961;78.7320556640625;92.76148986816406;[1]
(cadf);17:02:45:763;92;27.268798828125;74.3680419921875;92.76148986816406;[1]
(bccf);17:02:45:883;90;27.3311996459961;78.7320556640625;92.76148986816406;[1]
(cadf);17:02:46:3;93;27.268798828125;74.3680419921875;92.95210266113281;[1]
(bccf);17:02:46:123;91;27.3311996459961;78.7015380859375;92.76148986816406;[1]
(cadf);17:02:46:243;94;27.268798828125;74.3680419921875;92.82502746582031;[1]
(bccf);17:02:46:363;92;27.268798828125;78.7015380859375;92.76148986816406;[1]
(cadf);17:02:46:483;95;27.3311996459961;74.3680419921875;92.82502746582031;[1]
(bccf);17:02:46:603;93;27.3311996459961;78.7015380859375;92.76148986816406;[1]
(cadf);17:02:46:723;96;27.268798828125;74.3375244140625;92.82502746582031;[1]
(bccf);17:02:46:843;94;27.3311996459961;78.7015380859375;92.76148986816406;[1]
(aaaf);17:02:46:963;90;27.268798828125;75.88629150390625;92.76148986816406;[1]
(bccf);17:02:47:83;95;27.3311996459961;78.66339111328125;92.76148986816406;[1]
(aaaf);17:02:47:203;91;27.3311996459961;75.8634033203125;92.88856506347656;[1]
(bccf);17:02:47:323;96;27.3311996459961;78.66339111328125;92.76148986816406;[1]
(aaaf);17:02:47:443;92;27.268798828125;75.8634033203125;92.76148986816406;[1]
(bccf);17:02:47:563;97;27.3311996459961;78.66339111328125;92.76148986816406;[1]
(aaaf);17:02:47:683;93;27.3311996459961;75.8634033203125;92.76148986816406;[1]
(bccf);17:02:47:808;98;27.3311996459961;78.66339111328125;92.88856506347656;[1]
(aaaf);17:02:47:928;94;27.268798828125;75.8634033203125;92.76148986816406;[1]
(bccf);17:02:48:48;99;27.3311996459961;78.66339111328125;92.76148986816406;[1]
(aaaf);17:02:48:168;95;27.3311996459961;75.8634033203125;92.88856506347656;[1]
(cadf);17:02:48:288;97;27.3311996459961;74.31463623046875;92.82502746582031;[1]
(aaaf);17:02:48:408;96;27.3311996459961;75.8634033203125;92.76148986816406;[1]
(cadf);17:02:48:528;98;27.3311996459961;74.28411865234375;92.82502746582031;[1]
(aaaf);17:02:48:648;97;27.268798828125;75.8634033203125;92.76148986816406;[1]
(cadf);17:02:48:768;99;27.268798828125;74.28411865234375;92.82502746582031;[1]
(aaaf);17:02:48:888;98;27.3311996459961;75.8328857421875;92.88856506347656;[1]
(cadf);17:02:49:8;100;27.3311996459961;74.28411865234375;92.82502746582031;[1]
(aaaf);17:02:49:128;99;27.3311996459961;75.8328857421875;92.76148986816406;[1]
(cadf);17:02:49:248;101;27.268798828125;74.28411865234375;92.82502746582031;[1]
(aaaf);17:02:49:368;100;27.3311996459961;75.8634033203125;92.88856506347656;[1]
(cadf);17:02:49:488;102;27.268798828125;74.28411865234375;92.82502746582031;[1]
(bccf);17:02:49:608;100;27.39359855651855;78.66339111328125;92.88856506347656;[1]
(cadf);17:02:49:737;103;27.3311996459961;74.25360107421875;92.82502746582031;[1]
(bccf);17:02:49:862;101;27.39359855651855;78.66339111328125;92.76148986816406;[1]
(cadf);17:02:49:982;104;27.3311996459961;74.25360107421875;92.82502746582031;[1]
(bccf);17:02:50:102;102;27.39359855651855;78.66339111328125;92.88856506347656;[1]
(cadf);17:02:50:222;105;27.3311996459961;74.25360107421875;92.82502746582031;[1]
(bccf);17:02:50:342;103;27.39359855651855;78.66339111328125;92.76148986816406;[1]
(cadf);17:02:50:462;106;27.3311996459961;74.25360107421875;92.82502746582031;[1]
(bccf);17:02:50:582;104;27.39359855651855;78.66339111328125;92.76148986816406;[1]
(cadf);17:02:50:702;107;27.3311996459961;74.22308349609375;92.82502746582031;[1]
(bccf);17:02:50:822;105;27.3311996459961;78.66339111328125;92.76148986816406;[1]
(cadf);17:02:50:942;108;27.3311996459961;74.22308349609375;92.82502746582031;[1]
(bccf);17:02:51:62;106;27.3311996459961;78.66339111328125;92.76148986816406;[1]
(cadf);17:02:51:182;109;27.3311996459961;74.22308349609375;92.95210266113281;[1]
(bccf);17:02:51:302;107;27.3311996459961;78.66339111328125;92.88856506347656;[1]
(aaaf);17:02:51:422;101;27.3311996459961;75.8328857421875;92.76148986816406;[1]
(bccf);17:02:51:542;108;27.3311996459961;78.66339111328125;92.76148986816406;[1]
(aaaf);17:02:51:667;102;27.3311996459961;75.8328857421875;92.76148986816406;[1]
(bccf);17:02:51:787;109;27.3311996459961;78.66339111328125;92.76148986816406;[1]
(aaaf);17:02:51:907;103;27.3311996459961;75.8328857421875;92.76148986816406;[1]
(bccf);17:02:52:27;110;27.39359855651855;78.66339111328125;92.76148986816406;[1]
(aaaf);17:02:52:147;104;27.3311996459961;75.8023681640625;92.88856506347656;[1]
(bccf);17:02:52:267;111;27.39359855651855;78.66339111328125;92.76148986816406;[1]
(aaaf);17:02:52:387;105;27.3311996459961;75.8023681640625;92.88856506347656;[1]
(cadf);17:02:52:507;110;27.3311996459961;74.25360107421875;92.82502746582031;[1]
(aaaf);17:02:52:627;106;27.3311996459961;75.8023681640625;92.88856506347656;[1]
(cadf);17:02:52:747;111;27.3311996459961;74.28411865234375;92.76148986816406;[1]
(aaaf);17:02:52:867;107;27.3311996459961;75.8023681640625;92.88856506347656;[1]
(cadf);17:02:52:987;112;27.39359855651855;74.28411865234375;92.82502746582031;[1]
(aaaf);17:02:53:107;108;27.3311996459961;75.8023681640625;92.76148986816406;[1]
(cadf);17:02:53:227;113;27.3311996459961;74.28411865234375;92.88856506347656;[1]
(bccf);17:02:53:347;112;27.3311996459961;78.66339111328125;92.63440704345703;[1]
(cadf);17:02:53:472;114;27.3311996459961;74.28411865234375;92.82502746582031;[1]
(bccf);17:02:53:592;113;27.39359855651855;78.66339111328125;92.76148986816406;[1]
(cadf);17:02:53:712;115;27.3311996459961;74.28411865234375;92.82502746582031;[1]
(bccf);17:02:53:832;114;27.39359855651855;78.66339111328125;92.82502746582031;[1]
(cadf);17:02:53:952;116;27.39359855651855;74.28411865234375;92.82502746582031;[1]
(bccf);17:02:54:72;115;27.39359855651855;78.66339111328125;92.76148986816406;[1]
(cadf);17:02:54:191;117;27.3311996459961;74.28411865234375;92.76148986816406;[1]
(bccf);17:02:54:311;116;27.39359855651855;78.66339111328125;92.76148986816406;[1]
(cadf);17:02:54:432;118;27.3311996459961;74.28411865234375;92.76148986816406;[1]
(bccf);17:02:54:551;117;27.39359855651855;78.66339111328125;92.82502746582031;[1]
(aaaf);17:02:54:671;109;27.3311996459961;75.8328857421875;92.88856506347656;[1]
(bccf);17:02:54:791;118;27.39359855651855;78.63287353515625;92.76148986816406;[1]
(aaaf);17:02:54:911;110;27.3311996459961;75.8328857421875;92.82502746582031;[1]
(bccf);17:02:55:31;119;27.3311996459961;78.66339111328125;92.82502746582031;[1]
(aaaf);17:02:55:151;111;27.3311996459961;75.8328857421875;92.88856506347656;[1]
(bccf);17:02:55:271;120;27.39359855651855;78.63287353515625;92.76148986816406;[1]
(aaaf);17:02:55:396;112;27.3311996459961;75.8328857421875;92.88856506347656;[1]
(bccf);17:02:55:516;121;27.39359855651855;78.66339111328125;92.76148986816406;[1]
(aaaf);17:02:55:636;113;27.39359855651855;75.8328857421875;92.76148986816406;[1]
(cadf);17:02:55:756;119;27.3311996459961;74.25360107421875;92.82502746582031;[1]
(aaaf);17:02:55:876;114;27.3311996459961;75.8328857421875;92.76148986816406;[1]
(cadf);17:02:55:996;120;27.3311996459961;74.25360107421875;92.76148986816406;[1]
(aaaf);17:02:56:116;115;27.3311996459961;75.8328857421875;92.88856506347656;[1]
(cadf);17:02:56:236;121;27.3311996459961;74.22308349609375;92.82502746582031;[1]
(aaaf);17:02:56:356;116;27.3311996459961;75.8328857421875;92.76148986816406;[1]
(cadf);17:02:56:476;122;27.3311996459961;74.22308349609375;92.88856506347656;[1]
(aaaf);17:02:56:596;117;27.3311996459961;75.8328857421875;92.88856506347656;[1]
(cadf);17:02:56:716;123;27.3311996459961;74.22308349609375;92.95210266113281;[1]
(aaaf);17:02:56:836;118;27.3311996459961;75.8328857421875;92.88856506347656;[1]
(cadf);17:02:56:956;124;27.3311996459961;74.2001953125;92.82502746582031;[1]
(aaaf);17:02:57:76;119;27.39359855651855;75.8328857421875;92.88856506347656;[1]
(cadf);17:02:57:201;125;27.3311996459961;74.2001953125;92.76148986816406;[1]
(aaaf);17:02:57:321;120;27.39359855651855;75.8023681640625;92.76148986816406;[1]
(cadf);17:02:57:441;126;27.3311996459961;74.169677734375;92.82502746582031;[1]
(bccf);17:02:57:561;122;27.39359855651855;78.66339111328125;92.76148986816406;[1]
(cadf);17:02:57:681;127;27.39359855651855;74.169677734375;92.88856506347656;[1]
(bccf);17:02:57:801;123;27.39359855651855;78.66339111328125;92.76148986816406;[1]
(cadf);17:02:57:921;128;27.3311996459961;74.169677734375;93.01564025878906;[1]
(bccf);17:02:58:41;124;27.39359855651855;78.66339111328125;92.95210266113281;[1]
(cadf);17:02:58:161;129;27.3311996459961;74.169677734375;92.88856506347656;[1]
(bccf);17:02:58:281;125;27.39359855651855;78.66339111328125;92.76148986816406;[1]
(aaaf);17:02:58:401;121;27.39359855651855;75.8023681640625;92.88856506347656;[1]
(bccf);17:02:58:521;126;27.45599937438964;78.66339111328125;92.76148986816406;[1]
(aaaf);17:02:58:641;122;27.39359855651855;75.8023681640625;92.69794464111328;[1]
(bccf);17:02:58:760;127;27.39359855651855;78.63287353515625;92.76148986816406;[1]
(aaaf);17:02:58:880;123;27.39359855651855;75.8023681640625;92.88856506347656;[1]
(bccf);17:02:59:0;128;27.39359855651855;78.63287353515625;92.76148986816406;[1]
(aaaf);17:02:59:125;124;27.39359855651855;75.8023681640625;92.88856506347656;[1]
(bccf);17:02:59:245;129;27.39359855651855;78.63287353515625;92.82502746582031;[1]
(aaaf);17:02:59:365;125;27.3311996459961;75.8023681640625;92.88856506347656;[1]
(bccf);17:02:59:485;130;27.39359855651855;78.63287353515625;92.76148986816406;[1]
(aaaf);17:02:59:605;126;27.39359855651855;75.8023681640625;92.76148986816406;[1]
(cadf);17:02:59:725;130;27.39359855651855;74.11627197265625;92.82502746582031;[1]
(aaaf);17:02:59:845;127;27.39359855651855;75.8023681640625;92.88856506347656;[1]
(cadf);17:02:59:965;131;27.39359855651855;74.11627197265625;92.88856506347656;[1]
(aaaf);17:03:00:85;128;27.3311996459961;75.77947998046875;92.88856506347656;[1]
(cadf);17:03:00:205;132;27.3311996459961;74.11627197265625;92.76148986816406;[1]
(aaaf);17:03:00:325;129;27.3311996459961;75.77947998046875;92.76148986816406;[1]
(cadf);17:03:00:445;133;27.39359855651855;74.11627197265625;92.88856506347656;[1]
(aaaf);17:03:00:565;130;27.39359855651855;75.74896240234375;92.88856506347656;[1]
(cadf);17:03:00:685;134;27.3311996459961;74.11627197265625;92.76148986816406;[1]
(aaaf);17:03:00:805;131;27.39359855651855;75.74896240234375;92.76148986816406;[1]
(cadf);17:03:00:925;135;27.39359855651855;74.11627197265625;92.82502746582031;[1]
(aaaf);17:03:01:50;132;27.39359855651855;75.74896240234375;92.88856506347656;[1]
(cadf);17:03:01:170;136;27.39359855651855;74.11627197265625;92.69794464111328;[1]
(aaaf);17:03:01:290;133;27.39359855651855;75.71844482421875;92.88856506347656;[1]
(cadf);17:03:01:410;137;27.39359855651855;74.11627197265625;92.88856506347656;[1]
(bccf);17:03:01:530;131;27.39359855651855;78.60235595703125;92.76148986816406;[1]
(cadf);17:03:01:650;138;27.39359855651855;74.11627197265625;92.88856506347656;[1]
(bccf);17:03:01:770;132;27.39359855651855;78.60235595703125;92.88856506347656;[1]
(cadf);17:03:01:890;139;27.39359855651855;74.11627197265625;92.82502746582031;[1]
(bccf);17:03:02:10;133;27.45599937438964;78.60235595703125;92.76148986816406;[1]
(cadf);17:03:02:130;140;27.3311996459961;74.08575439453125;92.82502746582031;[1]
(bccf);17:03:02:249;134;27.45599937438964;78.60235595703125;92.88856506347656;[1]
(aaaf);17:03:02:369;134;27.39359855651855;75.695556640625;92.76148986816406;[1]
(bccf);17:03:02:489;135;27.45599937438964;78.60235595703125;92.76148986816406;[1]
(aaaf);17:03:02:609;135;27.3311996459961;75.695556640625;92.76148986816406;[1]
(bccf);17:03:02:729;136;27.39359855651855;78.60235595703125;92.76148986816406;[1]
(aaaf);17:03:02:849;136;27.39359855651855;75.695556640625;92.88856506347656;[1]
(bccf);17:03:02:974;137;27.39359855651855;78.60235595703125;92.76148986816406;[1]
(aaaf);17:03:03:94;137;27.39359855651855;75.695556640625;92.69794464111328;[1]
(cadf);17:03:03:214;141;27.39359855651855;74.08575439453125;92.95210266113281;[1]
(aaaf);17:03:03:334;138;27.39359855651855;75.695556640625;92.88856506347656;[1]
(cadf);17:03:03:454;142;27.39359855651855;74.08575439453125;92.82502746582031;[1]
(aaaf);17:03:03:574;139;27.39359855651855;75.695556640625;92.88856506347656;[1]
(cadf);17:03:03:694;143;27.39359855651855;74.08575439453125;92.82502746582031;[1]
(aaaf);17:03:03:814;140;27.39359855651855;75.695556640625;92.76148986816406;[1]
(cadf);17:03:03:934;144;27.39359855651855;74.08575439453125;92.88856506347656;[1]
(aaaf);17:03:04:54;141;27.39359855651855;75.695556640625;92.76148986816406;[1]
(cadf);17:03:04:174;145;27.39359855651855;74.08575439453125;92.82502746582031;[1]
(aaaf);17:03:04:294;142;27.39359855651855;75.695556640625;92.76148986816406;[1]
(cadf);17:03:04:414;146;27.39359855651855;74.08575439453125;92.88856506347656;[1]
(bccf);17:03:04:534;138;27.39359855651855;78.57183837890625;92.76148986816406;[1]
(cadf);17:03:04:654;147;27.39359855651855;74.08575439453125;92.76148986816406;[1]
(bccf);17:03:04:779;139;27.45599937438964;78.57183837890625;92.88856506347656;[1]
(cadf);17:03:04:899;148;27.39359855651855;74.08575439453125;92.76148986816406;[1]
(bccf);17:03:05:19;140;27.39359855651855;78.57183837890625;92.76148986816406;[1]
(cadf);17:03:05:139;149;27.39359855651855;74.08575439453125;92.76148986816406;[1]
(bccf);17:03:05:259;141;27.45599937438964;78.57183837890625;92.82502746582031;[1]
(cadf);17:03:05:379;150;27.39359855651855;74.08575439453125;92.82502746582031;[1]
(bccf);17:03:05:499;142;27.45599937438964;78.53369140625;92.82502746582031;[1]
(cadf);17:03:05:619;151;27.39359855651855;74.08575439453125;92.88856506347656;[1]
(bccf);17:03:05:738;143;27.45599937438964;78.53369140625;92.76148986816406;[1]
(cadf);17:03:05:858;152;27.45599937438964;74.08575439453125;92.76148986816406;[1]
(bccf);17:03:05:979;144;27.45599937438964;78.503173828125;92.82502746582031;[1]
(cadf);17:03:06:98;153;27.45599937438964;74.08575439453125;92.88856506347656;[1]
(bccf);17:03:06:218;145;27.45599937438964;78.503173828125;92.82502746582031;[1]
(cadf);17:03:06:338;154;27.45599937438964;74.08575439453125;92.82502746582031;[1]
(bccf);17:03:06:458;146;27.45599937438964;78.503173828125;92.76148986816406;[1]
(aaaf);17:03:06:578;143;27.39359855651855;75.71844482421875;92.88856506347656;[1]
(bccf);17:03:06:703;147;27.45599937438964;78.47265625;92.82502746582031;[1]
(aaaf);17:03:06:823;144;27.39359855651855;75.71844482421875;92.76148986816406;[1]
(bccf);17:03:06:943;148;27.45599937438964;78.47265625;92.76148986816406;[1]
(aaaf);17:03:07:63;145;27.39359855651855;75.74896240234375;92.76148986816406;[1]
(cadf);17:03:07:183;155;27.39359855651855;74.08575439453125;92.76148986816406;[1]
(aaaf);17:03:07:303;146;27.45599937438964;75.74896240234375;92.76148986816406;[1]
(cadf);17:03:07:423;156;27.45599937438964;74.08575439453125;92.88856506347656;[1]
(aaaf);17:03:07:543;147;27.39359855651855;75.74896240234375;92.88856506347656;[1]
(cadf);17:03:07:663;157;27.45599937438964;74.08575439453125;92.82502746582031;[1]
(aaaf);17:03:07:783;148;27.39359855651855;75.74896240234375;92.88856506347656;[1]
(cadf);17:03:07:903;158;27.45599937438964;74.1239013671875;92.63440704345703;[1]
(bccf);17:03:08:23;149;27.45599937438964;78.442138671875;92.82502746582031;[1]
(cadf);17:03:08:143;159;27.45599937438964;74.08575439453125;92.88856506347656;[1]
(bccf);17:03:08:263;150;27.51840019226074;78.442138671875;92.76148986816406;[1]
(cadf);17:03:08:383;160;27.39359855651855;74.1239013671875;92.88856506347656;[1]
(bccf);17:03:08:503;151;27.45599937438964;78.442138671875;92.76148986816406;[1]
(cadf);17:03:08:628;161;27.45599937438964;74.1239013671875;92.76148986816406;[1]
(bccf);17:03:08:748;152;27.45599937438964;78.442138671875;92.95210266113281;[1]
(cadf);17:03:08:868;162;27.45599937438964;74.1239013671875;92.76148986816406;[1]
(bccf);17:03:08:988;153;27.45599937438964;78.442138671875;92.76148986816406;[1]
(cadf);17:03:09:108;163;27.45599937438964;74.1239013671875;92.88856506347656;[1]
(bccf);17:03:09:228;154;27.45599937438964;78.442138671875;92.76148986816406;[1]
(cadf);17:03:09:352;164;27.45599937438964;74.1239013671875;92.76148986816406;[1]
(bccf);17:03:09:477;155;27.51840019226074;78.442138671875;92.82502746582031;[1]
(cadf);17:03:09:597;165;27.45599937438964;74.1239013671875;92.95210266113281;[1]
(bccf);17:03:09:717;156;27.51840019226074;78.442138671875;92.76148986816406;[1]
(aaaf);17:03:09:837;149;27.39359855651855;75.77947998046875;92.95210266113281;[1]
(bccf);17:03:09:957;157;27.51840019226074;78.442138671875;92.95210266113281;[1]
(aaaf);17:03:10:77;150;27.39359855651855;75.77947998046875;92.88856506347656;[1]
(bccf);17:03:10:197;158;27.45599937438964;78.442138671875;92.76148986816406;[1]
(aaaf);17:03:10:317;151;27.39359855651855;75.77947998046875;92.82502746582031;[1]
(bccf);17:03:10:437;159;27.51840019226074;78.442138671875;92.82502746582031;[1]
(aaaf);17:03:10:562;152;27.39359855651855;75.77947998046875;92.88856506347656;[1]
(bccf);17:03:10:682;160;27.51840019226074;78.442138671875;92.88856506347656;[1]
(aaaf);17:03:10:802;153;27.45599937438964;75.77947998046875;92.76148986816406;[1]
(cadf);17:03:10:922;166;27.45599937438964;74.1239013671875;92.76148986816406;[1]
(aaaf);17:03:11:42;154;27.39359855651855;75.77947998046875;92.76148986816406;[1]
(cadf);17:03:11:162;167;27.45599937438964;74.1239013671875;92.76148986816406;[1]
(aaaf);17:03:11:282;155;27.45599937438964;75.77947998046875;92.76148986816406;[1]
(cadf);17:03:11:402;168;27.45599937438964;74.1239013671875;92.76148986816406;[1]
(aaaf);17:03:11:522;156;27.39359855651855;75.77947998046875;92.76148986816406;[1]
(cadf);17:03:11:642;169;27.45599937438964;74.1239013671875;92.76148986816406;[1]
(aaaf);17:03:11:762;157;27.39359855651855;75.77947998046875;92.88856506347656;[1]
(cadf);17:03:11:882;170;27.45599937438964;74.1239013671875;92.76148986816406;[1]
(bccf);17:03:12:2;161;27.45599937438964;78.48028564453125;92.82502746582031;[1]
(cadf);17:03:12:122;171;27.45599937438964;74.1239013671875;92.88856506347656;[1]
(bccf);17:03:12:242;162;27.51840019226074;78.48028564453125;92.82502746582031;[1]
(cadf);17:03:12:366;172;27.45599937438964;74.1239013671875;92.76148986816406;[1]
(bccf);17:03:12:486;163;27.45599937438964;78.48028564453125;92.82502746582031;[1]
(cadf);17:03:12:607;173;27.45599937438964;74.1239013671875;92.88856506347656;[1]
(bccf);17:03:12:726;164;27.45599937438964;78.51080322265625;92.76148986816406;[1]
(cadf);17:03:12:846;174;27.45599937438964;74.1239013671875;92.76148986816406;[1]
(bccf);17:03:12:966;165;27.51840019226074;78.51080322265625;92.88856506347656;[1]
(cadf);17:03:13:86;175;27.45599937438964;74.1239013671875;92.88856506347656;[1]
(bccf);17:03:13:206;166;27.45599937438964;78.48028564453125;92.76148986816406;[1]
(cadf);17:03:13:326;176;27.45599937438964;74.1239013671875;92.76148986816406;[1]
(bccf);17:03:13:446;167;27.51840019226074;78.48028564453125;92.76148986816406;[1]
(aaaf);17:03:13:566;158;27.45599937438964;75.71844482421875;92.88856506347656;[1]
(bccf);17:03:13:686;168;27.51840019226074;78.48028564453125;92.82502746582031;[1]
(aaaf);17:03:13:806;159;27.45599937438964;75.71844482421875;92.76148986816406;[1]
(bccf);17:03:13:926;169;27.51840019226074;78.48028564453125;92.82502746582031;[1]
(aaaf);17:03:14:46;160;27.45599937438964;75.71844482421875;92.88856506347656;[1]
(bccf);17:03:14:166;170;27.51840019226074;78.48028564453125;92.82502746582031;[1]
(aaaf);17:03:14:291;161;27.45599937438964;75.71844482421875;92.76148986816406;[1]
(bccf);17:03:14:411;171;27.51840019226074;78.48028564453125;92.82502746582031;[1]
(aaaf);17:03:14:531;162;27.45599937438964;75.71844482421875;92.88856506347656;[1]
(bccf);17:03:14:651;172;27.51840019226074;78.48028564453125;92.76148986816406;[1]
(aaaf);17:03:14:771;163;27.45599937438964;75.695556640625;92.76148986816406;[1]
(cadf);17:03:14:891;177;27.45599937438964;74.10101318359375;92.88856506347656;[1]
(aaaf);17:03:15:11;164;27.45599937438964;75.695556640625;92.76148986816406;[1]
(cadf);17:03:15:131;178;27.45599937438964;74.10101318359375;92.88856506347656;[1]
(aaaf);17:03:15:251;165;27.45599937438964;75.695556640625;92.88856506347656;[1]
(cadf);17:03:15:371;179;27.51840019226074;74.10101318359375;92.95210266113281;[1]
(aaaf);17:03:15:491;166;27.45599937438964;75.695556640625;92.76148986816406;[1]
(cadf);17:03:15:611;180;27.45599937438964;74.10101318359375;92.88856506347656;[1]
(aaaf);17:03:15:731;167;27.45599937438964;75.695556640625;92.95210266113281;[1]
(cadf);17:03:15:851;181;27.45599937438964;74.10101318359375;92.88856506347656;[1]
(aaaf);17:03:15:971;168;27.45599937438964;75.634521484375;92.82502746582031;[1]
(cadf);17:03:16:96;182;27.51840019226074;74.10101318359375;92.95210266113281;[1]
(aaaf);17:03:16:216;169;27.45599937438964;75.634521484375;92.82502746582031;[1]
(cadf);17:03:16:336;183;27.45599937438964;74.07049560546875;92.88856506347656;[1]
(bccf);17:03:16:456;173;27.51840019226074;78.3505859375;92.76148986816406;[1]
(cadf);17:03:16:576;184;27.45599937438964;74.03997802734375;92.76148986816406;[1]
(bccf);17:03:16:695;174;27.51840019226074;78.3505859375;92.76148986816406;[1]
(cadf);17:03:16:816;185;27.45599937438964;74.03997802734375;92.76148986816406;[1]
(bccf);17:03:16:940;175;27.51840019226074;78.3505859375;92.76148986816406;[1]
(cadf);17:03:17:65;186;27.45599937438964;74.01708984375;92.76148986816406;[1]
(bccf);17:03:17:185;176;27.51840019226074;78.3505859375;92.76148986816406;[1]
(cadf);17:03:17:305;187;27.45599937438964;74.01708984375;92.76148986816406;[1]
(bccf);17:03:17:425;177;27.5807991027832;78.3505859375;92.76148986816406;[1]
(cadf);17:03:17:545;188;27.45599937438964;73.986572265625;92.76148986816406;[1]
(bccf);17:03:17:665;178;27.51840019226074;78.320068359375;92.76148986816406;[1]
(aaaf);17:03:17:785;170;27.45599937438964;75.58111572265625;92.76148986816406;[1]
(bccf);17:03:17:905;179;27.51840019226074;78.320068359375;92.95210266113281;[1]
(aaaf);17:03:18:30;171;27.45599937438964;75.58111572265625;92.76148986816406;[1]
(bccf);17:03:18:150;180;27.51840019226074;78.320068359375;92.95210266113281;[1]
(aaaf);17:03:18:270;172;27.45599937438964;75.55059814453125;92.88856506347656;[1]
(bccf);17:03:18:390;181;27.51840019226074;78.28192138671875;92.82502746582031;[1]
(aaaf);17:03:18:510;173;27.45599937438964;75.59637451171875;92.82502746582031;[1]
(bccf);17:03:18:630;182;27.5807991027832;78.28192138671875;92.82502746582031;[1]
(aaaf);17:03:18:750;174;27.45599937438964;75.59637451171875;92.76148986816406;[1]
(cadf);17:03:18:870;189;27.45599937438964;73.93316650390625;92.95210266113281;[1]
(aaaf);17:03:18:990;175;27.45599937438964;75.56585693359375;92.82502746582031;[1]
(cadf);17:03:19:110;190;27.51840019226074;73.90264892578125;92.76148986816406;[1]
(aaaf);17:03:19:230;176;27.45599937438964;75.56585693359375;92.76148986816406;[1]
(cadf);17:03:19:350;191;27.51840019226074;73.90264892578125;92.76148986816406;[1]
(aaaf);17:03:19:470;177;27.51840019226074;75.56585693359375;92.76148986816406;[1]
(cadf);17:03:19:590;192;27.45599937438964;73.90264892578125;92.76148986816406;[1]
(aaaf);17:03:19:710;178;27.51840019226074;75.53533935546875;92.88856506347656;[1]
(cadf);17:03:19:830;193;27.51840019226074;73.90264892578125;92.88856506347656;[1]
(aaaf);17:03:19:955;179;27.45599937438964;75.53533935546875;92.95210266113281;[1]
(cadf);17:03:20:75;194;27.51840019226074;73.87213134765625;92.76148986816406;[1]
(aaaf);17:03:20:195;180;27.51840019226074;75.53533935546875;92.88856506347656;[1]
(cadf);17:03:20:315;195;27.51840019226074;73.87213134765625;92.88856506347656;[1]
(aaaf);17:03:20:435;181;27.51840019226074;75.512451171875;92.76148986816406;[1]
(cadf);17:03:20:555;196;27.45599937438964;73.87213134765625;92.82502746582031;[1]
(bccf);17:03:20:674;183;27.51840019226074;78.22088623046875;92.88856506347656;[1]
(cadf);17:03:20:794;197;27.51840019226074;73.87213134765625;92.82502746582031;[1]
(bccf);17:03:20:915;184;27.51840019226074;78.22088623046875;92.95210266113281;[1]
(cadf);17:03:21:34;198;27.45599937438964;73.87213134765625;92.76148986816406;[1]
(bccf);17:03:21:154;185;27.51840019226074;78.22088623046875;92.76148986816406;[1]
(cadf);17:03:21:274;199;27.51840019226074;73.87213134765625;92.88856506347656;[1]
(bccf);17:03:21:394;186;27.51840019226074;78.22088623046875;92.76148986816406;[1]
(cadf);17:03:21:514;200;27.51840019226074;73.87213134765625;92.82502746582031;[1]
(bccf);17:03:21:634;187;27.5807991027832;78.22088623046875;92.76148986816406;[1]
(cadf);17:03:21:754;201;27.51840019226074;73.87213134765625;92.76148986816406;[1]
(bccf);17:03:21:879;188;27.51840019226074;78.19036865234375;92.95210266113281;[1]
(aaaf);17:03:21:999;182;27.45599937438964;75.48193359375;92.95210266113281;[1]
(bccf);17:03:22:119;189;27.51840019226074;78.19036865234375;92.95210266113281;[1]
(aaaf);17:03:22:239;183;27.51840019226074;75.48193359375;92.88856506347656;[1]
(bccf);17:03:22:359;190;27.5807991027832;78.22088623046875;92.82502746582031;[1]
(aaaf);17:03:22:479;184;27.45599937438964;75.48193359375;92.82502746582031;[1]
(cadf);17:03:22:599;202;27.51840019226074;73.8492431640625;92.76148986816406;[1]
(aaaf);17:03:22:719;185;27.51840019226074;75.48193359375;92.95210266113281;[1]
(cadf);17:03:22:839;203;27.51840019226074;73.8492431640625;92.88856506347656;[1]
(aaaf);17:03:22:959;186;27.51840019226074;75.451416015625;92.76148986816406;[1]
(cadf);17:03:23:79;204;27.51840019226074;73.8492431640625;92.88856506347656;[1]
(aaaf);17:03:23:199;187;27.51840019226074;75.451416015625;92.76148986816406;[1]
(cadf);17:03:23:319;205;27.51840019226074;73.8492431640625;92.76148986816406;[1]
(aaaf);17:03:23:439;188;27.51840019226074;75.451416015625;92.82502746582031;[1]
(cadf);17:03:23:559;206;27.51840019226074;73.8492431640625;92.63440704345703;[1]
(aaaf);17:03:23:679;189;27.45599937438964;75.451416015625;92.76148986816406;[1]
(cadf);17:03:23:804;207;27.51840019226074;73.8492431640625;92.88856506347656;[1]
(aaaf);17:03:23:924;190;27.51840019226074;75.451416015625;92.76148986816406;[1]
(cadf);17:03:24:44;208;27.51840019226074;73.8492431640625;92.95210266113281;[1]
(bccf);17:03:24:164;191;27.5807991027832;78.1522216796875;92.82502746582031;[1]
(cadf);17:03:24:284;209;27.51840019226074;73.8492431640625;92.76148986816406;[1]
(bccf);17:03:24:404;192;27.51840019226074;78.1217041015625;92.82502746582031;[1]
(cadf);17:03:24:524;210;27.51840019226074;73.8492431640625;92.76148986816406;[1]
(bccf);17:03:24:644;193;27.5807991027832;78.1217041015625;92.82502746582031;[1]
(cadf);17:03:24:764;211;27.51840019226074;73.8492431640625;92.63440704345703;[1]
(bccf);17:03:24:884;194;27.5807991027832;78.0911865234375;92.82502746582031;[1]
(aaaf);17:03:25:4;191;27.51840019226074;75.42852783203125;92.88856506347656;[1]
(bccf);17:03:25:123;195;27.5807991027832;78.0911865234375;92.76148986816406;[1]
(aaaf);17:03:25:243;192;27.51840019226074;75.42852783203125;92.82502746582031;[1]
(bccf);17:03:25:368;196;27.5807991027832;78.0911865234375;92.82502746582031;[1]
(aaaf);17:03:25:493;193;27.51840019226074;75.42852783203125;92.88856506347656;[1]
(bccf);17:03:25:618;197;27.51840019226074;78.0911865234375;92.76148986816406;[1]
(aaaf);17:03:25:738;194;27.51840019226074;75.42852783203125;92.76148986816406;[1]
(bccf);17:03:25:858;198;27.5807991027832;78.0911865234375;92.76148986816406;[1]
(aaaf);17:03:25:978;195;27.51840019226074;75.42852783203125;92.88856506347656;[1]
(bccf);17:03:26:98;199;27.5807991027832;78.0911865234375;93.01564025878906;[1]
(aaaf);17:03:26:218;196;27.51840019226074;75.36749267578125;92.82502746582031;[1]
(bccf);17:03:26:338;200;27.5807991027832;78.0911865234375;92.88856506347656;[1]
(aaaf);17:03:26:458;197;27.51840019226074;75.36749267578125;92.76148986816406;[1]
(cadf);17:03:26:578;212;27.51840019226074;73.87213134765625;92.76148986816406;[1]
(aaaf);17:03:26:698;198;27.51840019226074;75.36749267578125;92.95210266113281;[1]
(cadf);17:03:26:818;213;27.51840019226074;73.87213134765625;92.88856506347656;[1]
(aaaf);17:03:26:938;199;27.51840019226074;75.36749267578125;92.76148986816406;[1]
(cadf);17:03:27:58;214;27.51840019226074;73.87213134765625;92.76148986816406;[1]
(aaaf);17:03:27:178;200;27.51840019226074;75.36749267578125;92.88856506347656;[1]
(cadf);17:03:27:298;215;27.51840019226074;73.87213134765625;92.88856506347656;[1]
(aaaf);17:03:27:418;201;27.5807991027832;75.36749267578125;92.95210266113281;[1]
(cadf);17:03:27:543;216;27.51840019226074;73.87213134765625;92.76148986816406;[1]
(aaaf);17:03:27:663;202;27.51840019226074;75.3446044921875;92.82502746582031;[1]
(cadf);17:03:27:783;217;27.51840019226074;73.87213134765625;92.63440704345703;[1]
(aaaf);17:03:27:903;203;27.51840019226074;75.3446044921875;92.76148986816406;[1]
(cadf);17:03:28:23;218;27.51840019226074;73.87213134765625;92.76148986816406;[1]
(aaaf);17:03:28:143;204;27.5807991027832;75.3446044921875;92.82502746582031;[1]
(cadf);17:03:28:263;219;27.51840019226074;73.87213134765625;92.82502746582031;[1]
(bccf);17:03:28:383;201;27.5807991027832;78.1217041015625;92.82502746582031;[1]
(cadf);17:03:28:503;220;27.51840019226074;73.87213134765625;92.76148986816406;[1]
(bccf);17:03:28:623;202;27.5807991027832;78.1217041015625;92.82502746582031;[1]
(cadf);17:03:28:743;221;27.51840019226074;73.87213134765625;92.82502746582031;[1]
(bccf);17:03:28:863;203;27.5807991027832;78.1217041015625;92.76148986816406;[1]
(aaaf);17:03:28:983;205;27.51840019226074;75.3140869140625;92.76148986816406;[1]
(bccf);17:03:29:103;204;27.5807991027832;78.1217041015625;92.95210266113281;[1]
(aaaf);17:03:29:223;206;27.51840019226074;75.3140869140625;92.76148986816406;[1]
(bccf);17:03:29:348;205;27.5807991027832;78.1217041015625;92.82502746582031;[1]
(aaaf);17:03:29:468;207;27.51840019226074;75.3140869140625;92.88856506347656;[1]
(bccf);17:03:29:588;206;27.5807991027832;78.1217041015625;92.82502746582031;[1]
(aaaf);17:03:29:708;208;27.51840019226074;75.3140869140625;92.82502746582031;[1]
(bccf);17:03:29:828;207;27.5807991027832;78.1217041015625;92.76148986816406;[1]
(aaaf);17:03:29:948;209;27.51840019226074;75.3140869140625;92.88856506347656;[1]
(cadf);17:03:30:67;222;27.5807991027832;73.87213134765625;92.76148986816406;[1]
(aaaf);17:03:30:187;210;27.5807991027832;75.3140869140625;92.88856506347656;[1]
(cadf);17:03:30:308;223;27.51840019226074;73.87213134765625;92.88856506347656;[1]
(aaaf);17:03:30:427;211;27.5807991027832;75.29119873046875;92.76148986816406;[1]
(cadf);17:03:30:547;224;27.51840019226074;73.87213134765625;92.76148986816406;[1]
(aaaf);17:03:30:667;212;27.51840019226074;75.29119873046875;92.76148986816406;[1]
(cadf);17:03:30:787;225;27.5807991027832;73.87213134765625;92.82502746582031;[1]
(aaaf);17:03:30:907;213;27.51840019226074;75.29119873046875;92.76148986816406;[1]
(cadf);17:03:31:27;226;27.51840019226074;73.87213134765625;92.76148986816406;[1]
(aaaf);17:03:31:147;214;27.5807991027832;75.29119873046875;92.76148986816406;[1]
(cadf);17:03:31:272;227;27.51840019226074;73.8492431640625;92.76148986816406;[1]
(aaaf);17:03:31:392;215;27.5807991027832;75.29119873046875;92.95210266113281;[1]
(cadf);17:03:31:512;228;27.5807991027832;73.8492431640625;92.95210266113281;[1]
(aaaf);17:03:31:632;216;27.51840019226074;75.29119873046875;92.82502746582031;[1]
(cadf);17:03:31:752;229;27.5807991027832;73.8492431640625;92.76148986816406;[1]
(bccf);17:03:31:872;208;27.6431999206543;78.1217041015625;92.82502746582031;[1]
(cadf);17:03:31:992;230;27.5807991027832;73.8492431640625;92.88856506347656;[1]
(bccf);17:03:32:112;209;27.5807991027832;78.1217041015625;92.82502746582031;[1]
(cadf);17:03:32:232;231;27.5807991027832;73.8492431640625;92.76148986816406;[1]
(bccf);17:03:32:352;210;27.6431999206543;78.1217041015625;92.82502746582031;[1]
(cadf);17:03:32:472;232;27.5807991027832;73.8492431640625;92.82502746582031;[1]
(bccf);17:03:32:592;211;27.6431999206543;78.1217041015625;92.76148986816406;[1]
(aaaf);17:03:32:712;217;27.5807991027832;75.29119873046875;92.82502746582031;[1]
(bccf);17:03:32:832;212;27.5807991027832;78.1217041015625;92.82502746582031;[1]
(aaaf);17:03:32:952;218;27.5807991027832;75.29119873046875;92.82502746582031;[1]
(bccf);17:03:33:77;213;27.5807991027832;78.1217041015625;92.76148986816406;[1]
(aaaf);17:03:33:197;219;27.5807991027832;75.29119873046875;92.88856506347656;[1]
(bccf);17:03:33:317;214;27.6431999206543;78.1217041015625;92.82502746582031;[1]
(aaaf);17:03:33:437;220;27.5807991027832;75.29119873046875;92.95210266113281;[1]
(cadf);17:03:33:557;233;27.51840019226074;73.8492431640625;92.76148986816406;[1]
(aaaf);17:03:33:677;221;27.5807991027832;75.26068115234375;92.95210266113281;[1]
(cadf);17:03:33:797;234;27.51840019226074;73.8492431640625;92.76148986816406;[1]
(aaaf);17:03:33:917;222;27.5807991027832;75.26068115234375;92.76148986816406;[1]
(cadf);17:03:34:37;235;27.5807991027832;73.8492431640625;92.76148986816406;[1]
(aaaf);17:03:34:157;223;27.5807991027832;75.26068115234375;92.95210266113281;[1]
(cadf);17:03:34:277;236;27.5807991027832;73.8492431640625;92.76148986816406;[1]
(aaaf);17:03:34:397;224;27.5807991027832;75.26068115234375;92.88856506347656;[1]
(cadf);17:03:34:517;237;27.5807991027832;73.8492431640625;92.76148986816406;[1]
(aaaf);17:03:34:637;225;27.5807991027832;75.26068115234375;92.76148986816406;[1]
(cadf);17:03:34:757;238;27.5807991027832;73.8492431640625;92.76148986816406;[1]
(aaaf);17:03:34:876;226;27.5807991027832;75.23016357421875;92.76148986816406;[1]
(cadf);17:03:35:6;239;27.5807991027832;73.8492431640625;92.76148986816406;[1]
(bccf);17:03:35:126;215;27.5807991027832;78.02252197265625;92.82502746582031;[1]
(cadf);17:03:35:246;240;27.5807991027832;73.8492431640625;92.63440704345703;[1]
(bccf);17:03:35:366;216;27.6431999206543;77.99200439453125;92.82502746582031;[1]
(cadf);17:03:35:486;241;27.5807991027832;73.8492431640625;92.76148986816406;[1]
(bccf);17:03:35:606;217;27.6431999206543;77.99200439453125;92.69794464111328;[1]
(cadf);17:03:35:726;242;27.5807991027832;73.8492431640625;92.76148986816406;[1]
(bccf);17:03:35:846;218;27.5807991027832;77.96148681640625;92.76148986816406;[1]
(cadf);17:03:35:966;243;27.5807991027832;73.8492431640625;92.76148986816406;[1]
(bccf);17:03:36:86;219;27.6431999206543;77.96148681640625;92.82502746582031;[1]
(cadf);17:03:36:206;244;27.5807991027832;73.8492431640625;92.95210266113281;[1]
(bccf);17:03:36:326;220;27.6431999206543;77.96148681640625;92.82502746582031;[1]
(aaaf);17:03:36:446;227;27.5807991027832;75.23016357421875;92.95210266113281;[1]
(bccf);17:03:36:566;221;27.5807991027832;77.93096923828125;92.76148986816406;[1]
(aaaf);17:03:36:686;228;27.5807991027832;75.23016357421875;92.76148986816406;[1]
(cadf);17:03:36:806;245;27.5807991027832;73.8492431640625;92.76148986816406;[1]
(aaaf);17:03:36:931;229;27.5807991027832;75.23016357421875;92.95210266113281;[1]
(cadf);17:03:37:51;246;27.5807991027832;73.8492431640625;92.76148986816406;[1]
(aaaf);17:03:37:171;230;27.5807991027832;75.23016357421875;92.76148986816406;[1]
(cadf);17:03:37:291;247;27.5807991027832;73.8187255859375;92.82502746582031;[1]
(aaaf);17:03:37:411;231;27.5807991027832;75.23016357421875;92.95210266113281;[1]
(cadf);17:03:37:531;248;27.5807991027832;73.8187255859375;92.82502746582031;[1]
(aaaf);17:03:37:651;232;27.5807991027832;75.23016357421875;92.82502746582031;[1]
(cadf);17:03:37:771;249;27.5807991027832;73.8187255859375;92.76148986816406;[1]
(aaaf);17:03:37:891;233;27.5807991027832;75.23016357421875;92.82502746582031;[1]
(cadf);17:03:38:11;250;27.5807991027832;73.8187255859375;92.76148986816406;[1]
(aaaf);17:03:38:131;234;27.6431999206543;75.23016357421875;92.82502746582031;[1]
(cadf);17:03:38:251;251;27.6431999206543;73.8187255859375;92.76148986816406;[1]
(bccf);17:03:38:371;222;27.6431999206543;77.8623046875;92.82502746582031;[1]
(cadf);17:03:38:491;252;27.5807991027832;73.7882080078125;92.82502746582031;[1]
(bccf);17:03:38:611;223;27.6431999206543;77.8623046875;92.95210266113281;[1]
(cadf);17:03:38:731;253;27.5807991027832;73.76531982421875;92.76148986816406;[1]
(bccf);17:03:38:856;224;27.6431999206543;77.8623046875;92.82502746582031;[1]
(cadf);17:03:38:976;254;27.5807991027832;73.803466796875;92.88856506347656;[1]
(bccf);17:03:39:96;225;27.6431999206543;77.8623046875;92.95210266113281;[1]
(cadf);17:03:39:216;255;27.5807991027832;73.76531982421875;92.63440704345703;[1]
(bccf);17:03:39:336;226;27.6431999206543;77.8623046875;92.69794464111328;[1]
(cadf);17:03:39:456;256;27.5807991027832;73.73480224609375;92.76148986816406;[1]
(bccf);17:03:39:575;227;27.6431999206543;77.8623046875;92.82502746582031;[1]
(cadf);17:03:39:696;257;27.6431999206543;73.78057861328125;92.76148986816406;[1]
(bccf);17:03:39:815;228;27.6431999206543;77.8623046875;92.82502746582031;[1]
(aaaf);17:03:39:940;235;27.5807991027832;75.23016357421875;92.82502746582031;[1]
(bccf);17:03:40:60;229;27.70559883117675;77.90045166015625;92.82502746582031;[1]
(aaaf);17:03:40:180;236;27.5807991027832;75.23016357421875;92.76148986816406;[1]
(bccf);17:03:40:300;230;27.6431999206543;77.90045166015625;92.69794464111328;[1]
(aaaf);17:03:40:420;237;27.6431999206543;75.19964599609375;92.76148986816406;[1]
(bccf);17:03:40:540;231;27.6431999206543;77.93096923828125;92.76148986816406;[1]
(aaaf);17:03:40:660;238;27.5807991027832;75.19964599609375;92.95210266113281;[1]
(bccf);17:03:40:785;232;27.70559883117675;77.96148681640625;92.82502746582031;[1]
(aaaf);17:03:40:905;239;27.6431999206543;75.19964599609375;92.95210266113281;[1]
(bccf);17:03:41:25;233;27.70559883117675;77.96148681640625;92.76148986816406;[1]
(aaaf);17:03:41:145;240;27.5807991027832;75.19964599609375;92.82502746582031;[1]
(bccf);17:03:41:265;234;27.6431999206543;77.99200439453125;92.88856506347656;[1]
(aaaf);17:03:41:385;241;27.6431999206543;75.1767578125;92.82502746582031;[1]
(cadf);17:03:41:505;258;27.5807991027832;73.75006103515625;92.76148986816406;[1]
(aaaf);17:03:41:625;242;27.6431999206543;75.1767578125;92.82502746582031;[1]
(cadf);17:03:41:745;259;27.5807991027832;73.75006103515625;92.88856506347656;[1]
(aaaf);17:03:41:865;243;27.5807991027832;75.1767578125;92.95210266113281;[1]
(cadf);17:03:41:985;260;27.6431999206543;73.75006103515625;92.76148986816406;[1]
(aaaf);17:03:42:105;244;27.5807991027832;75.1767578125;92.95210266113281;[1]
(cadf);17:03:42:225;261;27.5807991027832;73.75006103515625;92.76148986816406;[1]
(bccf);17:03:42:345;235;27.70559883117675;78.02252197265625;92.82502746582031;[1]
(cadf);17:03:42:465;262;27.5807991027832;73.75006103515625;92.76148986816406;[1]
(bccf);17:03:42:585;236;27.70559883117675;78.02252197265625;92.76148986816406;[1]
(cadf);17:03:42:710;263;27.6431999206543;73.75006103515625;92.76148986816406;[1]
(bccf);17:03:42:830;237;27.70559883117675;78.02252197265625;92.82502746582031;[1]
(cadf);17:03:42:950;264;27.6431999206543;73.75006103515625;92.82502746582031;[1]
(bccf);17:03:43:70;238;27.70559883117675;78.0606689453125;92.82502746582031;[1]
(cadf);17:03:43:190;265;27.5807991027832;73.75006103515625;92.76148986816406;[1]
(bccf);17:03:43:309;239;27.6431999206543;78.0606689453125;92.82502746582031;[1]
(cadf);17:03:43:429;266;27.6431999206543;73.75006103515625;92.76148986816406;[1]
(bccf);17:03:43:549;240;27.70559883117675;78.0606689453125;92.82502746582031;[1]
(cadf);17:03:43:669;267;27.5807991027832;73.75006103515625;92.76148986816406;[1]
(bccf);17:03:43:789;241;27.6431999206543;78.09881591796875;92.82502746582031;[1]
(cadf);17:03:43:909;268;27.6431999206543;73.75006103515625;92.76148986816406;[1]
(bccf);17:03:44:29;242;27.70559883117675;78.0606689453125;92.82502746582031;[1]
(aaaf);17:03:44:149;245;27.6431999206543;75.12335205078125;92.82502746582031;[1]
(bccf);17:03:44:269;243;27.70559883117675;78.09881591796875;92.76148986816406;[1]
(aaaf);17:03:44:389;246;27.6431999206543;75.06231689453125;92.76148986816406;[1]
(bccf);17:03:44:509;244;27.70559883117675;78.0606689453125;92.82502746582031;[1]
(aaaf);17:03:44:634;247;27.5807991027832;75.06231689453125;92.76148986816406;[1]
(bccf);17:03:44:754;245;27.70559883117675;78.0606689453125;92.82502746582031;[1]
(aaaf);17:03:44:874;248;27.6431999206543;75.06231689453125;92.82502746582031;[1]
(bccf);17:03:44:994;246;27.70559883117675;78.09881591796875;92.82502746582031;[1]
(aaaf);17:03:45:114;249;27.6431999206543;75.06231689453125;92.82502746582031;[1]
(bccf);17:03:45:234;247;27.70559883117675;78.09881591796875;92.82502746582031;[1]
(aaaf);17:03:45:354;250;27.6431999206543;75.12335205078125;92.95210266113281;[1]
(bccf);17:03:45:474;248;27.70559883117675;78.09881591796875;92.82502746582031;[1]
(aaaf);17:03:45:594;251;27.6431999206543;75.12335205078125;92.82502746582031;[1]
(cadf);17:03:45:714;269;27.5807991027832;73.75006103515625;92.76148986816406;[1]
(aaaf);17:03:45:834;252;27.6431999206543;75.146240234375;92.82502746582031;[1]
(cadf);17:03:45:954;270;27.6431999206543;73.75006103515625;92.63440704345703;[1]
(aaaf);17:03:46:74;253;27.6431999206543;75.146240234375;92.95210266113281;[1]
(cadf);17:03:46:194;271;27.6431999206543;73.75006103515625;92.82502746582031;[1]
(aaaf);17:03:46:314;254;27.6431999206543;75.146240234375;92.76148986816406;[1]
(cadf);17:03:46:434;272;27.6431999206543;73.75006103515625;92.76148986816406;[1]
(aaaf);17:03:46:559;255;27.6431999206543;75.18438720703125;92.88856506347656;[1]
(cadf);17:03:46:679;273;27.6431999206543;73.75006103515625;92.82502746582031;[1]
(aaaf);17:03:46:798;256;27.6431999206543;75.146240234375;92.82502746582031;[1]
(cadf);17:03:46:918;274;27.6431999206543;73.75006103515625;92.63440704345703;[1]
(aaaf);17:03:47:38;257;27.6431999206543;75.1767578125;92.82502746582031;[1]
(cadf);17:03:47:158;275;27.6431999206543;73.71954345703125;92.76148986816406;[1]
(aaaf);17:03:47:278;258;27.6431999206543;75.21490478515625;92.82502746582031;[1]
(cadf);17:03:47:398;276;27.6431999206543;73.71954345703125;92.82502746582031;[1]
(bccf);17:03:47:518;249;27.70559883117675;78.0606689453125;92.82502746582031;[1]
(cadf);17:03:47:638;277;27.6431999206543;73.71954345703125;92.76148986816406;[1]
(bccf);17:03:47:758;250;27.70559883117675;78.0301513671875;92.82502746582031;[1]
(aaaf);17:03:47:878;259;27.70559883117675;75.21490478515625;92.88856506347656;[1]
(bccf);17:03:47:998;251;27.70559883117675;78.0301513671875;92.76148986816406;[1]
(aaaf);17:03:48:118;260;27.6431999206543;75.21490478515625;92.82502746582031;[1]
(bccf);17:03:48:238;252;27.70559883117675;77.9996337890625;92.82502746582031;[1]
(aaaf);17:03:48:358;261;27.6431999206543;75.21490478515625;92.82502746582031;[1]
(bccf);17:03:48:483;253;27.70559883117675;77.9996337890625;92.82502746582031;[1]
(aaaf);17:03:48:603;262;27.70559883117675;75.21490478515625;92.82502746582031;[1]
(bccf);17:03:48:723;254;27.70559883117675;77.9691162109375;92.82502746582031;[1]
(aaaf);17:03:48:843;263;27.6431999206543;75.21490478515625;92.82502746582031;[1]
(bccf);17:03:48:963;255;27.70559883117675;77.9385986328125;92.82502746582031;[1]
(aaaf);17:03:49:83;264;27.6431999206543;75.18438720703125;92.76148986816406;[1]
(bccf);17:03:49:203;256;27.70559883117675;77.9385986328125;92.82502746582031;[1]
(aaaf);17:03:49:323;265;27.6431999206543;75.18438720703125;92.95210266113281;[1]
(bccf);17:03:49:443;257;27.76799964904785;77.90045166015625;92.82502746582031;[1]
(aaaf);17:03:49:563;266;27.6431999206543;75.18438720703125;92.88856506347656;[1]
(cadf);17:03:49:683;278;27.6431999206543;73.6661376953125;92.88856506347656;[1]
(aaaf);17:03:49:803;267;27.70559883117675;75.18438720703125;92.82502746582031;[1]
(cadf);17:03:49:923;279;27.70559883117675;73.6661376953125;92.76148986816406;[1]
(aaaf);17:03:50:43;268;27.6431999206543;75.18438720703125;92.76148986816406;[1]
(cadf);17:03:50:163;280;27.70559883117675;73.6661376953125;92.76148986816406;[1]
(aaaf);17:03:50:288;269;27.70559883117675;75.1614990234375;92.82502746582031;[1]
(cadf);17:03:50:408;281;27.70559883117675;73.6661376953125;92.76148986816406;[1]
(aaaf);17:03:50:528;270;27.70559883117675;75.1614990234375;92.82502746582031;[1]
(cadf);17:03:50:647;282;27.70559883117675;73.6356201171875;92.82502746582031;[1]
(aaaf);17:03:50:767;271;27.6431999206543;75.1614990234375;92.82502746582031;[1]
(cadf);17:03:50:887;283;27.70559883117675;73.6356201171875;92.82502746582031;[1]
(aaaf);17:03:51:7;272;27.70559883117675;75.1004638671875;92.88856506347656;[1]
(cadf);17:03:51:127;284;27.70559883117675;73.6356201171875;92.82502746582031;[1]
(aaaf);17:03:51:247;273;27.6431999206543;75.07757568359375;92.82502746582031;[1]
(cadf);17:03:51:367;285;27.6431999206543;73.6356201171875;92.76148986816406;[1]
(aaaf);17:03:51:487;274;27.6431999206543;75.07757568359375;92.82502746582031;[1]
(cadf);17:03:51:607;286;27.6431999206543;73.6356201171875;92.76148986816406;[1]
(bccf);17:03:51:727;258;27.76799964904785;77.740234375;92.82502746582031;[1]
(aaaf);17:03:51:847;275;27.6431999206543;75.07757568359375;92.82502746582031;[1]
(bccf);17:03:51:967;259;27.76799964904785;77.740234375;92.63440704345703;[1]
(aaaf);17:03:52:87;276;27.70559883117675;75.04705810546875;92.88856506347656;[1]
(bccf);17:03:52:212;260;27.76799964904785;77.709716796875;92.82502746582031;[1]
(aaaf);17:03:52:332;277;27.70559883117675;75.04705810546875;92.95210266113281;[1]
(bccf);17:03:52:452;261;27.76799964904785;77.709716796875;92.82502746582031;[1]
(aaaf);17:03:52:572;278;27.6431999206543;75.01654052734375;92.82502746582031;[1]
(bccf);17:03:52:692;262;27.76799964904785;77.709716796875;92.82502746582031;[1]
(aaaf);17:03:52:812;279;27.70559883117675;75.01654052734375;92.82502746582031;[1]
(cadf);17:03:52:932;287;27.70559883117675;73.61273193359375;92.76148986816406;[1]
(aaaf);17:03:53:52;280;27.6431999206543;74.99365234375;92.82502746582031;[1]
(cadf);17:03:53:172;288;27.6431999206543;73.61273193359375;92.76148986816406;[1]
(aaaf);17:03:53:292;281;27.70559883117675;74.99365234375;92.82502746582031;[1]
(cadf);17:03:53:412;289;27.70559883117675;73.58221435546875;92.82502746582031;[1]
(aaaf);17:03:53:532;282;27.70559883117675;74.99365234375;92.82502746582031;[1]
(cadf);17:03:53:652;290;27.70559883117675;73.55169677734375;92.88856506347656;[1]
(aaaf);17:03:53:772;283;27.6431999206543;74.99365234375;92.95210266113281;[1]
(cadf);17:03:53:896;291;27.70559883117675;73.55169677734375;92.82502746582031;[1]
(aaaf);17:03:54:16;284;27.70559883117675;74.99365234375;92.82502746582031;[1]
(cadf);17:03:54:141;292;27.70559883117675;73.52880859375;92.82502746582031;[1]
(aaaf);17:03:54:261;285;27.6431999206543;74.99365234375;92.82502746582031;[1]
(cadf);17:03:54:381;293;27.70559883117675;73.498291015625;92.76148986816406;[1]
(aaaf);17:03:54:501;286;27.6431999206543;74.99365234375;92.95210266113281;[1]
(cadf);17:03:54:621;294;27.70559883117675;73.498291015625;92.82502746582031;[1]
(aaaf);17:03:54:741;287;27.6431999206543;74.99365234375;92.95210266113281;[1]
(cadf);17:03:54:861;295;27.70559883117675;73.4677734375;92.82502746582031;[1]
(bccf);17:03:54:981;263;27.76799964904785;77.58001708984375;92.82502746582031;[1]
(cadf);17:03:55:101;296;27.70559883117675;73.44488525390625;92.76148986816406;[1]
(bccf);17:03:55:221;264;27.76799964904785;77.58001708984375;92.82502746582031;[1]
(cadf);17:03:55:341;297;27.70559883117675;73.44488525390625;92.95210266113281;[1]
(bccf);17:03:55:461;265;27.76799964904785;77.58001708984375;92.76148986816406;[1]
(aaaf);17:03:55:581;288;27.70559883117675;74.963134765625;92.95210266113281;[1]
(bccf);17:03:55:701;266;27.70559883117675;77.58001708984375;92.76148986816406;[1]
(aaaf);17:03:55:821;289;27.6431999206543;74.963134765625;92.82502746582031;[1]
(bccf);17:03:55:941;267;27.76799964904785;77.58001708984375;92.82502746582031;[1]
(aaaf);17:03:56:61;290;27.6431999206543;74.963134765625;92.82502746582031;[1]
(bccf);17:03:56:186;268;27.70559883117675;77.58001708984375;92.82502746582031;[1]
(aaaf);17:03:56:306;291;27.70559883117675;74.963134765625;92.82502746582031;[1]
(bccf);17:03:56:426;269;27.76799964904785;77.54949951171875;92.82502746582031;[1]
(aaaf);17:03:56:545;292;27.70559883117675;74.963134765625;92.82502746582031;[1]
(bccf);17:03:56:666;270;27.70559883117675;77.54949951171875;92.82502746582031;[1]
(aaaf);17:03:56:785;293;27.70559883117675;74.963134765625;92.82502746582031;[1]
(cadf);17:03:56:905;298;27.70559883117675;73.44488525390625;92.63440704345703;[1]
(aaaf);17:03:57:25;294;27.70559883117675;74.963134765625;92.82502746582031;[1]
(cadf);17:03:57:145;299;27.70559883117675;73.44488525390625;92.76148986816406;[1]
(aaaf);17:03:57:265;295;27.70559883117675;74.9326171875;92.76148986816406;[1]
(cadf);17:03:57:385;300;27.70559883117675;73.44488525390625;92.76148986816406;[1]
(aaaf);17:03:57:505;296;27.70559883117675;74.9326171875;92.95210266113281;[1]
(cadf);17:03:57:625;301;27.70559883117675;73.44488525390625;92.88856506347656;[1]
(aaaf);17:03:57:745;297;27.70559883117675;74.9326171875;92.82502746582031;[1]
(cadf);17:03:57:865;302;27.70559883117675;73.44488525390625;92.76148986816406;[1]
(aaaf);17:03:57:985;298;27.70559883117675;74.9326171875;92.69794464111328;[1]
(cadf);17:03:58:110;303;27.70559883117675;73.44488525390625;92.82502746582031;[1]
(aaaf);17:03:58:230;299;27.76799964904785;74.9326171875;92.82502746582031;[1]
(cadf);17:03:58:350;304;27.70559883117675;73.44488525390625;92.76148986816406;[1]
(aaaf);17:03:58:470;300;27.70559883117675;74.9326171875;92.95210266113281;[1]
(cadf);17:03:58:590;305;27.70559883117675;73.44488525390625;92.76148986816406;[1]
(bccf);17:03:58:710;271;27.76799964904785;77.5113525390625;92.95210266113281;[1]
(cadf);17:03:58:830;306;27.70559883117675;73.44488525390625;92.76148986816406;[1]
(bccf);17:03:58:950;272;27.83039855957031;77.5113525390625;92.82502746582031;[1]
(cadf);17:03:59:70;307;27.70559883117675;73.44488525390625;92.69794464111328;[1]
(bccf);17:03:59:190;273;27.76799964904785;77.5113525390625;92.82502746582031;[1]
(cadf);17:03:59:310;308;27.70559883117675;73.44488525390625;92.82502746582031;[1]
(bccf);17:03:59:430;274;27.76799964904785;77.5113525390625;92.82502746582031;[1]
(aaaf);17:03:59:550;301;27.70559883117675;74.87921142578125;92.82502746582031;[1]
(bccf);17:03:59:669;275;27.76799964904785;77.5113525390625;92.82502746582031;[1]
(aaaf);17:03:59:790;302;27.70559883117675;74.87921142578125;92.82502746582031;[1]
(bccf);17:03:59:914;276;27.76799964904785;77.5113525390625;92.95210266113281;[1]
(aaaf);17:04:00:34;303;27.76799964904785;74.87921142578125;92.82502746582031;[1]
(bccf);17:04:00:154;277;27.83039855957031;77.4808349609375;92.76148986816406;[1]
(aaaf);17:04:00:274;304;27.70559883117675;74.84869384765625;92.82502746582031;[1]
(bccf);17:04:00:394;278;27.83039855957031;77.5113525390625;92.82502746582031;[1]
(aaaf);17:04:00:514;305;27.70559883117675;74.84869384765625;92.82502746582031;[1]
(cadf);17:04:00:634;309;27.70559883117675;73.44488525390625;92.82502746582031;[1]
(aaaf);17:04:00:754;306;27.70559883117675;74.84869384765625;92.82502746582031;[1]
(cadf);17:04:00:874;310;27.70559883117675;73.41436767578125;92.82502746582031;[1]
(aaaf);17:04:00:994;307;27.70559883117675;74.84869384765625;92.76148986816406;[1]
(cadf);17:04:01:114;311;27.70559883117675;73.41436767578125;92.76148986816406;[1]
(aaaf);17:04:01:234;308;27.76799964904785;74.84869384765625;92.82502746582031;[1]
(cadf);17:04:01:354;312;27.70559883117675;73.41436767578125;92.76148986816406;[1]
(aaaf);17:04:01:474;309;27.76799964904785;74.84869384765625;92.76148986816406;[1]
(cadf);17:04:01:594;313;27.70559883117675;73.41436767578125;92.82502746582031;[1]
