(aaaf);02:34:03:650;1;28.26719856262207;72.10211181640625;93.079177856445311;28.26719856262207;72.10211181640625;93.01564025878906;[1]
(aaaf);02:34:03:965;1;28.26719856262207;72.6895751953125;92.95210266113281;[1]
(aaaf);02:34:04:212;2;28.26719856262207;72.6895751953125;92.95210266113281;[1]
(aaaf);02:34:04:460;3;28.32959938049316;72.6895751953125;93.07917785644531;[1]
(aaaf);02:34:04:709;4;28.26719856262207;72.6895751953125;93.07917785644531;[1]
(aaaf);02:34:04:957;5;28.26719856262207;72.6895751953125;92.95210266113281;[1]
(aaaf);02:34:05:205;6;28.26719856262207;72.6895751953125;92.95210266113281;[1]
(aaaf);02:34:05:449;7;28.26719856262207;72.6590576171875;93.07917785644531;[1]
(aaaf);02:34:05:692;8;28.26719856262207;72.6590576171875;93.07917785644531;[1]
(aaaf);02:34:05:946;9;28.26719856262207;72.6590576171875;92.95210266113281;[1]
(aaaf);02:34:06:191;10;28.26719856262207;72.6590576171875;92.88856506347656;[1]
(aaaf);02:34:06:434;11;28.26719856262207;72.6590576171875;93.07917785644531;[1]
(aaaf);02:34:06:678;12;28.26719856262207;72.6590576171875;92.88856506347656;[1]
(aaaf);02:34:06:922;13;28.26719856262207;72.6590576171875;93.07917785644531;[1]
(aaaf);02:34:07:167;14;28.26719856262207;72.6590576171875;92.95210266113281;[1]
(aaaf);02:34:07:417;15;28.26719856262207;72.6590576171875;92.95210266113281;[1]
(aaaf);02:34:07:665;16;28.26719856262207;72.6285400390625;92.95210266113281;[1]
(aaaf);02:34:07:913;17;28.26719856262207;72.6285400390625;92.95210266113281;[1]
(aaaf);02:34:08:156;18;28.32959938049316;72.6285400390625;93.07917785644531;[1]
(aaaf);02:34:08:406;19;28.26719856262207;72.6285400390625;92.95210266113281;[1]
(aaaf);02:34:08:650;20;28.26719856262207;72.6285400390625;92.95210266113281;[1]
(aaaf);02:34:08:893;21;28.26719856262207;72.6285400390625;92.95210266113281;[1]
(aaaf);02:34:09:138;22;28.26719856262207;72.6285400390625;92.95210266113281;[1]
(cacf);02:34:09:258;1;28.14239883422851;75.7718505859375;93.015640258789061;28.14239883422851;75.82525634765625;93.01564025878906;[1]
(aaaf);02:34:09:387;23;28.26719856262207;72.6285400390625;93.07917785644531;[1]
(cacf);02:34:09:507;1;28.2047996520996;75.9091796875;92.88856506347656;[1]
(aaaf);02:34:09:631;24;28.26719856262207;72.6285400390625;92.95210266113281;[1]
(cacf);02:34:09:751;2;28.2047996520996;75.9091796875;93.07917785644531;[1]
(aaaf);02:34:09:876;25;28.26719856262207;72.6285400390625;92.95210266113281;[1]
(cacf);02:34:09:995;3;28.14239883422851;75.9091796875;92.88856506347656;[1]
(aaaf);02:34:10:124;26;28.32959938049316;72.6285400390625;93.07917785644531;[1]
(cacf);02:34:10:249;4;28.14239883422851;75.9091796875;93.01564025878906;[1]
(aaaf);02:34:10:373;27;28.26719856262207;72.6285400390625;93.01564025878906;[1]
(cacf);02:34:10:493;5;28.2047996520996;75.9091796875;92.88856506347656;[1]
(aaaf);02:34:10:617;28;28.26719856262207;72.6285400390625;92.88856506347656;[1]
(cacf);02:34:10:737;6;28.2047996520996;75.939697265625;92.76148986816406;[1]
(aaaf);02:34:10:865;29;28.32959938049316;72.60565185546875;92.95210266113281;[1]
(cacf);02:34:10:986;7;28.14239883422851;75.939697265625;93.01564025878906;[1]
(aaaf);02:34:11:110;30;28.26719856262207;72.60565185546875;93.07917785644531;[1]
(cacf);02:34:11:230;8;28.14239883422851;75.939697265625;92.76148986816406;[1]
(aaaf);02:34:11:354;31;28.26719856262207;72.60565185546875;92.95210266113281;[1]
(cacf);02:34:11:477;9;28.14239883422851;75.939697265625;93.01564025878906;[1]
(aaaf);02:34:11:597;32;28.26719856262207;72.60565185546875;92.95210266113281;[1]
(cacf);02:34:11:722;10;28.14239883422851;75.939697265625;92.88856506347656;[1]
(aaaf);02:34:11:847;33;28.26719856262207;72.60565185546875;92.95210266113281;[1]
(cacf);02:34:11:971;11;28.2047996520996;75.939697265625;92.88856506347656;[1]
(aaaf);02:34:12:95;34;28.26719856262207;72.60565185546875;93.07917785644531;[1]
(cacf);02:34:12:226;12;28.14239883422851;75.939697265625;92.88856506347656;[1]
(aaaf);02:34:12:346;35;28.32959938049316;72.60565185546875;93.07917785644531;[1]
(cacf);02:34:12:470;13;28.2047996520996;75.939697265625;93.01564025878906;[1]
(aaaf);02:34:12:590;36;28.26719856262207;72.60565185546875;93.07917785644531;[1]
(cacf);02:34:12:720;14;28.14239883422851;75.939697265625;92.88856506347656;[1]
(aaaf);02:34:12:839;37;28.26719856262207;72.60565185546875;93.14271545410156;[1]
(cacf);02:34:12:974;15;28.2047996520996;75.939697265625;92.76148986816406;[1]
(aaaf);02:34:13:93;38;28.26719856262207;72.60565185546875;92.95210266113281;[1]
(cacf);02:34:13:221;16;28.14239883422851;75.939697265625;93.01564025878906;[1]
(aaaf);02:34:13:342;39;28.26719856262207;72.60565185546875;93.07917785644531;[1]
(cacf);02:34:13:470;17;28.2047996520996;75.97021484375;93.01564025878906;[1]
(aaaf);02:34:13:586;40;28.26719856262207;72.60565185546875;92.95210266113281;[1]
(cacf);02:34:13:713;18;28.2047996520996;75.97021484375;93.01564025878906;[1]
(aaaf);02:34:13:830;41;28.26719856262207;72.60565185546875;92.95210266113281;[1]
(cacf);02:34:13:963;19;28.14239883422851;75.97021484375;92.88856506347656;[1]
(aaaf);02:34:14:84;42;28.26719856262207;72.57513427734375;93.07917785644531;[1]
(cacf);02:34:14:211;20;28.14239883422851;75.97021484375;92.88856506347656;[1]
(aaaf);02:34:14:333;43;28.26719856262207;72.57513427734375;93.01564025878906;[1]
(cacf);02:34:14:460;21;28.14239883422851;75.97021484375;92.88856506347656;[1]
(aaaf);02:34:14:577;44;28.32959938049316;72.57513427734375;92.88856506347656;[1]
(cacf);02:34:14:708;22;28.2047996520996;75.97021484375;93.01564025878906;[1]
(aaaf);02:34:14:826;45;28.26719856262207;72.57513427734375;92.95210266113281;[1]
(cacf);02:34:14:964;23;28.2047996520996;75.97021484375;92.88856506347656;[1]
(aaaf);02:34:15:80;46;28.26719856262207;72.57513427734375;92.95210266113281;[1]
(cacf);02:34:15:212;24;28.2047996520996;75.97021484375;92.95210266113281;[1]
(aaaf);02:34:15:334;47;28.26719856262207;72.57513427734375;93.07917785644531;[1]
(cacf);02:34:15:460;25;28.26719856262207;75.97021484375;92.88856506347656;[1]
(aaaf);02:34:15:583;48;28.26719856262207;72.57513427734375;93.07917785644531;[1]
(cacf);02:34:15:709;26;28.2047996520996;75.97021484375;92.88856506347656;[1]
(aaaf);02:34:15:832;49;28.26719856262207;72.57513427734375;92.95210266113281;[1]
(cacf);02:34:15:959;27;28.2047996520996;75.97021484375;92.88856506347656;[1]
(aaaf);02:34:16:81;50;28.26719856262207;72.57513427734375;92.95210266113281;[1]
(cacf);02:34:16:207;28;28.14239883422851;75.97021484375;92.76148986816406;[1]
(aaaf);02:34:16:335;51;28.26719856262207;72.57513427734375;92.95210266113281;[1]
(cacf);02:34:16:456;29;28.2047996520996;75.97021484375;92.88856506347656;[1]
(aaaf);02:34:16:579;52;28.26719856262207;72.57513427734375;92.95210266113281;[1]
(cacf);02:34:16:705;30;28.2047996520996;75.97021484375;93.01564025878906;[1]
(aaaf);02:34:16:828;53;28.32959938049316;72.57513427734375;93.07917785644531;[1]
(cacf);02:34:16:959;31;28.2047996520996;75.97021484375;92.88856506347656;[1]
(aaaf);02:34:17:82;54;28.32959938049316;72.57513427734375;93.01564025878906;[1]
(cacf);02:34:17:209;32;28.2047996520996;75.97021484375;92.88856506347656;[1]
(aaaf);02:34:17:331;55;28.26719856262207;72.57513427734375;92.95210266113281;[1]
(cacf);02:34:17:458;33;28.2047996520996;75.97021484375;92.88856506347656;[1]
(aaaf);02:34:17:580;56;28.26719856262207;72.54461669921875;93.07917785644531;[1]
(cacf);02:34:17:707;34;28.14239883422851;75.939697265625;93.07917785644531;[1]
(aaaf);02:34:17:829;57;28.26719856262207;72.54461669921875;92.95210266113281;[1]
(cacf);02:34:17:954;35;28.2047996520996;75.97021484375;93.01564025878906;[1]
(aaaf);02:34:18:78;58;28.26719856262207;72.54461669921875;93.07917785644531;[1]
(cacf);02:34:18:204;36;28.2047996520996;75.97021484375;93.07917785644531;[1]
(aaaf);02:34:18:322;59;28.26719856262207;72.54461669921875;92.95210266113281;[1]
(cacf);02:34:18:452;37;28.2047996520996;75.97021484375;92.88856506347656;[1]
(aaaf);02:34:18:571;60;28.26719856262207;72.54461669921875;93.07917785644531;[1]
(cacf);02:34:18:707;38;28.2047996520996;75.97021484375;92.88856506347656;[1]
(aaaf);02:34:18:830;61;28.26719856262207;72.54461669921875;92.95210266113281;[1]
(cacf);02:34:18:955;39;28.2047996520996;75.97021484375;93.07917785644531;[1]
(aaaf);02:34:19:74;62;28.26719856262207;72.54461669921875;93.07917785644531;[1]
(cacf);02:34:19:203;40;28.2047996520996;75.939697265625;92.88856506347656;[1]
(aaaf);02:34:19:323;63;28.26719856262207;72.54461669921875;93.07917785644531;[1]
(cacf);02:34:19:451;41;28.2047996520996;75.97021484375;93.01564025878906;[1]
(aaaf);02:34:19:568;64;28.26719856262207;72.54461669921875;92.95210266113281;[1]
(cacf);02:34:19:702;42;28.2047996520996;75.97021484375;92.88856506347656;[1]
(aaaf);02:34:19:822;65;28.26719856262207;72.54461669921875;93.07917785644531;[1]
(cacf);02:34:19:949;43;28.2047996520996;75.939697265625;92.88856506347656;[1]
(aaaf);02:34:20:71;66;28.32959938049316;72.54461669921875;92.95210266113281;[1]
(cacf);02:34:20:199;44;28.2047996520996;75.97021484375;92.95210266113281;[1]
(aaaf);02:34:20:315;67;28.26719856262207;72.54461669921875;93.07917785644531;[1]
(cacf);02:34:20:447;45;28.2047996520996;75.97021484375;93.07917785644531;[1]
(aaaf);02:34:20:569;68;28.26719856262207;72.54461669921875;93.07917785644531;[1]
(cacf);02:34:20:703;46;28.2047996520996;75.939697265625;92.88856506347656;[1]
(aaaf);02:34:20:823;69;28.26719856262207;72.54461669921875;93.14271545410156;[1]
(cacf);02:34:20:951;47;28.2047996520996;75.97021484375;92.88856506347656;[1]
(aaaf);02:34:21:67;70;28.26719856262207;72.54461669921875;93.07917785644531;[1]
(cacf);02:34:21:201;48;28.2047996520996;75.939697265625;92.88856506347656;[1]
(aaaf);02:34:21:321;71;28.26719856262207;72.54461669921875;93.07917785644531;[1]
(cacf);02:34:21:449;49;28.2047996520996;75.939697265625;93.01564025878906;[1]
(aaaf);02:34:21:570;72;28.32959938049316;72.54461669921875;92.95210266113281;[1]
(cacf);02:34:21:698;50;28.2047996520996;75.939697265625;92.88856506347656;[1]
(aaaf);02:34:21:819;73;28.26719856262207;72.54461669921875;93.07917785644531;[1]
(cacf);02:34:21:947;51;28.2047996520996;75.939697265625;92.95210266113281;[1]
(aaaf);02:34:22:68;74;28.26719856262207;72.54461669921875;93.07917785644531;[1]
(cacf);02:34:22:195;52;28.2047996520996;75.939697265625;92.88856506347656;[1]
(aaaf);02:34:22:312;75;28.32959938049316;72.521728515625;92.95210266113281;[1]
(cacf);02:34:22:444;53;28.2047996520996;75.939697265625;93.01564025878906;[1]
(aaaf);02:34:22:566;76;28.26719856262207;72.521728515625;92.95210266113281;[1]
(cacf);02:34:22:692;54;28.2047996520996;75.939697265625;93.07917785644531;[1]
(aaaf);02:34:22:810;77;28.26719856262207;72.54461669921875;93.01564025878906;[1]
(cacf);02:34:22:936;55;28.2047996520996;75.939697265625;93.01564025878906;[1]
(aaaf);02:34:23:54;78;28.26719856262207;72.521728515625;92.95210266113281;[1]
(cacf);02:34:23:185;56;28.2047996520996;75.939697265625;92.88856506347656;[1]
(aaaf);02:34:23:303;79;28.26719856262207;72.521728515625;93.14271545410156;[1]
(cacf);02:34:23:434;57;28.2047996520996;75.939697265625;92.88856506347656;[1]
(aaaf);02:34:23:552;80;28.26719856262207;72.54461669921875;93.07917785644531;[1]
(cacf);02:34:23:684;58;28.2047996520996;75.939697265625;92.95210266113281;[1]
(aaaf);02:34:23:801;81;28.26719856262207;72.521728515625;92.95210266113281;[1]
(cacf);02:34:23:932;59;28.26719856262207;75.939697265625;92.88856506347656;[1]
(aaaf);02:34:24:50;82;28.26719856262207;72.521728515625;92.95210266113281;[1]
(cacf);02:34:24:181;60;28.26719856262207;75.939697265625;92.88856506347656;[1]
(aaaf);02:34:24:299;83;28.26719856262207;72.521728515625;93.07917785644531;[1]
(cacf);02:34:24:429;61;28.2047996520996;75.939697265625;93.01564025878906;[1]
(aaaf);02:34:24:548;84;28.26719856262207;72.521728515625;92.95210266113281;[1]
(cacf);02:34:24:678;62;28.2047996520996;75.939697265625;92.88856506347656;[1]
(aaaf);02:34:24:797;85;28.26719856262207;72.521728515625;92.95210266113281;[1]
(cacf);02:34:24:927;63;28.2047996520996;75.939697265625;92.76148986816406;[1]
(aaaf);02:34:25:46;86;28.26719856262207;72.521728515625;93.07917785644531;[1]
(cacf);02:34:25:175;64;28.2047996520996;75.939697265625;93.01564025878906;[1]
(aaaf);02:34:25:295;87;28.32959938049316;72.521728515625;92.95210266113281;[1]
(cacf);02:34:25:425;65;28.26719856262207;75.939697265625;92.76148986816406;[1]
(aaaf);02:34:25:544;88;28.26719856262207;72.521728515625;92.95210266113281;[1]
(cacf);02:34:25:675;66;28.2047996520996;75.939697265625;92.88856506347656;[1]
(aaaf);02:34:25:793;89;28.32959938049316;72.521728515625;92.95210266113281;[1]
(cacf);02:34:25:924;67;28.2047996520996;75.939697265625;92.95210266113281;[1]
(aaaf);02:34:26:42;90;28.26719856262207;72.521728515625;93.07917785644531;[1]
(cacf);02:34:26:172;68;28.26719856262207;75.939697265625;92.88856506347656;[1]
(aaaf);02:34:26:296;91;28.26719856262207;72.521728515625;93.14271545410156;[1]
(cacf);02:34:26:428;69;28.26719856262207;75.939697265625;92.88856506347656;[1]
(aaaf);02:34:26:545;92;28.26719856262207;72.521728515625;93.07917785644531;[1]
(cacf);02:34:26:680;70;28.2047996520996;75.939697265625;92.95210266113281;[1]
(aaaf);02:34:26:809;93;28.26719856262207;72.521728515625;92.95210266113281;[1]
(cacf);02:34:26:929;71;28.2047996520996;75.939697265625;93.01564025878906;[1]
(aaaf);02:34:27:53;94;28.32959938049316;72.521728515625;93.07917785644531;[1]
(cacf);02:34:27:178;72;28.26719856262207;75.939697265625;92.88856506347656;[1]
(aaaf);02:34:27:302;95;28.32959938049316;72.521728515625;93.07917785644531;[1]
(cacf);02:34:27:426;73;28.26719856262207;75.939697265625;92.95210266113281;[1]
(aaaf);02:34:27:551;96;28.26719856262207;72.521728515625;93.07917785644531;[1]
(cacf);02:34:27:675;74;28.26719856262207;75.939697265625;92.95210266113281;[1]
(aaaf);02:34:27:800;97;28.32959938049316;72.521728515625;93.07917785644531;[1]
(aaaf);02:34:27:925;98;28.32959938049316;72.521728515625;93.07917785644531;[1]
(cacf);02:34:28:49;75;28.2047996520996;75.939697265625;92.88856506347656;[1]
(aaaf);02:34:28:169;99;28.26719856262207;72.521728515625;92.95210266113281;[1]
(cacf);02:34:28:293;76;28.26719856262207;75.939697265625;92.88856506347656;[1]
(aaaf);02:34:28:413;100;28.26719856262207;72.521728515625;92.95210266113281;[1]
(cacf);02:34:28:537;77;28.2047996520996;75.939697265625;92.95210266113281;[1]
(aaaf);02:34:28:657;101;28.26719856262207;72.521728515625;93.14271545410156;[1]
(cacf);02:34:28:781;78;28.26719856262207;75.939697265625;93.07917785644531;[1]
(aaaf);02:34:28:906;102;28.32959938049316;72.521728515625;93.07917785644531;[1]
(cacf);02:34:29:30;79;28.2047996520996;75.939697265625;93.01564025878906;[1]
(aaaf);02:34:29:150;103;28.32959938049316;72.521728515625;92.95210266113281;[1]
(cacf);02:34:29:274;80;28.26719856262207;75.939697265625;93.01564025878906;[1]
(aaaf);02:34:29:395;104;28.32959938049316;72.521728515625;92.95210266113281;[1]
(cacf);02:34:29:518;81;28.26719856262207;75.939697265625;93.01564025878906;[1]
(aaaf);02:34:29:643;105;28.26719856262207;72.521728515625;92.95210266113281;[1]
(cacf);02:34:29:767;82;28.2047996520996;75.939697265625;93.01564025878906;[1]
(aaaf);02:34:29:896;106;28.26719856262207;72.521728515625;92.95210266113281;[1]
(cacf);02:34:30:21;83;28.26719856262207;75.9091796875;92.76148986816406;[1]
(aaaf);02:34:30:141;107;28.32959938049316;72.521728515625;93.07917785644531;[1]
(cacf);02:34:30:265;84;28.26719856262207;75.9091796875;92.88856506347656;[1]
(aaaf);02:34:30:385;108;28.26719856262207;72.521728515625;93.01564025878906;[1]
(cacf);02:34:30:509;85;28.2047996520996;75.9091796875;92.95210266113281;[1]
(aaaf);02:34:30:634;109;28.32959938049316;72.521728515625;92.95210266113281;[1]
(cacf);02:34:30:758;86;28.26719856262207;75.9091796875;92.88856506347656;[1]
(aaaf);02:34:30:882;110;28.32959938049316;72.521728515625;93.07917785644531;[1]
(cacf);02:34:31:12;87;28.26719856262207;75.9091796875;92.88856506347656;[1]
(aaaf);02:34:31:132;111;28.32959938049316;72.521728515625;92.95210266113281;[1]
(cacf);02:34:31:256;88;28.2047996520996;75.9091796875;93.01564025878906;[1]
(aaaf);02:34:31:376;112;28.32959938049316;72.521728515625;93.07917785644531;[1]
(cacf);02:34:31:500;89;28.26719856262207;75.9091796875;92.88856506347656;[1]
(aaaf);02:34:31:620;113;28.26719856262207;72.521728515625;93.07917785644531;[1]
(cacf);02:34:31:744;90;28.26719856262207;75.9091796875;92.88856506347656;[1]
(aaaf);02:34:31:864;114;28.32959938049316;72.4912109375;93.07917785644531;[1]
(cacf);02:34:31:983;91;28.26719856262207;75.88629150390625;93.01564025878906;[1]
(aaaf);02:34:32:103;115;28.32959938049316;72.4912109375;92.95210266113281;[1]
(cacf);02:34:32:222;92;28.26719856262207;75.88629150390625;92.95210266113281;[1]
(aaaf);02:34:32:342;116;28.26719856262207;72.4912109375;92.95210266113281;[1]
(cacf);02:34:32:462;93;28.26719856262207;75.88629150390625;92.76148986816406;[1]
(aaaf);02:34:32:591;117;28.32959938049316;72.4912109375;92.95210266113281;[1]
(cacf);02:34:32:711;94;28.26719856262207;75.88629150390625;92.95210266113281;[1]
(aaaf);02:34:32:839;118;28.32959938049316;72.4912109375;93.07917785644531;[1]
(cacf);02:34:32:960;95;28.26719856262207;75.88629150390625;93.07917785644531;[1]
(aaaf);02:34:33:89;119;28.32959938049316;72.4912109375;92.95210266113281;[1]
(cacf);02:34:33:209;96;28.26719856262207;75.88629150390625;93.01564025878906;[1]
(aaaf);02:34:33:336;120;28.26719856262207;72.4912109375;93.01564025878906;[1]
(cacf);02:34:33:453;97;28.26719856262207;75.88629150390625;92.88856506347656;[1]
(aaaf);02:34:33:581;121;28.32959938049316;72.4912109375;93.07917785644531;[1]
(cacf);02:34:33:702;98;28.26719856262207;75.88629150390625;92.95210266113281;[1]
(aaaf);02:34:33:830;122;28.32959938049316;72.4912109375;93.07917785644531;[1]
(cacf);02:34:33:951;99;28.26719856262207;75.88629150390625;93.01564025878906;[1]
(aaaf);02:34:34:80;123;28.32959938049316;72.4912109375;92.95210266113281;[1]
(cacf);02:34:34:200;100;28.26719856262207;75.88629150390625;92.76148986816406;[1]
(aaaf);02:34:34:328;124;28.32959938049316;72.4912109375;92.95210266113281;[1]
(cacf);02:34:34:449;101;28.26719856262207;75.88629150390625;92.88856506347656;[1]
(aaaf);02:34:34:576;125;28.32959938049316;72.4912109375;92.95210266113281;[1]
(cacf);02:34:34:693;102;28.26719856262207;75.88629150390625;92.88856506347656;[1]
(aaaf);02:34:34:824;126;28.26719856262207;72.4912109375;93.07917785644531;[1]
(cacf);02:34:34:942;103;28.26719856262207;75.88629150390625;92.95210266113281;[1]
(aaaf);02:34:35:71;127;28.32959938049316;72.4912109375;92.95210266113281;[1]
(cacf);02:34:35:191;104;28.26719856262207;75.88629150390625;92.88856506347656;[1]
(aaaf);02:34:35:312;128;28.26719856262207;72.4912109375;93.01564025878906;[1]
(cacf);02:34:35:430;105;28.26719856262207;75.85577392578125;92.88856506347656;[1]
(aaaf);02:34:35:558;129;28.32959938049316;72.4912109375;92.95210266113281;[1]
(cacf);02:34:35:674;106;28.26719856262207;75.85577392578125;92.88856506347656;[1]
(aaaf);02:34:35:806;130;28.32959938049316;72.4912109375;92.95210266113281;[1]
(cacf);02:34:35:923;107;28.26719856262207;75.85577392578125;92.88856506347656;[1]
(aaaf);02:34:36:50;131;28.26719856262207;72.4912109375;93.07917785644531;[1]
(cacf);02:34:36:172;108;28.26719856262207;75.85577392578125;92.88856506347656;[1]
(aaaf);02:34:36:298;132;28.32959938049316;72.4912109375;92.95210266113281;[1]
(cacf);02:34:36:421;109;28.32959938049316;75.85577392578125;92.88856506347656;[1]
(aaaf);02:34:36:542;133;28.32959938049316;72.4912109375;92.95210266113281;[1]
(cacf);02:34:36:665;110;28.26719856262207;75.85577392578125;93.07917785644531;[1]
(aaaf);02:34:36:786;134;28.26719856262207;72.4912109375;93.07917785644531;[1]
(cacf);02:34:36:909;111;28.32959938049316;75.85577392578125;93.01564025878906;[1]
(aaaf);02:34:37:35;135;28.32959938049316;72.4912109375;93.14271545410156;[1]
(cacf);02:34:37:158;112;28.32959938049316;75.85577392578125;92.88856506347656;[1]
(aaaf);02:34:37:285;136;28.32959938049316;72.4912109375;92.95210266113281;[1]
(cacf);02:34:37:407;113;28.26719856262207;75.85577392578125;93.01564025878906;[1]
(aaaf);02:34:37:533;137;28.32959938049316;72.4912109375;92.95210266113281;[1]
(cacf);02:34:37:656;114;28.32959938049316;75.85577392578125;92.95210266113281;[1]
(aaaf);02:34:37:778;138;28.32959938049316;72.4912109375;92.95210266113281;[1]
(cacf);02:34:37:900;115;28.26719856262207;75.85577392578125;92.95210266113281;[1]
(aaaf);02:34:38:25;139;28.32959938049316;72.4912109375;93.07917785644531;[1]
(cacf);02:34:38:149;116;28.32959938049316;75.82525634765625;93.01564025878906;[1]
(aaaf);02:34:38:270;140;28.32959938049316;72.4912109375;92.95210266113281;[1]
(cacf);02:34:38:396;117;28.26719856262207;75.82525634765625;92.95210266113281;[1]
(aaaf);02:34:38:514;141;28.32959938049316;72.4912109375;92.95210266113281;[1]
(cacf);02:34:38:645;118;28.32959938049316;75.82525634765625;92.95210266113281;[1]
(aaaf);02:34:38:762;142;28.32959938049316;72.4912109375;93.07917785644531;[1]
(cacf);02:34:38:893;119;28.26719856262207;75.82525634765625;92.82502746582031;[1]
(aaaf);02:34:39:11;143;28.32959938049316;72.460693359375;92.95210266113281;[1]
(cacf);02:34:39:143;120;28.26719856262207;75.82525634765625;92.95210266113281;[1]
(aaaf);02:34:39:260;144;28.26719856262207;72.460693359375;92.95210266113281;[1]
(cacf);02:34:39:392;121;28.26719856262207;75.82525634765625;92.88856506347656;[1]
(aaaf);02:34:39:509;145;28.32959938049316;72.4912109375;92.95210266113281;[1]
(cacf);02:34:39:640;122;28.26719856262207;75.82525634765625;93.01564025878906;[1]
(aaaf);02:34:39:758;146;28.32959938049316;72.460693359375;93.07917785644531;[1]
(cacf);02:34:39:896;123;28.32959938049316;75.82525634765625;93.01564025878906;[1]
(aaaf);02:34:40:17;147;28.32959938049316;72.460693359375;93.07917785644531;[1]
(cacf);02:34:40:145;124;28.32959938049316;75.82525634765625;92.88856506347656;[1]
(aaaf);02:34:40:266;148;28.32959938049316;72.460693359375;92.95210266113281;[1]
(cacf);02:34:40:393;125;28.32959938049316;75.82525634765625;92.95210266113281;[1]
(aaaf);02:34:40:515;149;28.32959938049316;72.460693359375;93.07917785644531;[1]
(cacf);02:34:40:640;126;28.32959938049316;75.82525634765625;93.07917785644531;[1]
(aaaf);02:34:40:759;150;28.32959938049316;72.460693359375;93.07917785644531;[1]
(cacf);02:34:40:890;127;28.32959938049316;75.82525634765625;92.95210266113281;[1]
(aaaf);02:34:41:8;151;28.32959938049316;72.460693359375;92.95210266113281;[1]
(cacf);02:34:41:139;128;28.32959938049316;75.82525634765625;92.95210266113281;[1]
(aaaf);02:34:41:257;152;28.32959938049316;72.460693359375;93.07917785644531;[1]
(cacf);02:34:41:387;129;28.26719856262207;75.82525634765625;92.95210266113281;[1]
(aaaf);02:34:41:506;153;28.32959938049316;72.460693359375;93.07917785644531;[1]
(cacf);02:34:41:642;130;28.26719856262207;75.82525634765625;92.88856506347656;[1]
(aaaf);02:34:41:760;154;28.32959938049316;72.460693359375;93.07917785644531;[1]
(cacf);02:34:41:891;131;28.26719856262207;75.8023681640625;92.95210266113281;[1]
(aaaf);02:34:42:9;155;28.32959938049316;72.460693359375;93.07917785644531;[1]
(cacf);02:34:42:141;132;28.32959938049316;75.82525634765625;92.88856506347656;[1]
(aaaf);02:34:42:258;156;28.32959938049316;72.460693359375;92.95210266113281;[1]
(cacf);02:34:42:389;133;28.32959938049316;75.8023681640625;92.88856506347656;[1]
(aaaf);02:34:42:512;157;28.32959938049316;72.460693359375;93.01564025878906;[1]
(cacf);02:34:42:637;134;28.32959938049316;75.8023681640625;92.76148986816406;[1]
(aaaf);02:34:42:761;158;28.32959938049316;72.460693359375;92.95210266113281;[1]
(cacf);02:34:42:886;135;28.26719856262207;75.8023681640625;93.01564025878906;[1]
(aaaf);02:34:43:10;159;28.32959938049316;72.460693359375;92.95210266113281;[1]
(cacf);02:34:43:136;136;28.32959938049316;75.8023681640625;92.95210266113281;[1]
(aaaf);02:34:43:259;160;28.32959938049316;72.460693359375;92.95210266113281;[1]
(cacf);02:34:43:383;137;28.32959938049316;75.8023681640625;92.88856506347656;[1]
(aaaf);02:34:43:508;161;28.32959938049316;72.460693359375;93.07917785644531;[1]
(cacf);02:34:43:637;138;28.32959938049316;75.8023681640625;92.95210266113281;[1]
(aaaf);02:34:43:762;162;28.32959938049316;72.460693359375;93.07917785644531;[1]
(cacf);02:34:43:886;139;28.32959938049316;75.7718505859375;92.88856506347656;[1]
(aaaf);02:34:44:11;163;28.39199829101562;72.460693359375;93.07917785644531;[1]
(cacf);02:34:44:136;140;28.32959938049316;75.7718505859375;92.88856506347656;[1]
(aaaf);02:34:44:260;164;28.32959938049316;72.460693359375;93.14271545410156;[1]
(cacf);02:34:44:386;141;28.32959938049316;75.7718505859375;92.95210266113281;[1]
(aaaf);02:34:44:509;165;28.32959938049316;72.460693359375;93.07917785644531;[1]
(cacf);02:34:44:634;142;28.32959938049316;75.7718505859375;92.88856506347656;[1]
(aaaf);02:34:44:758;166;28.32959938049316;72.460693359375;92.95210266113281;[1]
(cacf);02:34:44:883;143;28.32959938049316;75.7718505859375;92.95210266113281;[1]
(aaaf);02:34:45:11;167;28.32959938049316;72.40728759765625;92.95210266113281;[1]
(cacf);02:34:45:132;144;28.32959938049316;75.80999755859375;92.95210266113281;[1]
(aaaf);02:34:45:256;168;28.32959938049316;72.40728759765625;92.95210266113281;[1]
(cacf);02:34:45:380;145;28.32959938049316;75.80999755859375;93.01564025878906;[1]
(aaaf);02:34:45:505;169;28.32959938049316;72.40728759765625;93.07917785644531;[1]
(cacf);02:34:45:635;146;28.32959938049316;75.80999755859375;92.76148986816406;[1]
(aaaf);02:34:45:759;170;28.32959938049316;72.40728759765625;92.95210266113281;[1]
(cacf);02:34:45:883;147;28.32959938049316;75.787109375;92.95210266113281;[1]
(aaaf);02:34:46:8;171;28.32959938049316;72.40728759765625;93.07917785644531;[1]
(cacf);02:34:46:130;148;28.32959938049316;75.787109375;93.01564025878906;[1]
(aaaf);02:34:46:252;172;28.32959938049316;72.40728759765625;93.01564025878906;[1]
(cacf);02:34:46:380;149;28.32959938049316;75.787109375;92.95210266113281;[1]
(aaaf);02:34:46:506;173;28.32959938049316;72.40728759765625;93.07917785644531;[1]
(cacf);02:34:46:629;150;28.32959938049316;75.787109375;93.01564025878906;[1]
(aaaf);02:34:46:750;174;28.32959938049316;72.40728759765625;92.95210266113281;[1]
(cacf);02:34:46:879;151;28.32959938049316;75.756591796875;92.95210266113281;[1]
(aaaf);02:34:47:4;175;28.32959938049316;72.40728759765625;93.07917785644531;[1]
(cacf);02:34:47:129;152;28.32959938049316;75.756591796875;92.88856506347656;[1]
(aaaf);02:34:47:253;176;28.32959938049316;72.40728759765625;92.95210266113281;[1]
(cacf);02:34:47:383;153;28.32959938049316;75.756591796875;93.07917785644531;[1]
(aaaf);02:34:47:507;177;28.32959938049316;72.40728759765625;93.07917785644531;[1]
(cacf);02:34:47:627;154;28.32959938049316;75.756591796875;92.95210266113281;[1]
(aaaf);02:34:47:751;178;28.32959938049316;72.40728759765625;93.07917785644531;[1]
(cacf);02:34:47:874;155;28.32959938049316;75.756591796875;92.95210266113281;[1]
(aaaf);02:34:48:0;179;28.32959938049316;72.40728759765625;93.07917785644531;[1]
(cacf);02:34:48:123;156;28.39199829101562;75.756591796875;92.95210266113281;[1]
(aaaf);02:34:48:244;180;28.39199829101562;72.40728759765625;93.07917785644531;[1]
(cacf);02:34:48:373;157;28.32959938049316;75.756591796875;92.95210266113281;[1]
(aaaf);02:34:48:498;181;28.32959938049316;72.40728759765625;92.95210266113281;[1]
(cacf);02:34:48:621;158;28.39199829101562;75.72607421875;92.88856506347656;[1]
(aaaf);02:34:48:747;182;28.39199829101562;72.40728759765625;92.95210266113281;[1]
(cacf);02:34:48:870;159;28.39199829101562;75.72607421875;93.07917785644531;[1]
(aaaf);02:34:48:996;183;28.32959938049316;72.40728759765625;93.07917785644531;[1]
(cacf);02:34:49:118;160;28.39199829101562;75.72607421875;93.07917785644531;[1]
(aaaf);02:34:49:240;184;28.32959938049316;72.37677001953125;93.07917785644531;[1]
(cacf);02:34:49:367;161;28.39199829101562;75.72607421875;93.07917785644531;[1]
(aaaf);02:34:49:489;185;28.32959938049316;72.37677001953125;93.07917785644531;[1]
(cacf);02:34:49:615;162;28.39199829101562;75.70318603515625;92.88856506347656;[1]
(aaaf);02:34:49:738;186;28.32959938049316;72.37677001953125;93.01564025878906;[1]
(cacf);02:34:49:864;163;28.39199829101562;75.70318603515625;92.88856506347656;[1]
(aaaf);02:34:49:987;187;28.32959938049316;72.37677001953125;93.07917785644531;[1]
(cacf);02:34:50:112;164;28.39199829101562;75.70318603515625;93.07917785644531;[1]
(aaaf);02:34:50:236;188;28.32959938049316;72.37677001953125;92.95210266113281;[1]
(cacf);02:34:50:362;165;28.32959938049316;75.70318603515625;92.95210266113281;[1]
(aaaf);02:34:50:485;189;28.32959938049316;72.37677001953125;93.07917785644531;[1]
(cacf);02:34:50:611;166;28.39199829101562;75.70318603515625;92.88856506347656;[1]
(aaaf);02:34:50:734;190;28.39199829101562;72.37677001953125;92.95210266113281;[1]
(cacf);02:34:50:860;167;28.39199829101562;75.70318603515625;92.88856506347656;[1]
(aaaf);02:34:50:988;191;28.32959938049316;72.37677001953125;93.07917785644531;[1]
(cacf);02:34:51:113;168;28.39199829101562;75.70318603515625;93.07917785644531;[1]
(aaaf);02:34:51:237;192;28.32959938049316;72.37677001953125;93.07917785644531;[1]
(cacf);02:34:51:362;169;28.39199829101562;75.67266845703125;92.88856506347656;[1]
(aaaf);02:34:51:486;193;28.32959938049316;72.37677001953125;93.07917785644531;[1]
(cacf);02:34:51:611;170;28.39199829101562;75.67266845703125;93.07917785644531;[1]
(aaaf);02:34:51:735;194;28.32959938049316;72.3538818359375;93.07917785644531;[1]
(cacf);02:34:51:861;171;28.39199829101562;75.64215087890625;92.88856506347656;[1]
(aaaf);02:34:51:984;195;28.39199829101562;72.3538818359375;93.01564025878906;[1]
(cacf);02:34:52:110;172;28.39199829101562;75.64215087890625;92.95210266113281;[1]
(aaaf);02:34:52:233;196;28.32959938049316;72.3538818359375;92.95210266113281;[1]
(cacf);02:34:52:357;173;28.39199829101562;75.64215087890625;92.88856506347656;[1]
(aaaf);02:34:52:482;197;28.32959938049316;72.3538818359375;92.95210266113281;[1]
(cacf);02:34:52:606;174;28.39199829101562;75.64215087890625;92.82502746582031;[1]
(aaaf);02:34:52:731;198;28.32959938049316;72.3538818359375;93.07917785644531;[1]
(cacf);02:34:52:856;175;28.39199829101562;75.64215087890625;92.95210266113281;[1]
(aaaf);02:34:52:985;199;28.32959938049316;72.3538818359375;93.07917785644531;[1]
(cacf);02:34:53:110;176;28.39199829101562;75.64215087890625;93.07917785644531;[1]
(aaaf);02:34:53:234;200;28.39199829101562;72.3538818359375;93.01564025878906;[1]
(cacf);02:34:53:358;177;28.39199829101562;75.64215087890625;92.95210266113281;[1]
(aaaf);02:34:53:483;201;28.32959938049316;72.3538818359375;93.07917785644531;[1]
(cacf);02:34:53:608;178;28.39199829101562;75.64215087890625;92.95210266113281;[1]
(aaaf);02:34:53:732;202;28.39199829101562;72.3538818359375;92.95210266113281;[1]
(cacf);02:34:53:856;179;28.39199829101562;75.64215087890625;92.95210266113281;[1]
(aaaf);02:34:53:981;203;28.32959938049316;72.3538818359375;93.07917785644531;[1]
(cacf);02:34:54:106;180;28.39199829101562;75.64215087890625;92.76148986816406;[1]
(aaaf);02:34:54:230;204;28.32959938049316;72.3538818359375;93.07917785644531;[1]
(cacf);02:34:54:355;181;28.39199829101562;75.6192626953125;93.07917785644531;[1]
(aaaf);02:34:54:479;205;28.32959938049316;72.3538818359375;92.95210266113281;[1]
(cacf);02:34:54:604;182;28.39199829101562;75.6192626953125;92.95210266113281;[1]
(aaaf);02:34:54:728;206;28.32959938049316;72.3233642578125;92.95210266113281;[1]
(cacf);02:34:54:853;183;28.39199829101562;75.6192626953125;92.88856506347656;[1]
(aaaf);02:34:54:977;207;28.39199829101562;72.3233642578125;93.07917785644531;[1]
(cacf);02:34:55:105;184;28.39199829101562;75.6192626953125;92.95210266113281;[1]
(aaaf);02:34:55:231;208;28.39199829101562;72.3233642578125;92.95210266113281;[1]
(cacf);02:34:55:355;185;28.39199829101562;75.6192626953125;92.88856506347656;[1]
(aaaf);02:34:55:480;209;28.39199829101562;72.3233642578125;92.95210266113281;[1]
(cacf);02:34:55:602;186;28.39199829101562;75.5887451171875;92.95210266113281;[1]
(aaaf);02:34:55:724;210;28.39199829101562;72.3233642578125;92.95210266113281;[1]
(cacf);02:34:55:850;187;28.39199829101562;75.5887451171875;93.01564025878906;[1]
(aaaf);02:34:55:973;211;28.32959938049316;72.3233642578125;93.07917785644531;[1]
(cacf);02:34:56:100;188;28.45439910888671;75.5887451171875;92.95210266113281;[1]
(aaaf);02:34:56:218;212;28.39199829101562;72.3233642578125;92.95210266113281;[1]
(cacf);02:34:56:350;189;28.39199829101562;75.5887451171875;92.95210266113281;[1]
(aaaf);02:34:56:466;213;28.39199829101562;72.3233642578125;93.07917785644531;[1]
(cacf);02:34:56:599;190;28.39199829101562;75.5887451171875;92.95210266113281;[1]
(aaaf);02:34:56:721;214;28.32959938049316;72.3233642578125;93.07917785644531;[1]
(cacf);02:34:56:852;191;28.39199829101562;75.5887451171875;92.95210266113281;[1]
(aaaf);02:34:56:969;215;28.32959938049316;72.3233642578125;93.01564025878906;[1]
(cacf);02:34:57:101;192;28.39199829101562;75.5887451171875;92.82502746582031;[1]
(aaaf);02:34:57:219;216;28.39199829101562;72.2928466796875;93.07917785644531;[1]
(cacf);02:34:57:351;193;28.39199829101562;75.5582275390625;92.88856506347656;[1]
(aaaf);02:34:57:467;217;28.39199829101562;72.2928466796875;93.07917785644531;[1]
(cacf);02:34:57:599;194;28.45439910888671;75.5582275390625;92.95210266113281;[1]
(aaaf);02:34:57:716;218;28.39199829101562;72.2928466796875;93.07917785644531;[1]
(cacf);02:34:57:848;195;28.45439910888671;75.5582275390625;92.95210266113281;[1]
(aaaf);02:34:57:966;219;28.39199829101562;72.2928466796875;92.95210266113281;[1]
(aaaf);02:34:58:99;220;28.39199829101562;72.2928466796875;92.95210266113281;[1]
(cacf);02:34:58:220;195;28.45439910888671;75.5582275390625;92.95210266113281195;28.45439910888671;75.53533935546875;92.95210266113281;[1]
(aaaf);02:34:58:344;221;28.32959938049316;72.2928466796875;93.07917785644531;[1]
(cacf);02:34:58:464;196;28.45439910888671;75.53533935546875;92.88856506347656;[1]
(aaaf);02:34:58:588;222;28.32959938049316;72.2928466796875;92.95210266113281;[1]
(cacf);02:34:58:713;197;28.45439910888671;75.53533935546875;92.88856506347656;[1]
(aaaf);02:34:58:842;223;28.39199829101562;72.2928466796875;92.95210266113281;[1]
(cacf);02:34:58:962;198;28.45439910888671;75.53533935546875;92.95210266113281;[1]
(aaaf);02:34:59:91;224;28.32959938049316;72.2928466796875;92.95210266113281;[1]
(cacf);02:34:59:211;199;28.45439910888671;75.50482177734375;93.07917785644531;[1]
(aaaf);02:34:59:338;225;28.39199829101562;72.2928466796875;93.01564025878906;[1]
(cacf);02:34:59:455;200;28.45439910888671;75.50482177734375;92.88856506347656;[1]
(aaaf);02:34:59:583;226;28.39199829101562;72.26995849609375;92.95210266113281;[1]
(cacf);02:34:59:704;201;28.45439910888671;75.48193359375;92.88856506347656;[1]
(aaaf);02:34:59:833;227;28.39199829101562;72.26995849609375;92.95210266113281;[1]
(cacf);02:34:59:953;202;28.45439910888671;75.48193359375;93.07917785644531;[1]
(aaaf);02:35:00:81;228;28.39199829101562;72.26995849609375;93.07917785644531;[1]
(cacf);02:35:00:202;203;28.45439910888671;75.48193359375;93.07917785644531;[1]
(aaaf);02:35:00:330;229;28.39199829101562;72.26995849609375;92.95210266113281;[1]
(cacf);02:35:00:451;204;28.45439910888671;75.48193359375;92.95210266113281;[1]
(aaaf);02:35:00:579;230;28.39199829101562;72.26995849609375;93.07917785644531;[1]
(cacf);02:35:00:705;205;28.45439910888671;75.48193359375;93.01564025878906;[1]
(aaaf);02:35:00:829;231;28.39199829101562;72.26995849609375;92.95210266113281;[1]
(cacf);02:35:00:949;206;28.45439910888671;75.48193359375;93.07917785644531;[1]
(aaaf);02:35:01:82;232;28.39199829101562;72.26995849609375;92.95210266113281;[1]
(cacf);02:35:01:203;207;28.45439910888671;75.451416015625;93.01564025878906;[1]
(aaaf);02:35:01:331;233;28.39199829101562;72.26995849609375;93.07917785644531;[1]
(cacf);02:35:01:452;208;28.45439910888671;75.451416015625;92.95210266113281;[1]
(aaaf);02:35:01:581;234;28.39199829101562;72.26995849609375;92.95210266113281;[1]
(cacf);02:35:01:701;209;28.45439910888671;75.451416015625;93.07917785644531;[1]
(aaaf);02:35:01:830;235;28.39199829101562;72.26995849609375;92.95210266113281;[1]
(cacf);02:35:01:950;210;28.45439910888671;75.451416015625;92.95210266113281;[1]
(aaaf);02:35:02:79;236;28.39199829101562;72.26995849609375;92.95210266113281;[1]
(cacf);02:35:02:199;211;28.45439910888671;75.4208984375;92.95210266113281;[1]
(aaaf);02:35:02:327;237;28.39199829101562;72.26995849609375;93.07917785644531;[1]
(cacf);02:35:02:448;212;28.45439910888671;75.4208984375;93.01564025878906;[1]
(aaaf);02:35:02:575;238;28.39199829101562;72.23944091796875;92.95210266113281;[1]
(cacf);02:35:02:702;213;28.45439910888671;75.390380859375;92.88856506347656;[1]
(aaaf);02:35:02:826;239;28.39199829101562;72.23944091796875;92.95210266113281;[1]
(cacf);02:35:02:946;214;28.45439910888671;75.4361572265625;92.88856506347656;[1]
(aaaf);02:35:03:70;240;28.39199829101562;72.23944091796875;93.01564025878906;[1]
(cacf);02:35:03:190;215;28.45439910888671;75.390380859375;92.95210266113281;[1]
(aaaf);02:35:03:314;241;28.32959938049316;72.23944091796875;93.01564025878906;[1]
(cacf);02:35:03:434;216;28.45439910888671;75.4056396484375;92.95210266113281;[1]
(aaaf);02:35:03:562;242;28.32959938049316;72.23944091796875;92.95210266113281;[1]
(cacf);02:35:03:683;217;28.45439910888671;75.36749267578125;93.01564025878906;[1]
(aaaf);02:35:03:808;243;28.39199829101562;72.23944091796875;93.07917785644531;[1]
(cacf);02:35:03:927;218;28.45439910888671;75.3751220703125;93.01564025878906;[1]
(aaaf);02:35:04:52;244;28.39199829101562;72.23944091796875;93.07917785644531;[1]
(cacf);02:35:04:171;219;28.45439910888671;75.3751220703125;92.95210266113281;[1]
(aaaf);02:35:04:297;245;28.39199829101562;72.23944091796875;92.95210266113281;[1]
(cacf);02:35:04:415;220;28.51679992675781;75.3751220703125;92.95210266113281;[1]
(aaaf);02:35:04:541;246;28.39199829101562;72.23944091796875;93.07917785644531;[1]
(cacf);02:35:04:664;221;28.51679992675781;75.35223388671875;93.07917785644531;[1]
(aaaf);02:35:04:788;247;28.39199829101562;72.23944091796875;93.07917785644531;[1]
(cacf);02:35:04:908;222;28.45439910888671;75.35223388671875;92.95210266113281;[1]
(aaaf);02:35:05:35;248;28.39199829101562;72.23944091796875;92.95210266113281;[1]
(cacf);02:35:05:157;223;28.45439910888671;75.32171630859375;93.01564025878906;[1]
(aaaf);02:35:05:284;249;28.39199829101562;72.23944091796875;92.95210266113281;[1]
(cacf);02:35:05:401;224;28.51679992675781;75.32171630859375;92.82502746582031;[1]
(aaaf);02:35:05:532;250;28.39199829101562;72.23944091796875;92.95210266113281;[1]
(cacf);02:35:05:650;225;28.45439910888671;75.32171630859375;92.88856506347656;[1]
(aaaf);02:35:05:782;251;28.39199829101562;72.20892333984375;92.95210266113281;[1]
(cacf);02:35:05:899;226;28.45439910888671;75.32171630859375;93.01564025878906;[1]
(aaaf);02:35:06:35;252;28.39199829101562;72.20892333984375;92.95210266113281;[1]
(cacf);02:35:06:153;227;28.51679992675781;75.29119873046875;92.82502746582031;[1]
(aaaf);02:35:06:284;253;28.39199829101562;72.20892333984375;93.07917785644531;[1]
(cacf);02:35:06:402;228;28.51679992675781;75.29119873046875;93.07917785644531;[1]
(aaaf);02:35:06:532;254;28.39199829101562;72.20892333984375;92.95210266113281;[1]
(cacf);02:35:06:651;229;28.51679992675781;75.268310546875;92.82502746582031;[1]
(aaaf);02:35:06:776;255;28.39199829101562;72.20892333984375;93.07917785644531;[1]
(cacf);02:35:06:895;230;28.51679992675781;75.268310546875;92.95210266113281;[1]
(aaaf);02:35:07:20;256;28.39199829101562;72.20892333984375;93.14271545410156;[1]
(cacf);02:35:07:139;231;28.51679992675781;75.268310546875;92.95210266113281;[1]
(aaaf);02:35:07:265;257;28.39199829101562;72.20892333984375;93.14271545410156;[1]
(cacf);02:35:07:383;232;28.51679992675781;75.268310546875;92.82502746582031;[1]
(aaaf);02:35:07:514;258;28.39199829101562;72.20892333984375;93.07917785644531;[1]
(cacf);02:35:07:632;233;28.51679992675781;75.23779296875;93.01564025878906;[1]
(aaaf);02:35:07:757;259;28.39199829101562;72.18603515625;93.01564025878906;[1]
(cacf);02:35:07:876;234;28.51679992675781;75.23779296875;92.82502746582031;[1]
(aaaf);02:35:08:0;260;28.39199829101562;72.18603515625;92.95210266113281;[1]
(cacf);02:35:08:120;235;28.51679992675781;75.207275390625;93.07917785644531;[1]
(aaaf);02:35:08:243;261;28.39199829101562;72.18603515625;93.01564025878906;[1]
(cacf);02:35:08:369;236;28.51679992675781;75.207275390625;92.95210266113281;[1]
(aaaf);02:35:08:494;262;28.45439910888671;72.18603515625;93.07917785644531;[1]
(cacf);02:35:08:618;237;28.51679992675781;75.207275390625;92.88856506347656;[1]
(aaaf);02:35:08:738;263;28.39199829101562;72.18603515625;93.01564025878906;[1]
(cacf);02:35:08:862;238;28.51679992675781;75.207275390625;92.95210266113281;[1]
(aaaf);02:35:08:982;264;28.39199829101562;72.18603515625;93.07917785644531;[1]
(cacf);02:35:09:106;239;28.51679992675781;75.207275390625;92.95210266113281;[1]
(aaaf);02:35:09:231;265;28.39199829101562;72.18603515625;93.07917785644531;[1]
(cacf);02:35:09:355;240;28.51679992675781;75.18438720703125;93.01564025878906;[1]
(aaaf);02:35:09:476;266;28.39199829101562;72.18603515625;92.95210266113281;[1]
(cacf);02:35:09:599;241;28.51679992675781;75.18438720703125;92.95210266113281;[1]
(aaaf);02:35:09:724;267;28.39199829101562;72.18603515625;92.95210266113281;[1]
(cacf);02:35:09:848;242;28.51679992675781;75.15386962890625;92.95210266113281;[1]
(aaaf);02:35:09:972;268;28.39199829101562;72.155517578125;93.07917785644531;[1]
(cacf);02:35:10:97;243;28.51679992675781;75.15386962890625;92.82502746582031;[1]
(aaaf);02:35:10:217;269;28.39199829101562;72.155517578125;93.01564025878906;[1]
(cacf);02:35:10:341;244;28.51679992675781;75.15386962890625;93.07917785644531;[1]
(aaaf);02:35:10:465;270;28.39199829101562;72.155517578125;93.01564025878906;[1]
(cacf);02:35:10:590;245;28.51679992675781;75.15386962890625;93.07917785644531;[1]
(aaaf);02:35:10:710;271;28.39199829101562;72.155517578125;92.95210266113281;[1]
(cacf);02:35:10:830;246;28.51679992675781;75.12335205078125;92.95210266113281;[1]
(aaaf);02:35:10:949;272;28.39199829101562;72.155517578125;93.07917785644531;[1]
(cacf);02:35:11:68;247;28.51679992675781;75.12335205078125;93.07917785644531;[1]
(aaaf);02:35:11:188;273;28.39199829101562;72.155517578125;93.07917785644531;[1]
(cacf);02:35:11:308;248;28.51679992675781;75.12335205078125;92.95210266113281;[1]
(aaaf);02:35:11:432;274;28.39199829101562;72.10211181640625;92.95210266113281;[1]
(cacf);02:35:11:557;249;28.57919883728027;75.1004638671875;92.95210266113281;[1]
(aaaf);02:35:11:681;275;28.39199829101562;72.10211181640625;93.07917785644531;[1]
(cacf);02:35:11:805;250;28.51679992675781;75.1004638671875;92.95210266113281;[1]
(aaaf);02:35:11:930;276;28.45439910888671;72.10211181640625;92.95210266113281;[1]
(cacf);02:35:12:58;251;28.51679992675781;75.1004638671875;93.01564025878906;[1]
(aaaf);02:35:12:179;277;28.39199829101562;72.10211181640625;92.95210266113281;[1]
(cacf);02:35:12:305;252;28.57919883728027;75.1004638671875;93.01564025878906;[1]
(aaaf);02:35:12:433;278;28.45439910888671;72.10211181640625;93.07917785644531;[1]
(cacf);02:35:12:555;253;28.57919883728027;75.1004638671875;93.01564025878906;[1]
(aaaf);02:35:12:677;279;28.39199829101562;72.10211181640625;92.95210266113281;[1]
(cacf);02:35:12:800;254;28.57919883728027;75.0699462890625;93.01564025878906;[1]
(aaaf);02:35:12:921;280;28.39199829101562;72.10211181640625;92.95210266113281;[1]
(cacf);02:35:13:44;255;28.51679992675781;75.0699462890625;92.95210266113281;[1]
(aaaf);02:35:13:170;281;28.39199829101562;72.10211181640625;92.95210266113281;[1]
(cacf);02:35:13:293;256;28.57919883728027;75.0394287109375;92.88856506347656;[1]
(aaaf);02:35:13:419;282;28.39199829101562;72.10211181640625;92.95210266113281;[1]
(cacf);02:35:13:542;257;28.57919883728027;75.0394287109375;93.07917785644531;[1]
(aaaf);02:35:13:666;283;28.39199829101562;72.10211181640625;93.01564025878906;[1]
(cacf);02:35:13:789;258;28.57919883728027;75.0394287109375;93.01564025878906;[1]
(aaaf);02:35:13:911;284;28.45439910888671;72.07159423828125;93.01564025878906;[1]
(cacf);02:35:14:45;259;28.57919883728027;75.0394287109375;92.76148986816406;[1]
(aaaf);02:35:14:166;285;28.39199829101562;72.07159423828125;93.01564025878906;[1]
(cacf);02:35:14:288;260;28.57919883728027;75.0394287109375;92.88856506347656;[1]
(aaaf);02:35:14:411;286;28.39199829101562;72.07159423828125;92.95210266113281;[1]
(cacf);02:35:14:538;261;28.57919883728027;75.01654052734375;92.88856506347656;[1]
(aaaf);02:35:14:660;287;28.39199829101562;72.07159423828125;92.95210266113281;[1]
(cacf);02:35:14:787;262;28.57919883728027;75.01654052734375;92.95210266113281;[1]
(aaaf);02:35:14:913;288;28.39199829101562;72.07159423828125;92.95210266113281;[1]
(cacf);02:35:15:35;263;28.51679992675781;74.98602294921875;92.88856506347656;[1]
(aaaf);02:35:15:155;289;28.39199829101562;72.07159423828125;93.14271545410156;[1]
(cacf);02:35:15:283;264;28.57919883728027;74.98602294921875;92.88856506347656;[1]
(aaaf);02:35:15:403;290;28.45439910888671;72.07159423828125;93.14271545410156;[1]
(cacf);02:35:15:531;265;28.57919883728027;74.98602294921875;93.01564025878906;[1]
(aaaf);02:35:15:653;291;28.39199829101562;72.07159423828125;92.95210266113281;[1]
(cacf);02:35:15:787;266;28.57919883728027;74.98602294921875;93.07917785644531;[1]
(aaaf);02:35:15:904;292;28.39199829101562;72.04107666015625;92.95210266113281;[1]
(cacf);02:35:16:35;267;28.57919883728027;74.98602294921875;93.01564025878906;[1]
(aaaf);02:35:16:154;293;28.45439910888671;72.04107666015625;93.14271545410156;[1]
(cacf);02:35:16:283;268;28.57919883728027;74.95550537109375;92.95210266113281;[1]
(aaaf);02:35:16:403;294;28.45439910888671;72.04107666015625;93.07917785644531;[1]
(cacf);02:35:16:532;269;28.51679992675781;74.95550537109375;92.88856506347656;[1]
(aaaf);02:35:16:651;295;28.39199829101562;72.04107666015625;92.95210266113281;[1]
(cacf);02:35:16:781;270;28.57919883728027;74.9326171875;92.88856506347656;[1]
(aaaf);02:35:16:901;296;28.39199829101562;72.04107666015625;92.95210266113281;[1]
(cacf);02:35:17:30;271;28.57919883728027;74.9326171875;93.01564025878906;[1]
(aaaf);02:35:17:150;297;28.45439910888671;72.04107666015625;92.95210266113281;[1]
(cacf);02:35:17:279;272;28.57919883728027;74.9326171875;92.88856506347656;[1]
(aaaf);02:35:17:399;298;28.45439910888671;72.04107666015625;92.95210266113281;[1]
(cacf);02:35:17:529;273;28.64159965515136;74.9326171875;92.88856506347656;[1]
(aaaf);02:35:17:648;299;28.45439910888671;72.04107666015625;92.95210266113281;[1]
(cacf);02:35:17:782;274;28.57919883728027;74.9326171875;93.01564025878906;[1]
(aaaf);02:35:17:902;300;28.39199829101562;72.04107666015625;92.95210266113281;[1]
(cacf);02:35:18:31;275;28.57919883728027;74.902099609375;93.01564025878906;[1]
(aaaf);02:35:18:151;301;28.45439910888671;72.04107666015625;92.95210266113281;[1]
(cacf);02:35:18:281;276;28.57919883728027;74.902099609375;92.88856506347656;[1]
(aaaf);02:35:18:400;302;28.39199829101562;72.04107666015625;93.07917785644531;[1]
(cacf);02:35:18:529;277;28.57919883728027;74.902099609375;93.01564025878906;[1]
(aaaf);02:35:18:649;303;28.39199829101562;72.0181884765625;92.95210266113281;[1]
(cacf);02:35:18:773;278;28.57919883728027;74.87158203125;93.07917785644531;[1]
(aaaf);02:35:18:893;304;28.39199829101562;72.0181884765625;93.14271545410156;[1]
(cacf);02:35:19:20;279;28.57919883728027;74.87158203125;93.01564025878906;[1]
(aaaf);02:35:19:137;305;28.45439910888671;72.0181884765625;92.95210266113281;[1]
(cacf);02:35:19:271;280;28.64159965515136;74.87158203125;92.95210266113281;[1]
(aaaf);02:35:19:391;306;28.45439910888671;72.0181884765625;92.95210266113281;[1]
(cacf);02:35:19:524;281;28.57919883728027;74.87158203125;92.95210266113281;[1]
(aaaf);02:35:19:645;307;28.39199829101562;72.0181884765625;92.95210266113281;[1]
(cacf);02:35:19:772;282;28.57919883728027;74.87158203125;93.01564025878906;[1]
(aaaf);02:35:19:889;308;28.39199829101562;72.0181884765625;93.01564025878906;[1]
(cacf);02:35:20:22;283;28.57919883728027;74.87158203125;92.95210266113281;[1]
(aaaf);02:35:20:143;309;28.45439910888671;72.0181884765625;93.07917785644531;[1]
(cacf);02:35:20:272;284;28.64159965515136;74.84869384765625;92.95210266113281;[1]
(aaaf);02:35:20:392;310;28.45439910888671;72.0181884765625;93.14271545410156;[1]
(cacf);02:35:20:519;285;28.64159965515136;74.84869384765625;92.88856506347656;[1]
(aaaf);02:35:20:636;311;28.45439910888671;72.0181884765625;93.07917785644531;[1]
(cacf);02:35:20:768;286;28.64159965515136;74.84869384765625;92.95210266113281;[1]
(aaaf);02:35:20:885;312;28.39199829101562;72.0181884765625;92.95210266113281;[1]
(cacf);02:35:21:16;287;28.57919883728027;74.84869384765625;93.01564025878906;[1]
(aaaf);02:35:21:134;313;28.45439910888671;71.9876708984375;93.07917785644531;[1]
(cacf);02:35:21:267;288;28.57919883728027;74.81817626953125;92.82502746582031;[1]
(aaaf);02:35:21:388;314;28.45439910888671;71.9876708984375;92.95210266113281;[1]
(cacf);02:35:21:520;289;28.57919883728027;74.81817626953125;92.82502746582031;[1]
(aaaf);02:35:21:637;315;28.45439910888671;71.9876708984375;93.14271545410156;[1]
(cacf);02:35:21:768;290;28.57919883728027;74.81817626953125;93.01564025878906;[1]
(aaaf);02:35:21:886;316;28.45439910888671;71.9876708984375;92.95210266113281;[1]
(cacf);02:35:22:19;291;28.57919883728027;74.78765869140625;92.88856506347656;[1]
(aaaf);02:35:22:140;317;28.45439910888671;71.9876708984375;92.95210266113281;[1]
(cacf);02:35:22:269;292;28.64159965515136;74.78765869140625;93.14271545410156;[1]
(aaaf);02:35:22:389;318;28.45439910888671;71.9876708984375;92.95210266113281;[1]
(cacf);02:35:22:514;293;28.64159965515136;74.75714111328125;93.01564025878906;[1]
(aaaf);02:35:22:633;319;28.45439910888671;71.9876708984375;92.95210266113281;[1]
(cacf);02:35:22:765;294;28.64159965515136;74.75714111328125;92.88856506347656;[1]
(aaaf);02:35:22:882;320;28.39199829101562;71.9876708984375;92.95210266113281;[1]
(cacf);02:35:23:12;295;28.57919883728027;74.75714111328125;93.01564025878906;[1]
(aaaf);02:35:23:131;321;28.45439910888671;71.9876708984375;93.14271545410156;[1]
(cacf);02:35:23:266;296;28.64159965515136;74.75714111328125;93.01564025878906;[1]
(aaaf);02:35:23:385;322;28.45439910888671;71.9876708984375;93.07917785644531;[1]
(cacf);02:35:23:517;297;28.64159965515136;74.7342529296875;92.95210266113281;[1]
(aaaf);02:35:23:634;323;28.39199829101562;71.9876708984375;92.95210266113281;[1]
(cacf);02:35:23:765;298;28.64159965515136;74.7342529296875;92.88856506347656;[1]
(aaaf);02:35:23:883;324;28.39199829101562;71.9876708984375;93.07917785644531;[1]
(cacf);02:35:24:14;299;28.64159965515136;74.7342529296875;93.01564025878906;[1]
(aaaf);02:35:24:132;325;28.45439910888671;71.9571533203125;92.95210266113281;[1]
(cacf);02:35:24:263;300;28.57919883728027;74.7037353515625;93.01564025878906;[1]
(aaaf);02:35:24:381;326;28.39199829101562;71.9571533203125;93.07917785644531;[1]
(cacf);02:35:24:513;301;28.64159965515136;74.7037353515625;92.88856506347656;[1]
(aaaf);02:35:24:630;327;28.45439910888671;71.9571533203125;92.95210266113281;[1]
(cacf);02:35:24:760;302;28.64159965515136;74.7037353515625;93.07917785644531;[1]
(aaaf);02:35:24:879;328;28.45439910888671;71.99530029296875;93.07917785644531;[1]
(cacf);02:35:25:9;303;28.64159965515136;74.7037353515625;92.82502746582031;[1]
(aaaf);02:35:25:128;329;28.45439910888671;71.99530029296875;93.07917785644531;[1]
(cacf);02:35:25:263;304;28.64159965515136;74.7037353515625;92.88856506347656;[1]
(aaaf);02:35:25:382;330;28.39199829101562;71.99530029296875;93.07917785644531;[1]
(cacf);02:35:25:513;305;28.64159965515136;74.68084716796875;92.95210266113281;[1]
(aaaf);02:35:25:631;331;28.45439910888671;71.99530029296875;92.95210266113281;[1]
(cacf);02:35:25:761;306;28.64159965515136;74.68084716796875;93.14271545410156;[1]
(aaaf);02:35:25:885;332;28.45439910888671;71.99530029296875;92.95210266113281;[1]
(cacf);02:35:26:8;307;28.70399856567382;74.65032958984375;93.01564025878906;[1]
(aaaf);02:35:26:139;333;28.45439910888671;71.9571533203125;93.07917785644531;[1]
(cacf);02:35:26:259;308;28.64159965515136;74.65032958984375;93.01564025878906;[1]
(aaaf);02:35:26:383;334;28.45439910888671;71.9571533203125;93.07917785644531;[1]
(cacf);02:35:26:507;309;28.64159965515136;74.65032958984375;93.01564025878906;[1]
(aaaf);02:35:26:632;335;28.45439910888671;71.93426513671875;92.95210266113281;[1]
(cacf);02:35:26:755;310;28.64159965515136;74.65032958984375;93.01564025878906;[1]
(aaaf);02:35:26:881;336;28.45439910888671;71.972412109375;93.07917785644531;[1]
(aaaf);02:35:27:8;337;28.45439910888671;71.972412109375;92.95210266113281;[1]
(cacf);02:35:27:130;311;28.64159965515136;74.61981201171875;92.82502746582031;[1]
(aaaf);02:35:27:256;338;28.45439910888671;71.972412109375;92.95210266113281;[1]
(cacf);02:35:27:379;312;28.64159965515136;74.61981201171875;93.07917785644531;[1]
(aaaf);02:35:27:500;339;28.45439910888671;71.972412109375;93.07917785644531;[1]
(cacf);02:35:27:623;313;28.64159965515136;74.61981201171875;93.07917785644531;[1]
(aaaf);02:35:27:749;340;28.45439910888671;71.972412109375;92.95210266113281;[1]
(cacf);02:35:27:872;314;28.64159965515136;74.63507080078125;93.07917785644531;[1]
(aaaf);02:35:27:998;341;28.45439910888671;71.93426513671875;93.01564025878906;[1]
(cacf);02:35:28:126;315;28.64159965515136;74.63507080078125;92.88856506347656;[1]
(aaaf);02:35:28:246;342;28.39199829101562;71.972412109375;93.14271545410156;[1]
(cacf);02:35:28:370;316;28.64159965515136;74.596923828125;93.01564025878906;[1]
(aaaf);02:35:28:490;343;28.45439910888671;71.972412109375;93.14271545410156;[1]
(cacf);02:35:28:614;317;28.64159965515136;74.63507080078125;93.01564025878906;[1]
(aaaf);02:35:28:734;344;28.45439910888671;71.972412109375;92.95210266113281;[1]
(cacf);02:35:28:853;318;28.64159965515136;74.63507080078125;93.01564025878906;[1]
(aaaf);02:35:28:980;345;28.45439910888671;71.972412109375;92.95210266113281;[1]
(cacf);02:35:29:98;319;28.70399856567382;74.60455322265625;93.01564025878906;[1]
(aaaf);02:35:29:229;346;28.45439910888671;71.972412109375;92.95210266113281;[1]
(cacf);02:35:29:347;320;28.64159965515136;74.60455322265625;92.88856506347656;[1]
(aaaf);02:35:29:478;347;28.45439910888671;71.972412109375;92.95210266113281;[1]
(cacf);02:35:29:596;321;28.70399856567382;74.60455322265625;93.14271545410156;[1]
(aaaf);02:35:29:726;348;28.45439910888671;71.972412109375;93.07917785644531;[1]
(cacf);02:35:29:845;322;28.70399856567382;74.57403564453125;93.01564025878906;[1]
(aaaf);02:35:29:974;349;28.45439910888671;71.972412109375;93.07917785644531;[1]
(cacf);02:35:30:99;323;28.70399856567382;74.57403564453125;93.07917785644531;[1]
(aaaf);02:35:30:223;350;28.45439910888671;71.972412109375;93.01564025878906;[1]
(cacf);02:35:30:343;324;28.70399856567382;74.57403564453125;93.01564025878906;[1]
(aaaf);02:35:30:472;351;28.45439910888671;71.93426513671875;93.14271545410156;[1]
(cacf);02:35:30:592;325;28.64159965515136;74.57403564453125;93.01564025878906;[1]
(aaaf);02:35:30:717;352;28.45439910888671;71.972412109375;93.07917785644531;[1]
(cacf);02:35:30:836;326;28.70399856567382;74.57403564453125;92.88856506347656;[1]
(aaaf);02:35:30:965;353;28.39199829101562;71.972412109375;92.95210266113281;[1]
(cacf);02:35:31:85;327;28.70399856567382;74.57403564453125;93.01564025878906;[1]
(aaaf);02:35:31:215;354;28.45439910888671;71.972412109375;92.95210266113281;[1]
(cacf);02:35:31:334;328;28.70399856567382;74.5511474609375;93.01564025878906;[1]
(aaaf);02:35:31:463;355;28.45439910888671;71.94189453125;92.95210266113281;[1]
(cacf);02:35:31:583;329;28.70399856567382;74.5511474609375;92.88856506347656;[1]
(aaaf);02:35:31:711;356;28.45439910888671;71.94189453125;92.95210266113281;[1]
(cacf);02:35:31:832;330;28.70399856567382;74.5511474609375;93.01564025878906;[1]
(aaaf);02:35:31:961;357;28.45439910888671;71.94189453125;92.95210266113281;[1]
(cacf);02:35:32:81;331;28.64159965515136;74.5206298828125;92.95210266113281;[1]
(aaaf);02:35:32:205;358;28.45439910888671;71.94189453125;92.95210266113281;[1]
(cacf);02:35:32:325;332;28.70399856567382;74.5206298828125;92.88856506347656;[1]
(aaaf);02:35:32:452;359;28.45439910888671;71.94189453125;92.95210266113281;[1]
(cacf);02:35:32:569;333;28.70399856567382;74.5206298828125;92.88856506347656;[1]
(aaaf);02:35:32:693;360;28.45439910888671;71.94189453125;93.01564025878906;[1]
(cacf);02:35:32:813;334;28.70399856567382;74.5206298828125;92.95210266113281;[1]
(aaaf);02:35:32:933;361;28.45439910888671;71.94189453125;92.95210266113281;[1]
(cacf);02:35:33:52;335;28.70399856567382;74.5206298828125;92.88856506347656;[1]
(aaaf);02:35:33:174;362;28.45439910888671;71.94189453125;93.01564025878906;[1]
(cacf);02:35:33:296;336;28.70399856567382;74.5206298828125;93.01564025878906;[1]
(aaaf);02:35:33:420;363;28.45439910888671;71.911376953125;92.95210266113281;[1]
(cacf);02:35:33:545;337;28.70399856567382;74.4901123046875;92.88856506347656;[1]
(aaaf);02:35:33:669;364;28.45439910888671;71.911376953125;93.14271545410156;[1]
(cacf);02:35:33:794;338;28.70399856567382;74.4901123046875;93.01564025878906;[1]
(aaaf);02:35:33:919;365;28.45439910888671;71.911376953125;92.95210266113281;[1]
(cacf);02:35:34:48;339;28.64159965515136;74.4901123046875;93.01564025878906;[1]
(aaaf);02:35:34:168;366;28.45439910888671;71.911376953125;92.95210266113281;[1]
(cacf);02:35:34:292;340;28.70399856567382;74.4595947265625;93.01564025878906;[1]
(aaaf);02:35:34:415;367;28.45439910888671;71.911376953125;93.14271545410156;[1]
(cacf);02:35:34:541;341;28.70399856567382;74.4595947265625;93.01564025878906;[1]
(aaaf);02:35:34:664;368;28.45439910888671;71.911376953125;92.95210266113281;[1]
(cacf);02:35:34:785;342;28.70399856567382;74.4595947265625;93.01564025878906;[1]
(aaaf);02:35:34:917;369;28.45439910888671;71.911376953125;93.01564025878906;[1]
(cacf);02:35:35:39;343;28.70399856567382;74.4595947265625;93.01564025878906;[1]
(aaaf);02:35:35:161;370;28.45439910888671;71.911376953125;92.95210266113281;[1]
(cacf);02:35:35:283;344;28.70399856567382;74.4595947265625;92.88856506347656;[1]
(aaaf);02:35:35:405;371;28.45439910888671;71.911376953125;93.07917785644531;[1]
(cacf);02:35:35:527;345;28.70399856567382;74.4595947265625;93.07917785644531;[1]
(aaaf);02:35:35:647;372;28.45439910888671;71.911376953125;93.01564025878906;[1]
(cacf);02:35:35:771;346;28.70399856567382;74.4595947265625;93.07917785644531;[1]
(aaaf);02:35:35:896;373;28.45439910888671;71.911376953125;93.07917785644531;[1]
(cacf);02:35:36:20;347;28.70399856567382;74.43670654296875;92.95210266113281;[1]
(aaaf);02:35:36:140;374;28.45439910888671;71.911376953125;92.95210266113281;[1]
(cacf);02:35:36:259;348;28.70399856567382;74.43670654296875;93.01564025878906;[1]
(aaaf);02:35:36:386;375;28.45439910888671;71.911376953125;92.95210266113281;[1]
(cacf);02:35:36:504;349;28.70399856567382;74.43670654296875;93.01564025878906;[1]
(aaaf);02:35:36:630;376;28.45439910888671;71.911376953125;92.95210266113281;[1]
(cacf);02:35:36:748;350;28.70399856567382;74.40618896484375;92.88856506347656;[1]
(aaaf);02:35:36:873;377;28.45439910888671;71.911376953125;93.01564025878906;[1]
(cacf);02:35:36:992;351;28.70399856567382;74.40618896484375;93.01564025878906;[1]
(aaaf);02:35:37:118;378;28.45439910888671;71.88848876953125;92.95210266113281;[1]
(cacf);02:35:37:238;352;28.70399856567382;74.40618896484375;93.01564025878906;[1]
(aaaf);02:35:37:365;379;28.45439910888671;71.88848876953125;93.01564025878906;[1]
(cacf);02:35:37:488;353;28.76639938354492;74.40618896484375;93.01564025878906;[1]
(aaaf);02:35:37:614;380;28.45439910888671;71.88848876953125;92.95210266113281;[1]
(cacf);02:35:37:735;354;28.70399856567382;74.40618896484375;93.01564025878906;[1]
(aaaf);02:35:37:863;381;28.45439910888671;71.88848876953125;92.95210266113281;[1]
(cacf);02:35:37:984;355;28.70399856567382;74.40618896484375;93.01564025878906;[1]
(aaaf);02:35:38:110;382;28.45439910888671;71.911376953125;93.07917785644531;[1]
(cacf);02:35:38:234;356;28.76639938354492;74.40618896484375;92.88856506347656;[1]
(aaaf);02:35:38:359;383;28.51679992675781;71.88848876953125;93.07917785644531;[1]
(cacf);02:35:38:488;357;28.70399856567382;74.40618896484375;93.01564025878906;[1]
(aaaf);02:35:38:610;384;28.45439910888671;71.88848876953125;93.07917785644531;[1]
(cacf);02:35:38:738;358;28.70399856567382;74.37567138671875;93.01564025878906;[1]
(aaaf);02:35:38:864;385;28.45439910888671;71.88848876953125;92.95210266113281;[1]
(cacf);02:35:38:988;359;28.70399856567382;74.37567138671875;92.88856506347656;[1]
(aaaf);02:35:39:113;386;28.45439910888671;71.88848876953125;92.95210266113281;[1]
(cacf);02:35:39:236;360;28.70399856567382;74.37567138671875;93.01564025878906;[1]
(aaaf);02:35:39:357;387;28.45439910888671;71.88848876953125;93.14271545410156;[1]
(cacf);02:35:39:485;361;28.70399856567382;74.37567138671875;92.88856506347656;[1]
(aaaf);02:35:39:606;388;28.45439910888671;71.88848876953125;92.95210266113281;[1]
(cacf);02:35:39:732;362;28.76639938354492;74.352783203125;93.01564025878906;[1]
(aaaf);02:35:39:851;389;28.45439910888671;71.88848876953125;93.01564025878906;[1]
(cacf);02:35:39:981;363;28.70399856567382;74.352783203125;93.07917785644531;[1]
(aaaf);02:35:40:99;390;28.45439910888671;71.88848876953125;93.01564025878906;[1]
(cacf);02:35:40:230;364;28.76639938354492;74.352783203125;93.01564025878906;[1]
(aaaf);02:35:40:349;391;28.45439910888671;71.88848876953125;93.01564025878906;[1]
(cacf);02:35:40:484;365;28.76639938354492;74.352783203125;92.88856506347656;[1]
(aaaf);02:35:40:603;392;28.45439910888671;71.88848876953125;93.07917785644531;[1]
(cacf);02:35:40:734;366;28.76639938354492;74.352783203125;92.88856506347656;[1]
(aaaf);02:35:40:852;393;28.45439910888671;71.88848876953125;93.14271545410156;[1]
(cacf);02:35:40:983;367;28.70399856567382;74.352783203125;93.07917785644531;[1]
(aaaf);02:35:41:101;394;28.51679992675781;71.88848876953125;93.14271545410156;[1]
(cacf);02:35:41:227;368;28.76639938354492;74.352783203125;92.88856506347656;[1]
(aaaf);02:35:41:345;395;28.45439910888671;71.88848876953125;92.95210266113281;[1]
(cacf);02:35:41:470;369;28.76639938354492;74.352783203125;92.88856506347656;[1]
(aaaf);02:35:41:589;396;28.45439910888671;71.88848876953125;93.07917785644531;[1]
(cacf);02:35:41:719;370;28.76639938354492;74.352783203125;93.07917785644531;[1]
(aaaf);02:35:41:838;397;28.45439910888671;71.88848876953125;92.95210266113281;[1]
(cacf);02:35:41:968;371;28.76639938354492;74.322265625;93.01564025878906;[1]
(aaaf);02:35:42:87;398;28.45439910888671;71.88848876953125;93.07917785644531;[1]
(cacf);02:35:42:224;372;28.76639938354492;74.322265625;92.88856506347656;[1]
(aaaf);02:35:42:341;399;28.45439910888671;71.88848876953125;92.95210266113281;[1]
(cacf);02:35:42:476;373;28.76639938354492;74.322265625;92.88856506347656;[1]
(aaaf);02:35:42:595;400;28.45439910888671;71.88848876953125;93.07917785644531;[1]
(cacf);02:35:42:724;374;28.70399856567382;74.291748046875;93.07917785644531;[1]
(aaaf);02:35:42:844;401;28.45439910888671;71.88848876953125;93.01564025878906;[1]
(cacf);02:35:42:975;375;28.76639938354492;74.291748046875;92.95210266113281;[1]
(aaaf);02:35:43:93;402;28.45439910888671;71.88848876953125;93.14271545410156;[1]
(cacf);02:35:43:224;376;28.76639938354492;74.291748046875;92.88856506347656;[1]
(aaaf);02:35:43:342;403;28.45439910888671;71.88848876953125;92.95210266113281;[1]
(cacf);02:35:43:468;377;28.76639938354492;74.291748046875;92.88856506347656;[1]
(aaaf);02:35:43:590;404;28.45439910888671;71.88848876953125;93.07917785644531;[1]
(cacf);02:35:43:712;378;28.76639938354492;74.291748046875;92.88856506347656;[1]
(aaaf);02:35:43:830;405;28.51679992675781;71.88848876953125;93.01564025878906;[1]
(cacf);02:35:43:960;379;28.76639938354492;74.291748046875;93.01564025878906;[1]
(aaaf);02:35:44:79;406;28.45439910888671;71.88848876953125;93.07917785644531;[1]
(cacf);02:35:44:214;380;28.76639938354492;74.291748046875;93.07917785644531;[1]
(aaaf);02:35:44:333;407;28.45439910888671;71.88848876953125;92.95210266113281;[1]
(cacf);02:35:44:462;381;28.70399856567382;74.291748046875;93.20625305175781;[1]
(aaaf);02:35:44:587;408;28.45439910888671;71.88848876953125;93.01564025878906;[1]
(cacf);02:35:44:710;382;28.76639938354492;74.26885986328125;93.01564025878906;[1]
(aaaf);02:35:44:836;409;28.45439910888671;71.88848876953125;92.95210266113281;[1]
(cacf);02:35:44:960;383;28.76639938354492;74.26885986328125;93.07917785644531;[1]
(aaaf);02:35:45:85;410;28.51679992675781;71.88848876953125;92.95210266113281;[1]
(cacf);02:35:45:208;384;28.76639938354492;74.26885986328125;93.01564025878906;[1]
(aaaf);02:35:45:334;411;28.45439910888671;71.88848876953125;93.07917785644531;[1]
(cacf);02:35:45:458;385;28.76639938354492;74.23834228515625;93.07917785644531;[1]
(aaaf);02:35:45:588;412;28.45439910888671;71.88848876953125;93.07917785644531;[1]
