(cacf);1;12:00:03:58;27.70559883117675;65.563720703125;92.82502746582031;[1]
(aaaf);2;12:00:07:372;28.45439910888671;67.21929931640625;92.69794464111328;[1]
(cacf);2;12:00:09:297;27.70559883117675;65.80023193359375;92.82502746582031;[1]
(aaaf);3;12:00:13:613;28.45439910888671;67.41766357421875;92.69794464111328;[1]
(cacf);3;12:00:09:548;27.76799964904785;65.80023193359375;92.76148986816406;[1]
(aaaf);4;12:00:13:865;28.45439910888671;67.38714599609375;92.69794464111328;[1]
(cacf);4;12:00:09:802;27.70559883117675;65.80023193359375;92.88856506347656;[1]
(aaaf);5;12:00:14:113;28.45439910888671;67.41766357421875;92.69794464111328;[1]
(cacf);5;12:00:10:49;27.70559883117675;65.80023193359375;93.01564025878906;[1]
(aaaf);6;12:00:14:365;28.45439910888671;67.38714599609375;92.82502746582031;[1]
(cacf);6;12:00:10:298;27.70559883117675;65.80023193359375;92.76148986816406;[1]
(aaaf);7;12:00:14:615;28.45439910888671;67.38714599609375;92.69794464111328;[1]
(cacf);7;12:00:10:553;27.76799964904785;65.80023193359375;92.82502746582031;[1]
(aaaf);8;12:00:14:864;28.45439910888671;67.38714599609375;92.63440704345703;[1]
(cacf);8;12:00:10:802;27.76799964904785;65.80023193359375;92.95210266113281;[1]
(aaaf);9;12:00:15:114;28.45439910888671;67.38714599609375;92.69794464111328;[1]
(cacf);9;12:00:11:51;27.70559883117675;65.80023193359375;92.82502746582031;[1]
(aaaf);10;12:00:15:362;28.45439910888671;67.38714599609375;92.76148986816406;[1]
(cacf);10;12:00:11:301;27.76799964904785;65.80023193359375;92.82502746582031;[1]
(aaaf);11;12:00:15:610;28.39199829101562;67.38714599609375;92.69794464111328;[1]
(cacf);11;12:00:11:550;27.70559883117675;65.80023193359375;93.01564025878906;[1]
(aaaf);12;12:00:15:860;28.45439910888671;67.3642578125;92.95210266113281;[1]
(cacf);12;12:00:11:797;27.76799964904785;65.80023193359375;92.88856506347656;[1]
(aaaf);13;12:00:16:114;28.45439910888671;67.3642578125;92.82502746582031;[1]
(cacf);13;12:00:12:46;27.70559883117675;65.80023193359375;92.69794464111328;[1]
(aaaf);14;12:00:16:369;28.45439910888671;67.3642578125;92.69794464111328;[1]
(cacf);14;12:00:12:301;27.76799964904785;65.80023193359375;92.82502746582031;[1]
(aaaf);15;12:00:16:617;28.45439910888671;67.3642578125;92.69794464111328;[1]
(cacf);15;12:00:12:555;27.76799964904785;65.80023193359375;92.82502746582031;[1]
(aaaf);16;12:00:16:866;28.45439910888671;67.3642578125;92.82502746582031;[1]
(cacf);16;12:00:12:803;27.76799964904785;65.80023193359375;92.76148986816406;[1]
(aaaf);17;12:00:17:117;28.45439910888671;67.3642578125;92.69794464111328;[1]
(cacf);17;12:00:13:52;27.76799964904785;65.80023193359375;92.82502746582031;[1]
(aaaf);18;12:00:17:369;28.45439910888671;67.3642578125;92.88856506347656;[1]
(cacf);18;12:00:13:300;27.70559883117675;65.80023193359375;92.82502746582031;[1]
(aaaf);19;12:00:17:618;28.45439910888671;67.3642578125;92.69794464111328;[1]
(cacf);19;12:00:13:549;27.70559883117675;65.80023193359375;92.88856506347656;[1]
(aaaf);20;12:00:17:867;28.45439910888671;67.3642578125;92.69794464111328;[1]
(cacf);20;12:00:13:799;27.76799964904785;65.80023193359375;92.76148986816406;[1]
(aaaf);21;12:00:18:120;28.45439910888671;67.3642578125;92.82502746582031;[1]
(cacf);21;12:00:14:52;27.76799964904785;65.80023193359375;92.82502746582031;[1]
(aaaf);22;12:00:18:368;28.45439910888671;67.3642578125;92.82502746582031;[1]
(cacf);22;12:00:14:302;27.70559883117675;65.80023193359375;92.88856506347656;[1]
(aaaf);23;12:00:18:617;28.39199829101562;67.333740234375;92.95210266113281;[1]
(cacf);23;12:00:14:550;27.76799964904785;65.80023193359375;92.82502746582031;[1]
(aaaf);24;12:00:18:867;28.45439910888671;67.333740234375;92.69794464111328;[1]
(cacf);24;12:00:14:800;27.70559883117675;65.80023193359375;92.88856506347656;[1]
(aaaf);25;12:00:19:115;28.45439910888671;67.333740234375;92.69794464111328;[1]
(cacf);25;12:00:15:48;27.76799964904785;65.80023193359375;92.88856506347656;[1]
(aaaf);26;12:00:19:364;28.45439910888671;67.333740234375;92.82502746582031;[1]
(cacf);26;12:00:15:296;27.70559883117675;65.77734375;92.88856506347656;[1]
(aaaf);27;12:00:19:612;28.45439910888671;67.333740234375;92.69794464111328;[1]
(cacf);27;12:00:15:545;27.76799964904785;65.77734375;92.88856506347656;[1]
(aaaf);28;12:00:19:866;28.45439910888671;67.333740234375;92.82502746582031;[1]
(cacf);28;12:00:15:800;27.76799964904785;65.77734375;93.01564025878906;[1]
(aaaf);29;12:00:20:115;28.45439910888671;67.30322265625;92.69794464111328;[1]
(cacf);29;12:00:16:43;27.76799964904785;65.77734375;92.82502746582031;[1]
(aaaf);30;12:00:20:364;28.45439910888671;67.30322265625;93.01564025878906;[1]
(cacf);30;12:00:16:286;27.76799964904785;65.77734375;92.95210266113281;[1]
(aaaf);31;12:00:20:614;28.51679992675781;67.30322265625;92.69794464111328;[1]
(cacf);31;12:00:16:530;27.76799964904785;65.77734375;92.82502746582031;[1]
(aaaf);32;12:00:20:863;28.45439910888671;67.30322265625;92.69794464111328;[1]
(cacf);32;12:00:16:774;27.76799964904785;65.77734375;92.82502746582031;[1]
(aaaf);33;12:00:21:111;28.45439910888671;67.30322265625;92.88856506347656;[1]
(cacf);33;12:00:17:24;27.70559883117675;65.77734375;92.82502746582031;[1]
(aaaf);34;12:00:21:359;28.45439910888671;67.30322265625;92.82502746582031;[1]
(cacf);34;12:00:17:274;27.70559883117675;65.77734375;92.82502746582031;[1]
(aaaf);35;12:00:21:613;28.45439910888671;67.30322265625;92.82502746582031;[1]
(cacf);35;12:00:17:528;27.76799964904785;65.77734375;92.82502746582031;[1]
(aaaf);36;12:00:21:862;28.45439910888671;67.30322265625;92.76148986816406;[1]
(cacf);36;12:00:17:782;27.76799964904785;65.77734375;92.82502746582031;[1]
(aaaf);37;12:00:22:111;28.45439910888671;67.30322265625;92.82502746582031;[1]
(cacf);37;12:00:18:31;27.76799964904785;65.77734375;92.82502746582031;[1]
(aaaf);38;12:00:22:359;28.45439910888671;67.30322265625;92.76148986816406;[1]
(cacf);38;12:00:18:274;27.70559883117675;65.77734375;92.95210266113281;[1]
(aaaf);39;12:00:22:609;28.45439910888671;67.30322265625;92.82502746582031;[1]
(cacf);39;12:00:18:523;27.76799964904785;65.77734375;93.01564025878906;[1]
(aaaf);40;12:00:22:859;28.45439910888671;67.28033447265625;92.88856506347656;[1]
(cacf);40;12:00:18:765;27.76799964904785;65.77734375;92.82502746582031;[1]
(aaaf);41;12:00:23:108;28.45439910888671;67.28033447265625;92.69794464111328;[1]
(cacf);41;12:00:19:14;27.70559883117675;65.77734375;92.82502746582031;[1]
(aaaf);42;12:00:23:361;28.45439910888671;67.28033447265625;92.69794464111328;[1]
(cacf);42;12:00:19:264;27.76799964904785;65.77734375;92.82502746582031;[1]
(aaaf);43;12:00:23:611;28.45439910888671;67.28033447265625;92.76148986816406;[1]
(cacf);43;12:00:19:514;27.76799964904785;65.77734375;92.82502746582031;[1]
(aaaf);44;12:00:23:859;28.45439910888671;67.28033447265625;92.69794464111328;[1]
(cacf);44;12:00:19:762;27.76799964904785;65.77734375;92.82502746582031;[1]
(aaaf);45;12:00:24:107;28.45439910888671;67.28033447265625;92.69794464111328;[1]
(cacf);45;12:00:20:9;27.76799964904785;65.77734375;92.88856506347656;[1]
(aaaf);46;12:00:24:357;28.45439910888671;67.24981689453125;92.69794464111328;[1]
(cacf);46;12:00:20:258;27.76799964904785;65.77734375;92.82502746582031;[1]
(aaaf);47;12:00:24:605;28.45439910888671;67.24981689453125;92.82502746582031;[1]
(cacf);47;12:00:20:502;27.76799964904785;65.77734375;92.82502746582031;[1]
(aaaf);48;12:00:24:855;28.45439910888671;67.24981689453125;92.88856506347656;[1]
(cacf);48;12:00:20:746;27.76799964904785;65.77734375;92.88856506347656;[1]
(aaaf);49;12:00:25:114;28.45439910888671;67.24981689453125;92.69794464111328;[1]
(cacf);49;12:00:20:995;27.76799964904785;65.77734375;92.88856506347656;[1]
(aaaf);50;12:00:25:368;28.45439910888671;67.24981689453125;92.69794464111328;[1]
(cacf);50;12:00:21:246;27.76799964904785;65.77734375;92.82502746582031;[1]
(aaaf);51;12:00:25:616;28.45439910888671;67.24981689453125;92.76148986816406;[1]
(cacf);51;12:00:21:495;27.76799964904785;65.77734375;92.88856506347656;[1]
(aaaf);52;12:00:25:864;28.45439910888671;67.24981689453125;92.82502746582031;[1]
(cacf);52;12:00:21:744;27.76799964904785;65.77734375;92.82502746582031;[1]
(aaaf);53;12:00:26:114;28.45439910888671;67.24981689453125;92.76148986816406;[1]
(cacf);53;12:00:21:993;27.76799964904785;65.77734375;92.82502746582031;[1]
(aaaf);54;12:00:26:362;28.45439910888671;67.24981689453125;92.69794464111328;[1]
(cacf);54;12:00:22:241;27.76799964904785;65.77734375;92.82502746582031;[1]
(aaaf);55;12:00:26:610;28.45439910888671;67.24981689453125;92.69794464111328;[1]
(cacf);55;12:00:22:484;27.76799964904785;65.77734375;93.01564025878906;[1]
(aaaf);56;12:00:26:864;28.45439910888671;67.24981689453125;92.76148986816406;[1]
(cacf);56;12:00:22:731;27.76799964904785;65.77734375;92.76148986816406;[1]
(aaaf);57;12:00:27:113;28.45439910888671;67.24981689453125;92.69794464111328;[1]
(cacf);57;12:00:22:976;27.76799964904785;65.77734375;92.82502746582031;[1]
(aaaf);58;12:00:27:363;28.45439910888671;67.24981689453125;92.76148986816406;[1]
(cacf);58;12:00:23:226;27.76799964904785;65.77734375;92.82502746582031;[1]
(aaaf);59;12:00:27:611;28.45439910888671;67.21929931640625;92.88856506347656;[1]
(cacf);59;12:00:23:476;27.76799964904785;65.77734375;92.88856506347656;[1]
(aaaf);60;12:00:27:860;28.45439910888671;67.21929931640625;92.82502746582031;[1]
(cacf);60;12:00:23:724;27.76799964904785;65.77734375;92.88856506347656;[1]
(aaaf);61;12:00:28:110;28.45439910888671;67.21929931640625;92.76148986816406;[1]
(cacf);61;12:00:23:972;27.76799964904785;65.77734375;92.82502746582031;[1]
(aaaf);62;12:00:28:358;28.45439910888671;67.21929931640625;92.76148986816406;[1]
(cacf);62;12:00:24:220;27.76799964904785;65.77734375;92.82502746582031;[1]
(aaaf);63;12:00:28:613;28.45439910888671;67.1964111328125;92.88856506347656;[1]
(cacf);63;12:00:24:474;27.76799964904785;65.77734375;93.01564025878906;[1]
(aaaf);64;12:00:28:867;28.51679992675781;67.1964111328125;92.69794464111328;[1]
(cacf);64;12:00:24:718;27.76799964904785;65.77734375;92.82502746582031;[1]
(aaaf);65;12:00:29:115;28.45439910888671;67.1964111328125;92.82502746582031;[1]
(cacf);65;12:00:24:964;27.70559883117675;65.77734375;92.82502746582031;[1]
(aaaf);66;12:00:29:363;28.45439910888671;67.1964111328125;92.76148986816406;[1]
(cacf);66;12:00:25:208;27.76799964904785;65.77734375;93.01564025878906;[1]
(aaaf);67;12:00:29:613;28.45439910888671;67.1964111328125;92.82502746582031;[1]
(cacf);67;12:00:25:455;27.76799964904785;65.77734375;92.88856506347656;[1]
(aaaf);68;12:00:29:861;28.45439910888671;67.1964111328125;92.69794464111328;[1]
(cacf);68;12:00:25:706;27.76799964904785;65.77734375;92.82502746582031;[1]
(aaaf);69;12:00:30:111;28.45439910888671;67.1964111328125;92.76148986816406;[1]
(cacf);69;12:00:25:955;27.76799964904785;65.77734375;92.82502746582031;[1]
(aaaf);70;12:00:30:365;28.45439910888671;67.1964111328125;92.76148986816406;[1]
(cacf);70;12:00:26:203;27.76799964904785;65.77734375;92.82502746582031;[1]
(aaaf);71;12:00:30:612;28.45439910888671;67.1658935546875;92.63440704345703;[1]
(cacf);71;12:00:26:457;27.76799964904785;65.77734375;92.82502746582031;[1]
(aaaf);72;12:00:30:861;28.51679992675781;67.1658935546875;92.82502746582031;[1]
(cacf);72;12:00:26:700;27.76799964904785;65.77734375;92.88856506347656;[1]
(aaaf);73;12:00:31:111;28.45439910888671;67.1658935546875;92.88856506347656;[1]
(cacf);73;12:00:26:944;27.76799964904785;65.77734375;93.01564025878906;[1]
(aaaf);74;12:00:31:359;28.45439910888671;67.1658935546875;92.76148986816406;[1]
(cacf);74;12:00:27:188;27.76799964904785;65.77734375;92.82502746582031;[1]
(aaaf);75;12:00:31:609;28.45439910888671;67.1353759765625;92.69794464111328;[1]
(cacf);75;12:00:27:433;27.76799964904785;65.77734375;92.82502746582031;[1]
(aaaf);76;12:00:31:857;28.45439910888671;67.1353759765625;92.82502746582031;[1]
(cacf);76;12:00:27:677;27.76799964904785;65.77734375;92.88856506347656;[1]
(aaaf);77;12:00:32:111;28.45439910888671;67.1353759765625;92.82502746582031;[1]
(cacf);77;12:00:27:924;27.76799964904785;65.77734375;92.95210266113281;[1]
(aaaf);78;12:00:32:360;28.45439910888671;67.1353759765625;92.69794464111328;[1]
(cacf);78;12:00:28:179;27.76799964904785;65.77734375;92.82502746582031;[1]
(aaaf);79;12:00:32:610;28.51679992675781;67.1353759765625;92.69794464111328;[1]
(cacf);79;12:00:28:427;27.76799964904785;65.77734375;92.82502746582031;[1]
(aaaf);80;12:00:32:864;28.45439910888671;67.1353759765625;92.76148986816406;[1]
(cacf);80;12:00:28:677;27.76799964904785;65.77734375;92.82502746582031;[1]
(aaaf);81;12:00:33:118;28.45439910888671;67.1353759765625;92.69794464111328;[1]
(cacf);81;12:00:28:927;27.76799964904785;65.77734375;92.88856506347656;[1]
(aaaf);82;12:00:33:366;28.51679992675781;67.1353759765625;92.76148986816406;[1]
(cacf);82;12:00:29:176;27.76799964904785;65.77734375;92.88856506347656;[1]
(aaaf);83;12:00:33:614;28.45439910888671;67.1353759765625;93.01564025878906;[1]
(cacf);83;12:00:29:419;27.76799964904785;65.77734375;92.82502746582031;[1]
(aaaf);84;12:00:33:867;28.45439910888671;67.1353759765625;92.76148986816406;[1]
(cacf);84;12:00:29:663;27.76799964904785;65.77734375;92.88856506347656;[1]
(aaaf);85;12:00:34:117;28.45439910888671;67.1353759765625;92.69794464111328;[1]
(cacf);85;12:00:29:911;27.76799964904785;65.77734375;92.88856506347656;[1]
(aaaf);86;12:00:34:367;28.51679992675781;67.1048583984375;92.69794464111328;[1]
(cacf);86;12:00:30:160;27.76799964904785;65.77734375;92.82502746582031;[1]
(aaaf);87;12:00:34:615;28.51679992675781;67.1048583984375;92.82502746582031;[1]
(cacf);87;12:00:30:408;27.76799964904785;65.77734375;92.88856506347656;[1]
(aaaf);88;12:00:34:865;28.45439910888671;67.1048583984375;92.69794464111328;[1]
(cacf);88;12:00:30:658;27.76799964904785;65.77734375;92.82502746582031;[1]
(aaaf);89;12:00:35:113;28.45439910888671;67.1048583984375;92.69794464111328;[1]
(cacf);89;12:00:30:908;27.76799964904785;65.77734375;93.01564025878906;[1]
(aaaf);90;12:00:35:361;28.51679992675781;67.1048583984375;92.82502746582031;[1]
(cacf);90;12:00:31:155;27.76799964904785;65.77734375;92.82502746582031;[1]
(aaaf);91;12:00:35:616;28.45439910888671;67.1048583984375;92.82502746582031;[1]
(cacf);91;12:00:31:400;27.76799964904785;65.77734375;92.82502746582031;[1]
(aaaf);92;12:00:35:866;28.51679992675781;67.14300537109375;92.76148986816406;[1]
(cacf);92;12:00:31:648;27.76799964904785;65.77734375;92.95210266113281;[1]
(aaaf);93;12:00:36:114;28.51679992675781;67.1048583984375;92.69794464111328;[1]
(cacf);93;12:00:31:892;27.76799964904785;65.77734375;92.95210266113281;[1]
(aaaf);94;12:00:36:362;28.51679992675781;67.14300537109375;92.88856506347656;[1]
(cacf);94;12:00:32:136;27.76799964904785;65.77734375;92.82502746582031;[1]
(aaaf);95;12:00:36:612;28.51679992675781;67.08197021484375;92.69794464111328;[1]
(cacf);95;12:00:32:379;27.76799964904785;65.77734375;93.01564025878906;[1]
(aaaf);96;12:00:36:860;28.51679992675781;67.08197021484375;92.69794464111328;[1]
(cacf);96;12:00:32:628;27.76799964904785;65.77734375;92.95210266113281;[1]
(aaaf);97;12:00:37:109;28.51679992675781;67.08197021484375;92.82502746582031;[1]
(cacf);97;12:00:32:879;27.76799964904785;65.77734375;92.95210266113281;[1]
(aaaf);98;12:00:37:364;28.45439910888671;67.11248779296875;92.69794464111328;[1]
(cacf);98;12:00:33:128;27.76799964904785;65.77734375;92.95210266113281;[1]
(aaaf);99;12:00:37:618;28.51679992675781;67.11248779296875;92.82502746582031;[1]
(cacf);99;12:00:33:381;27.76799964904785;65.77734375;92.88856506347656;[1]
(aaaf);100;12:00:37:872;28.51679992675781;67.08197021484375;92.69794464111328;[1]
(cacf);100;12:00:33:629;27.83039855957031;65.77734375;92.88856506347656;[1]
(aaaf);101;12:00:38:126;28.45439910888671;67.08197021484375;92.88856506347656;[1]
(cacf);101;12:00:33:875;27.76799964904785;65.77734375;92.82502746582031;[1]
(aaaf);102;12:00:38:379;28.51679992675781;67.11248779296875;92.76148986816406;[1]
(cacf);102;12:00:34:118;27.76799964904785;65.77734375;92.82502746582031;[1]
(aaaf);103;12:00:38:633;28.51679992675781;67.11248779296875;92.82502746582031;[1]
(cacf);103;12:00:34:362;27.83039855957031;65.80023193359375;92.82502746582031;[1]
(aaaf);104;12:00:38:881;28.45439910888671;67.11248779296875;92.88856506347656;[1]
(cacf);104;12:00:34:610;27.76799964904785;65.80023193359375;92.88856506347656;[1]
(aaaf);105;12:00:39:135;28.51679992675781;67.11248779296875;92.69794464111328;[1]
(cacf);105;12:00:34:860;27.76799964904785;65.80023193359375;92.82502746582031;[1]
(aaaf);106;12:00:39:385;28.51679992675781;67.11248779296875;92.69794464111328;[1]
(cacf);106;12:00:35:119;27.76799964904785;65.80023193359375;92.82502746582031;[1]
(aaaf);107;12:00:39:639;28.51679992675781;67.11248779296875;92.69794464111328;[1]
(cacf);107;12:00:35:367;27.76799964904785;65.80023193359375;92.82502746582031;[1]
(aaaf);108;12:00:39:887;28.51679992675781;67.11248779296875;92.95210266113281;[1]
(cacf);108;12:00:35:615;27.76799964904785;65.80023193359375;92.82502746582031;[1]
(aaaf);109;12:00:40:135;28.51679992675781;67.11248779296875;92.69794464111328;[1]
(cacf);109;12:00:35:865;27.83039855957031;65.80023193359375;92.88856506347656;[1]
(aaaf);110;12:00:40:383;28.51679992675781;67.11248779296875;92.69794464111328;[1]
(cacf);110;12:00:36:113;27.76799964904785;65.80023193359375;92.88856506347656;[1]
(aaaf);111;12:00:40:633;28.51679992675781;67.089599609375;92.69794464111328;[1]
(cacf);111;12:00:36:363;27.76799964904785;65.80023193359375;93.01564025878906;[1]
(aaaf);112;12:00:40:887;28.51679992675781;67.089599609375;92.82502746582031;[1]
(cacf);112;12:00:36:610;27.76799964904785;65.80023193359375;92.88856506347656;[1]
(aaaf);113;12:00:41:137;28.51679992675781;67.089599609375;92.76148986816406;[1]
(cacf);113;12:00:36:865;27.76799964904785;65.80023193359375;92.88856506347656;[1]
(aaaf);114;12:00:41:391;28.51679992675781;67.089599609375;92.69794464111328;[1]
(cacf);114;12:00:37:114;27.76799964904785;65.80023193359375;92.82502746582031;[1]
(aaaf);115;12:00:41:645;28.51679992675781;67.089599609375;92.69794464111328;[1]
(cacf);115;12:00:37:363;27.76799964904785;65.80023193359375;92.88856506347656;[1]
(aaaf);116;12:00:41:893;28.57919883728027;67.089599609375;92.69794464111328;[1]
(cacf);116;12:00:37:611;27.76799964904785;65.80023193359375;92.82502746582031;[1]
(aaaf);117;12:00:42:141;28.57919883728027;67.089599609375;92.69794464111328;[1]
(cacf);117;12:00:37:861;27.76799964904785;65.83074951171875;93.01564025878906;[1]
(aaaf);118;12:00:42:391;28.51679992675781;67.089599609375;92.69794464111328;[1]
(cacf);118;12:00:38:108;27.76799964904785;65.80023193359375;92.88856506347656;[1]
(aaaf);119;12:00:42:649;28.51679992675781;67.05908203125;92.82502746582031;[1]
(cacf);119;12:00:38:357;27.76799964904785;65.83074951171875;92.82502746582031;[1]
(aaaf);120;12:00:42:897;28.51679992675781;67.05908203125;92.69794464111328;[1]
(cacf);120;12:00:38:611;27.76799964904785;65.83074951171875;92.82502746582031;[1]
(aaaf);121;12:00:43:147;28.51679992675781;67.05908203125;92.76148986816406;[1]
(cacf);121;12:00:38:860;27.76799964904785;65.83074951171875;92.82502746582031;[1]
(aaaf);122;12:00:43:397;28.51679992675781;67.05908203125;92.82502746582031;[1]
(cacf);122;12:00:39:109;27.76799964904785;65.83074951171875;92.82502746582031;[1]
(aaaf);123;12:00:43:645;28.51679992675781;67.05908203125;92.82502746582031;[1]
(cacf);123;12:00:39:358;27.76799964904785;65.83074951171875;92.82502746582031;[1]
(aaaf);124;12:00:43:893;28.51679992675781;67.05908203125;92.88856506347656;[1]
(cacf);124;12:00:39:607;27.83039855957031;65.83074951171875;92.88856506347656;[1]
(aaaf);125;12:00:44:137;28.51679992675781;67.05908203125;92.69794464111328;[1]
(cacf);125;12:00:39:856;27.76799964904785;65.83074951171875;92.82502746582031;[1]
(aaaf);126;12:00:44:388;28.51679992675781;67.05908203125;92.69794464111328;[1]
(cacf);126;12:00:40:105;27.76799964904785;65.83074951171875;92.88856506347656;[1]
(aaaf);127;12:00:44:640;28.51679992675781;67.05908203125;92.82502746582031;[1]
(cacf);127;12:00:40:359;27.76799964904785;65.83074951171875;92.88856506347656;[1]
(aaaf);128;12:00:44:890;28.57919883728027;67.05908203125;92.76148986816406;[1]
(cacf);128;12:00:40:609;27.76799964904785;65.83074951171875;92.82502746582031;[1]
(aaaf);129;12:00:45:144;28.51679992675781;67.05908203125;92.69794464111328;[1]
(cacf);129;12:00:40:856;27.83039855957031;65.83074951171875;92.88856506347656;[1]
(aaaf);130;12:00:45:393;28.51679992675781;67.05908203125;92.69794464111328;[1]
(cacf);130;12:00:41:105;27.83039855957031;65.83074951171875;92.88856506347656;[1]
(aaaf);131;12:00:45:647;28.57919883728027;67.028564453125;92.76148986816406;[1]
(cacf);131;12:00:41:354;27.83039855957031;65.83074951171875;92.88856506347656;[1]
(aaaf);132;12:00:45:896;28.51679992675781;67.028564453125;92.76148986816406;[1]
(cacf);132;12:00:41:603;27.83039855957031;65.83074951171875;92.82502746582031;[1]
(aaaf);133;12:00:46:150;28.57919883728027;67.028564453125;92.69794464111328;[1]
(cacf);133;12:00:41:852;27.76799964904785;65.83074951171875;92.82502746582031;[1]
(aaaf);134;12:00:46:403;28.57919883728027;67.028564453125;92.69794464111328;[1]
(cacf);134;12:00:42:107;27.76799964904785;65.83074951171875;92.82502746582031;[1]
(aaaf);135;12:00:46:651;28.51679992675781;67.028564453125;92.69794464111328;[1]
(cacf);135;12:00:42:355;27.83039855957031;65.83074951171875;92.82502746582031;[1]
(aaaf);136;12:00:46:899;28.57919883728027;67.028564453125;92.69794464111328;[1]
(cacf);136;12:00:42:604;27.76799964904785;65.83074951171875;92.82502746582031;[1]
(aaaf);137;12:00:47:143;28.57919883728027;67.028564453125;92.69794464111328;[1]
(cacf);137;12:00:42:854;27.83039855957031;65.83074951171875;93.01564025878906;[1]
(aaaf);138;12:00:47:388;28.51679992675781;67.028564453125;92.69794464111328;[1]
(cacf);138;12:00:43:101;27.76799964904785;65.83074951171875;92.88856506347656;[1]
(aaaf);139;12:00:47:631;28.57919883728027;67.028564453125;92.88856506347656;[1]
(cacf);139;12:00:43:351;27.83039855957031;65.83074951171875;92.88856506347656;[1]
(aaaf);140;12:00:47:880;28.51679992675781;67.028564453125;92.82502746582031;[1]
(cacf);140;12:00:43:599;27.83039855957031;65.83074951171875;92.88856506347656;[1]
(aaaf);141;12:00:48:123;28.57919883728027;67.028564453125;92.76148986816406;[1]
(cacf);141;12:00:43:853;27.83039855957031;65.83074951171875;92.82502746582031;[1]
(aaaf);142;12:00:48:372;28.51679992675781;67.028564453125;92.69794464111328;[1]
(cacf);142;12:00:44:101;27.76799964904785;65.83074951171875;93.01564025878906;[1]
(aaaf);143;12:00:48:621;28.57919883728027;67.028564453125;92.76148986816406;[1]
(cacf);143;12:00:44:350;27.76799964904785;65.83074951171875;92.88856506347656;[1]
(aaaf);144;12:00:48:871;28.57919883728027;67.028564453125;92.88856506347656;[1]
(cacf);144;12:00:44:600;27.83039855957031;65.83074951171875;92.88856506347656;[1]
(aaaf);145;12:00:49:116;28.57919883728027;67.028564453125;92.76148986816406;[1]
(cacf);145;12:00:44:849;27.76799964904785;65.83074951171875;92.95210266113281;[1]
(aaaf);146;12:00:49:364;28.57919883728027;67.028564453125;92.76148986816406;[1]
(cacf);146;12:00:45:98;27.76799964904785;65.83074951171875;92.88856506347656;[1]
(aaaf);147;12:00:49:618;28.51679992675781;67.028564453125;92.88856506347656;[1]
(cacf);147;12:00:45:346;27.83039855957031;65.83074951171875;92.82502746582031;[1]
(aaaf);148;12:00:49:866;28.57919883728027;67.028564453125;92.76148986816406;[1]
(cacf);148;12:00:45:600;27.83039855957031;65.83074951171875;92.82502746582031;[1]
(aaaf);149;12:00:50:110;28.57919883728027;67.028564453125;92.76148986816406;[1]
(cacf);149;12:00:45:849;27.76799964904785;65.83074951171875;92.88856506347656;[1]
(aaaf);150;12:00:50:358;28.51679992675781;67.028564453125;92.76148986816406;[1]
(cacf);150;12:00:46:99;27.76799964904785;65.83074951171875;92.88856506347656;[1]
(aaaf);151;12:00:50:607;28.57919883728027;67.028564453125;92.69794464111328;[1]
(cacf);151;12:00:46:346;27.76799964904785;65.80023193359375;92.82502746582031;[1]
(aaaf);152;12:00:50:851;28.57919883728027;67.028564453125;92.69794464111328;[1]
(cacf);152;12:00:46:595;27.83039855957031;65.80023193359375;92.76148986816406;[1]
(aaaf);153;12:00:51:96;28.57919883728027;67.028564453125;92.76148986816406;[1]
(cacf);153;12:00:46:845;27.83039855957031;65.80023193359375;92.88856506347656;[1]
(aaaf);154;12:00:51:345;28.57919883728027;67.028564453125;92.76148986816406;[1]
(cacf);154;12:00:47:94;27.83039855957031;65.80023193359375;92.82502746582031;[1]
(aaaf);155;12:00:51:594;28.57919883728027;67.028564453125;92.76148986816406;[1]
(cacf);155;12:00:47:348;27.83039855957031;65.80023193359375;92.82502746582031;[1]
(aaaf);156;12:00:51:837;28.51679992675781;67.028564453125;92.76148986816406;[1]
(cacf);156;12:00:47:597;27.83039855957031;65.80023193359375;92.88856506347656;[1]
(aaaf);157;12:00:52:86;28.57919883728027;67.028564453125;92.69794464111328;[1]
(cacf);157;12:00:47:846;27.83039855957031;65.80023193359375;92.82502746582031;[1]
(aaaf);158;12:00:52:334;28.57919883728027;67.028564453125;92.76148986816406;[1]
(cacf);158;12:00:48:94;27.83039855957031;65.80023193359375;92.82502746582031;[1]
(aaaf);159;12:00:52:583;28.57919883728027;67.028564453125;92.76148986816406;[1]
(cacf);159;12:00:48:344;27.83039855957031;65.80023193359375;92.88856506347656;[1]
(aaaf);160;12:00:52:828;28.57919883728027;67.028564453125;92.69794464111328;[1]
(cacf);160;12:00:48:592;27.83039855957031;65.80023193359375;92.82502746582031;[1]
(aaaf);161;12:00:53:76;28.57919883728027;67.028564453125;92.69794464111328;[1]
(cacf);161;12:00:48:842;27.83039855957031;65.80023193359375;92.88856506347656;[1]
(aaaf);162;12:00:53:320;28.57919883728027;67.028564453125;92.76148986816406;[1]
(cacf);162;12:00:49:94;27.83039855957031;65.80023193359375;92.88856506347656;[1]
(aaaf);163;12:00:53:565;28.57919883728027;67.028564453125;92.76148986816406;[1]
(cacf);163;12:00:49:344;27.83039855957031;65.77734375;92.88856506347656;[1]
(aaaf);164;12:00:53:819;28.57919883728027;67.028564453125;92.76148986816406;[1]
(cacf);164;12:00:49:593;27.83039855957031;65.77734375;92.88856506347656;[1]
(aaaf);165;12:00:54:67;28.57919883728027;67.028564453125;92.88856506347656;[1]
(cacf);165;12:00:49:841;27.83039855957031;65.77734375;92.88856506347656;[1]
(aaaf);166;12:00:54:315;28.57919883728027;67.028564453125;92.69794464111328;[1]
(cacf);166;12:00:50:89;27.83039855957031;65.77734375;92.82502746582031;[1]
(aaaf);167;12:00:54:560;28.64159965515136;67.028564453125;92.76148986816406;[1]
(cacf);167;12:00:50:333;27.83039855957031;65.77734375;92.82502746582031;[1]
(aaaf);168;12:00:54:810;28.57919883728027;67.028564453125;92.69794464111328;[1]
(cacf);168;12:00:50:577;27.83039855957031;65.77734375;92.88856506347656;[1]
(aaaf);169;12:00:55:58;28.57919883728027;67.028564453125;92.69794464111328;[1]
(cacf);169;12:00:50:826;27.83039855957031;65.77734375;92.88856506347656;[1]
(aaaf);170;12:00:55:301;28.57919883728027;67.028564453125;92.76148986816406;[1]
(cacf);170;12:00:51:70;27.83039855957031;65.77734375;92.88856506347656;[1]
(aaaf);171;12:00:55:546;28.57919883728027;67.028564453125;92.76148986816406;[1]
(cacf);171;12:00:51:320;27.83039855957031;65.77734375;92.82502746582031;[1]
(aaaf);172;12:00:55:800;28.57919883728027;67.028564453125;92.88856506347656;[1]
(cacf);172;12:00:51:570;27.83039855957031;65.77734375;92.88856506347656;[1]
(aaaf);173;12:00:56:49;28.64159965515136;67.028564453125;92.88856506347656;[1]
(cacf);173;12:00:51:818;27.83039855957031;65.77734375;92.95210266113281;[1]
(aaaf);174;12:00:56:292;28.57919883728027;67.028564453125;92.69794464111328;[1]
(cacf);174;12:00:52:66;27.83039855957031;65.77734375;92.88856506347656;[1]
(aaaf);175;12:00:56:541;28.57919883728027;67.028564453125;92.76148986816406;[1]
(cacf);175;12:00:52:316;27.83039855957031;65.77734375;92.88856506347656;[1]
(aaaf);176;12:00:56:791;28.64159965515136;67.028564453125;92.88856506347656;[1]
(cacf);176;12:00:52:563;27.83039855957031;65.77734375;92.82502746582031;[1]
(aaaf);177;12:00:57:40;28.64159965515136;67.028564453125;92.88856506347656;[1]
(cacf);177;12:00:52:812;27.83039855957031;65.77734375;92.88856506347656;[1]
(aaaf);178;12:00:57:288;28.57919883728027;67.028564453125;92.69794464111328;[1]
(cacf);178;12:00:53:56;27.83039855957031;65.77734375;92.88856506347656;[1]
(aaaf);179;12:00:57:537;28.57919883728027;67.028564453125;92.76148986816406;[1]
(cacf);179;12:00:53:300;27.83039855957031;65.77734375;92.88856506347656;[1]
(aaaf);180;12:00:57:785;28.57919883728027;67.028564453125;92.76148986816406;[1]
(cacf);180;12:00:53:545;27.83039855957031;65.77734375;92.88856506347656;[1]
(aaaf);181;12:00:58:34;28.57919883728027;67.028564453125;92.76148986816406;[1]
(cacf);181;12:00:53:795;27.83039855957031;65.77734375;92.88856506347656;[1]
(aaaf);182;12:00:58:283;28.57919883728027;67.028564453125;92.76148986816406;[1]
(cacf);182;12:00:54:49;27.83039855957031;65.77734375;92.88856506347656;[1]
(aaaf);183;12:00:58:527;28.64159965515136;67.028564453125;92.88856506347656;[1]
(cacf);183;12:00:54:297;27.8927993774414;65.77734375;92.82502746582031;[1]
(aaaf);184;12:00:58:770;28.64159965515136;67.00567626953125;92.76148986816406;[1]
(cacf);184;12:00:54:550;27.83039855957031;65.77734375;92.82502746582031;[1]
(aaaf);185;12:00:59:15;28.64159965515136;67.028564453125;92.76148986816406;[1]
(cacf);185;12:00:54:799;27.83039855957031;65.77734375;93.01564025878906;[1]
(aaaf);186;12:00:59:257;28.64159965515136;67.00567626953125;92.88856506347656;[1]
(cacf);186;12:00:55:43;27.83039855957031;65.77734375;92.82502746582031;[1]
(aaaf);187;12:00:59:507;28.64159965515136;67.00567626953125;92.88856506347656;[1]
(cacf);187;12:00:55:286;27.8927993774414;65.77734375;92.82502746582031;[1]
(aaaf);188;12:00:59:756;28.64159965515136;67.00567626953125;92.76148986816406;[1]
(cacf);188;12:00:55:530;27.8927993774414;65.77734375;92.76148986816406;[1]
(aaaf);189;12:01:00:5;28.64159965515136;67.00567626953125;92.69794464111328;[1]
(cacf);189;12:00:55:775;27.83039855957031;65.77734375;92.76148986816406;[1]
(aaaf);190;12:01:00:248;28.64159965515136;67.00567626953125;92.88856506347656;[1]
(cacf);190;12:00:56:20;27.83039855957031;65.77734375;92.88856506347656;[1]
(aaaf);191;12:01:00:492;28.64159965515136;67.00567626953125;92.76148986816406;[1]
(cacf);191;12:00:56:274;27.83039855957031;65.77734375;92.95210266113281;[1]
(aaaf);192;12:01:00:736;28.57919883728027;67.00567626953125;92.76148986816406;[1]
(cacf);192;12:00:56:522;27.83039855957031;65.77734375;92.88856506347656;[1]
(aaaf);193;12:01:00:979;28.64159965515136;67.00567626953125;92.88856506347656;[1]
(cacf);193;12:00:56:772;27.83039855957031;65.77734375;92.88856506347656;[1]
(aaaf);194;12:01:01:224;28.64159965515136;67.00567626953125;92.76148986816406;[1]
(cacf);194;12:00:57:21;27.83039855957031;65.77734375;92.88856506347656;[1]
(aaaf);195;12:01:01:473;28.64159965515136;67.00567626953125;92.76148986816406;[1]
(cacf);195;12:00:57:269;27.83039855957031;65.77734375;93.01564025878906;[1]
(aaaf);196;12:01:01:728;28.64159965515136;67.00567626953125;92.76148986816406;[1]
(cacf);196;12:00:57:516;27.83039855957031;65.77734375;92.88856506347656;[1]
(aaaf);197;12:01:01:971;28.64159965515136;67.00567626953125;92.76148986816406;[1]
(cacf);197;12:00:57:762;27.83039855957031;65.77734375;92.82502746582031;[1]
(aaaf);198;12:01:02:215;28.64159965515136;67.00567626953125;92.76148986816406;[1]
(cacf);198;12:00:58:11;27.8927993774414;65.77734375;93.01564025878906;[1]
(aaaf);199;12:01:02:458;28.64159965515136;67.00567626953125;92.76148986816406;[1]
(cacf);199;12:00:58:255;27.83039855957031;65.77734375;92.82502746582031;[1]
(aaaf);200;12:01:02:703;28.64159965515136;67.00567626953125;92.76148986816406;[1]
(cacf);200;12:00:58:499;27.83039855957031;65.77734375;92.88856506347656;[1]
(aaaf);201;12:01:02:945;28.64159965515136;67.00567626953125;92.76148986816406;[1]
(cacf);201;12:00:58:743;27.83039855957031;65.77734375;92.82502746582031;[1]
(aaaf);202;12:01:03:189;28.64159965515136;67.00567626953125;92.69794464111328;[1]
(cacf);202;12:00:58:986;27.83039855957031;65.77734375;93.01564025878906;[1]
(aaaf);203;12:01:03:444;28.64159965515136;67.00567626953125;92.76148986816406;[1]
(cacf);203;12:00:59:230;27.83039855957031;65.77734375;92.88856506347656;[1]
(aaaf);204;12:01:03:693;28.64159965515136;67.00567626953125;92.82502746582031;[1]
(cacf);204;12:00:59:479;27.8927993774414;65.77734375;92.76148986816406;[1]
(aaaf);205;12:01:03:937;28.64159965515136;67.00567626953125;92.76148986816406;[1]
(cacf);205;12:00:59:732;27.83039855957031;65.77734375;92.82502746582031;[1]
(aaaf);206;12:01:04:180;28.64159965515136;67.00567626953125;92.76148986816406;[1]
(cacf);206;12:00:59:981;27.8927993774414;65.77734375;92.88856506347656;[1]
(aaaf);207;12:01:04:424;28.64159965515136;67.00567626953125;92.76148986816406;[1]
(cacf);207;12:01:00:230;27.83039855957031;65.77734375;92.76148986816406;[1]
(aaaf);208;12:01:04:668;28.70399856567382;67.00567626953125;92.76148986816406;[1]
(cacf);208;12:01:00:479;27.8927993774414;65.77734375;92.82502746582031;[1]
(aaaf);209;12:01:04:912;28.70399856567382;67.00567626953125;92.76148986816406;[1]
(cacf);209;12:01:00:729;27.83039855957031;65.77734375;92.88856506347656;[1]
(aaaf);210;12:01:05:161;28.64159965515136;67.00567626953125;92.76148986816406;[1]
(cacf);210;12:01:00:977;27.8927993774414;65.77734375;92.82502746582031;[1]
(aaaf);211;12:01:05:410;28.70399856567382;67.00567626953125;92.76148986816406;[1]
(cacf);211;12:01:01:221;27.8927993774414;65.77734375;92.88856506347656;[1]
(aaaf);212;12:01:05:658;28.70399856567382;67.00567626953125;92.82502746582031;[1]
(cacf);212;12:01:01:464;27.8927993774414;65.77734375;92.88856506347656;[1]
(aaaf);213;12:01:05:903;28.70399856567382;67.00567626953125;92.76148986816406;[1]
(cacf);213;12:01:01:713;27.8927993774414;65.77734375;92.82502746582031;[1]
(aaaf);214;12:01:06:147;28.64159965515136;67.00567626953125;92.82502746582031;[1]
(cacf);214;12:01:01:957;27.83039855957031;65.77734375;92.88856506347656;[1]
(aaaf);215;12:01:06:390;28.70399856567382;67.00567626953125;92.82502746582031;[1]
(cacf);215;12:01:02:202;27.83039855957031;65.77734375;92.88856506347656;[1]
(aaaf);216;12:01:06:635;28.70399856567382;67.00567626953125;92.76148986816406;[1]
(cacf);216;12:01:02:452;27.83039855957031;65.77734375;93.01564025878906;[1]
(aaaf);217;12:01:06:882;28.70399856567382;66.97515869140625;92.76148986816406;[1]
(cacf);217;12:01:02:699;27.83039855957031;65.746826171875;92.88856506347656;[1]
(aaaf);218;12:01:07:132;28.64159965515136;66.97515869140625;92.76148986816406;[1]
(cacf);218;12:01:02:949;27.83039855957031;65.746826171875;92.88856506347656;[1]
(aaaf);219;12:01:07:381;28.64159965515136;66.97515869140625;92.88856506347656;[1]
(cacf);219;12:01:03:197;27.83039855957031;65.746826171875;92.88856506347656;[1]
(aaaf);220;12:01:07:631;28.70399856567382;66.97515869140625;92.76148986816406;[1]
(cacf);220;12:01:03:451;27.8927993774414;65.746826171875;92.88856506347656;[1]
(aaaf);221;12:01:07:879;28.70399856567382;66.97515869140625;92.76148986816406;[1]
(cacf);221;12:01:03:700;27.8927993774414;65.746826171875;92.82502746582031;[1]
(aaaf);222;12:01:08:129;28.64159965515136;66.97515869140625;92.88856506347656;[1]
(cacf);222;12:01:03:950;27.83039855957031;65.746826171875;92.88856506347656;[1]
(aaaf);223;12:01:08:377;28.70399856567382;66.97515869140625;92.76148986816406;[1]
(cacf);223;12:01:04:198;27.8927993774414;65.746826171875;92.88856506347656;[1]
(aaaf);224;12:01:08:630;28.70399856567382;66.9827880859375;92.88856506347656;[1]
(cacf);224;12:01:04:447;27.8927993774414;65.746826171875;92.95210266113281;[1]
(aaaf);225;12:01:08:879;28.70399856567382;66.94464111328125;92.76148986816406;[1]
(cacf);225;12:01:04:697;27.83039855957031;65.746826171875;92.82502746582031;[1]
(aaaf);226;12:01:09:128;28.70399856567382;66.9827880859375;92.76148986816406;[1]
(cacf);226;12:01:04:944;27.8927993774414;65.746826171875;92.88856506347656;[1]
(aaaf);227;12:01:09:378;28.70399856567382;66.9522705078125;92.76148986816406;[1]
(cacf);227;12:01:05:198;27.8927993774414;65.746826171875;92.76148986816406;[1]
(aaaf);228;12:01:09:626;28.70399856567382;66.9522705078125;92.76148986816406;[1]
(cacf);228;12:01:05:447;27.8927993774414;65.746826171875;93.01564025878906;[1]
(aaaf);229;12:01:09:875;28.70399856567382;66.9522705078125;92.76148986816406;[1]
(cacf);229;12:01:05:696;27.8927993774414;65.746826171875;92.95210266113281;[1]
(aaaf);230;12:01:10:123;28.70399856567382;66.9522705078125;92.76148986816406;[1]
(cacf);230;12:01:05:945;27.8927993774414;65.71630859375;92.88856506347656;[1]
(aaaf);231;12:01:10:378;28.70399856567382;66.92938232421875;92.76148986816406;[1]
(cacf);231;12:01:06:195;27.8927993774414;65.71630859375;92.88856506347656;[1]
(aaaf);232;12:01:10:628;28.76639938354492;66.92938232421875;92.76148986816406;[1]
(cacf);232;12:01:06:443;27.83039855957031;65.71630859375;92.88856506347656;[1]
(aaaf);233;12:01:10:882;28.70399856567382;66.89886474609375;92.88856506347656;[1]
(cacf);233;12:01:06:693;27.8927993774414;65.71630859375;92.88856506347656;[1]
(aaaf);234;12:01:11:130;28.70399856567382;66.89886474609375;92.76148986816406;[1]
(cacf);234;12:01:06:952;27.8927993774414;65.71630859375;93.01564025878906;[1]
(aaaf);235;12:01:11:378;28.70399856567382;66.89886474609375;92.76148986816406;[1]
(cacf);235;12:01:07:199;27.8927993774414;65.71630859375;92.88856506347656;[1]
(aaaf);236;12:01:11:628;28.70399856567382;66.86834716796875;92.76148986816406;[1]
(cacf);236;12:01:07:450;27.8927993774414;65.71630859375;92.76148986816406;[1]
(aaaf);237;12:01:11:875;28.70399856567382;66.86834716796875;92.82502746582031;[1]
(cacf);237;12:01:07:697;27.8927993774414;65.71630859375;92.88856506347656;[1]
(aaaf);238;12:01:12:130;28.70399856567382;66.83782958984375;92.76148986816406;[1]
(cacf);238;12:01:07:947;27.8927993774414;65.6552734375;92.82502746582031;[1]
(aaaf);239;12:01:12:379;28.70399856567382;66.83782958984375;92.88856506347656;[1]
(cacf);239;12:01:08:195;27.8927993774414;65.6552734375;92.88856506347656;[1]
(aaaf);240;12:01:12:629;28.76639938354492;66.83782958984375;92.76148986816406;[1]
(cacf);240;12:01:08:444;27.8927993774414;65.6552734375;92.82502746582031;[1]
(aaaf);241;12:01:12:883;28.70399856567382;66.81494140625;92.76148986816406;[1]
(cacf);241;12:01:08:698;27.8927993774414;65.6552734375;92.88856506347656;[1]
(aaaf);242;12:01:13:131;28.70399856567382;66.81494140625;92.82502746582031;[1]
(cacf);242;12:01:08:947;27.8927993774414;65.6552734375;92.88856506347656;[1]
(aaaf);243;12:01:13:379;28.76639938354492;66.784423828125;92.76148986816406;[1]
(cacf);243;12:01:09:197;27.8927993774414;65.6552734375;92.88856506347656;[1]
(aaaf);244;12:01:13:629;28.70399856567382;66.784423828125;92.76148986816406;[1]
(cacf);244;12:01:09:445;27.8927993774414;65.6552734375;92.82502746582031;[1]
(aaaf);245;12:01:13:882;28.70399856567382;66.784423828125;92.76148986816406;[1]
(cacf);245;12:01:09:688;27.8927993774414;65.6552734375;92.82502746582031;[1]
(aaaf);246;12:01:14:131;28.76639938354492;66.784423828125;92.76148986816406;[1]
(cacf);246;12:01:09:937;27.8927993774414;65.6552734375;92.88856506347656;[1]
(aaaf);247;12:01:14:380;28.70399856567382;66.75390625;92.76148986816406;[1]
(cacf);247;12:01:10:186;27.9552001953125;65.6552734375;92.88856506347656;[1]
(aaaf);248;12:01:14:628;28.76639938354492;66.75390625;92.76148986816406;[1]
(cacf);248;12:01:10:441;27.8927993774414;65.6552734375;92.88856506347656;[1]
(aaaf);249;12:01:14:878;28.70399856567382;66.73101806640625;92.82502746582031;[1]
(cacf);249;12:01:10:690;27.8927993774414;65.624755859375;92.76148986816406;[1]
(aaaf);250;12:01:15:127;28.76639938354492;66.73101806640625;92.76148986816406;[1]
(cacf);250;12:01:10:938;27.8927993774414;65.624755859375;92.82502746582031;[1]
(aaaf);251;12:01:15:375;28.76639938354492;66.73101806640625;92.82502746582031;[1]
(cacf);251;12:01:11:187;27.8927993774414;65.624755859375;92.82502746582031;[1]
(aaaf);252;12:01:15:630;28.76639938354492;66.70050048828125;92.76148986816406;[1]
(cacf);252;12:01:11:438;27.8927993774414;65.624755859375;92.88856506347656;[1]
(aaaf);253;12:01:15:878;28.76639938354492;66.70050048828125;92.76148986816406;[1]
(cacf);253;12:01:11:692;27.8927993774414;65.624755859375;92.88856506347656;[1]
(aaaf);254;12:01:16:127;28.76639938354492;66.66998291015625;92.76148986816406;[1]
(cacf);254;12:01:11:945;27.8927993774414;65.624755859375;92.82502746582031;[1]
(aaaf);255;12:01:16:377;28.76639938354492;66.66998291015625;92.76148986816406;[1]
(cacf);255;12:01:12:198;27.8927993774414;65.624755859375;92.88856506347656;[1]
(aaaf);256;12:01:16:625;28.76639938354492;66.66998291015625;92.76148986816406;[1]
(cacf);256;12:01:12:446;27.8927993774414;65.624755859375;92.88856506347656;[1]
(aaaf);257;12:01:16:873;28.76639938354492;66.66998291015625;92.76148986816406;[1]
(cacf);257;12:01:12:695;27.8927993774414;65.624755859375;92.88856506347656;[1]
(aaaf);258;12:01:17:127;28.76639938354492;66.6470947265625;92.76148986816406;[1]
(cacf);258;12:01:12:945;27.8927993774414;65.624755859375;92.88856506347656;[1]
(aaaf);259;12:01:17:377;28.76639938354492;66.6470947265625;92.76148986816406;[1]
(cacf);259;12:01:13:193;27.8927993774414;65.624755859375;92.88856506347656;[1]
(aaaf);260;12:01:17:631;28.76639938354492;66.6470947265625;92.76148986816406;[1]
(cacf);260;12:01:13:444;27.8927993774414;65.624755859375;92.88856506347656;[1]
(aaaf);261;12:01:17:878;28.76639938354492;66.6165771484375;92.82502746582031;[1]
(cacf);261;12:01:13:697;27.8927993774414;65.624755859375;92.88856506347656;[1]
(aaaf);262;12:01:18:128;28.76639938354492;66.6165771484375;92.76148986816406;[1]
(cacf);262;12:01:13:956;27.8927993774414;65.624755859375;93.01564025878906;[1]
(aaaf);263;12:01:18:378;28.76639938354492;66.6165771484375;92.82502746582031;[1]
(cacf);263;12:01:14:202;27.8927993774414;65.624755859375;92.76148986816406;[1]
(aaaf);264;12:01:18:632;28.82879829406738;66.6165771484375;92.76148986816406;[1]
(cacf);264;12:01:14:453;27.8927993774414;65.624755859375;92.88856506347656;[1]
(aaaf);265;12:01:18:890;28.76639938354492;66.59368896484375;92.76148986816406;[1]
(cacf);265;12:01:14:703;27.9552001953125;65.624755859375;92.88856506347656;[1]
(aaaf);266;12:01:19:140;28.82879829406738;66.59368896484375;92.95210266113281;[1]
(cacf);266;12:01:14:957;27.8927993774414;65.624755859375;92.88856506347656;[1]
(aaaf);267;12:01:19:394;28.76639938354492;66.59368896484375;92.82502746582031;[1]
(cacf);267;12:01:15:205;27.9552001953125;65.624755859375;92.88856506347656;[1]
(aaaf);268;12:01:19:647;28.76639938354492;66.56317138671875;92.76148986816406;[1]
(cacf);268;12:01:15:453;27.8927993774414;65.624755859375;92.76148986816406;[1]
(aaaf);269;12:01:19:901;28.76639938354492;66.56317138671875;92.69794464111328;[1]
(cacf);269;12:01:15:707;27.9552001953125;65.624755859375;92.88856506347656;[1]
(aaaf);270;12:01:20:155;28.76639938354492;66.56317138671875;92.76148986816406;[1]
(cacf);270;12:01:15:957;27.8927993774414;65.624755859375;92.82502746582031;[1]
(aaaf);271;12:01:20:409;28.76639938354492;66.56317138671875;92.82502746582031;[1]
(cacf);271;12:01:16:205;27.8927993774414;65.624755859375;92.88856506347656;[1]
(aaaf);272;12:01:20:667;28.82879829406738;66.56317138671875;92.76148986816406;[1]
(cacf);272;12:01:16:455;27.9552001953125;65.624755859375;92.88856506347656;[1]
(aaaf);273;12:01:20:916;28.76639938354492;66.53265380859375;92.82502746582031;[1]
(cacf);273;12:01:16:709;27.8927993774414;65.624755859375;92.88856506347656;[1]
(aaaf);274;12:01:21:163;28.76639938354492;66.53265380859375;92.76148986816406;[1]
(cacf);274;12:01:16:963;27.8927993774414;65.66290283203125;92.82502746582031;[1]
(aaaf);275;12:01:21:412;28.82879829406738;66.50213623046875;92.82502746582031;[1]
(cacf);275;12:01:17:211;27.9552001953125;65.624755859375;93.01564025878906;[1]
(aaaf);276;12:01:21:661;28.82879829406738;66.50213623046875;92.82502746582031;[1]
(cacf);276;12:01:17:464;27.8927993774414;65.624755859375;92.88856506347656;[1]
(aaaf);277;12:01:21:910;28.76639938354492;66.50213623046875;92.82502746582031;[1]
(cacf);277;12:01:17:715;27.9552001953125;65.624755859375;93.01564025878906;[1]
(aaaf);278;12:01:22:159;28.82879829406738;66.50213623046875;92.76148986816406;[1]
(cacf);278;12:01:17:967;27.9552001953125;65.66290283203125;92.88856506347656;[1]
(aaaf);279;12:01:22:413;28.82879829406738;66.50213623046875;92.82502746582031;[1]
(cacf);279;12:01:18:216;27.8927993774414;65.624755859375;92.76148986816406;[1]
(aaaf);280;12:01:22:662;28.76639938354492;66.50213623046875;92.76148986816406;[1]
(cacf);280;12:01:18:464;27.8927993774414;65.66290283203125;92.88856506347656;[1]
(aaaf);281;12:01:22:911;28.82879829406738;66.47161865234375;92.82502746582031;[1]
(cacf);281;12:01:18:714;27.8927993774414;65.624755859375;92.88856506347656;[1]
(aaaf);282;12:01:23:160;28.82879829406738;66.47161865234375;92.82502746582031;[1]
(cacf);282;12:01:18:963;27.9552001953125;65.66290283203125;92.76148986816406;[1]
(aaaf);283;12:01:23:410;28.82879829406738;66.47161865234375;92.82502746582031;[1]
(cacf);283;12:01:19:216;27.8927993774414;65.63238525390625;92.82502746582031;[1]
(aaaf);284;12:01:23:663;28.76639938354492;66.47161865234375;92.76148986816406;[1]
(cacf);284;12:01:19:465;27.9552001953125;65.63238525390625;92.82502746582031;[1]
(aaaf);285;12:01:23:911;28.82879829406738;66.44110107421875;92.82502746582031;[1]
(cacf);285;12:01:19:715;27.9552001953125;65.63238525390625;92.82502746582031;[1]
(aaaf);286;12:01:24:166;28.76639938354492;66.44110107421875;92.76148986816406;[1]
(cacf);286;12:01:19:963;27.8927993774414;65.63238525390625;92.76148986816406;[1]
(aaaf);287;12:01:24:414;28.82879829406738;66.44110107421875;92.82502746582031;[1]
(cacf);287;12:01:20:213;27.9552001953125;65.63238525390625;92.88856506347656;[1]
(aaaf);288;12:01:24:663;28.82879829406738;66.44110107421875;92.82502746582031;[1]
(cacf);288;12:01:20:461;27.9552001953125;65.63238525390625;92.88856506347656;[1]
(aaaf);289;12:01:24:911;28.82879829406738;66.44110107421875;92.82502746582031;[1]
(cacf);289;12:01:20:711;27.9552001953125;65.63238525390625;92.88856506347656;[1]
(aaaf);290;12:01:25:161;28.76639938354492;66.44110107421875;92.82502746582031;[1]
(cacf);290;12:01:20:970;27.9552001953125;65.63238525390625;92.88856506347656;[1]
(aaaf);291;12:01:25:410;28.82879829406738;66.44110107421875;92.76148986816406;[1]
(cacf);291;12:01:21:223;27.9552001953125;65.63238525390625;92.88856506347656;[1]
(aaaf);292;12:01:25:660;28.82879829406738;66.41058349609375;92.82502746582031;[1]
(cacf);292;12:01:21:472;27.9552001953125;65.63238525390625;92.76148986816406;[1]
(aaaf);293;12:01:25:919;28.82879829406738;66.41058349609375;92.76148986816406;[1]
(cacf);293;12:01:21:721;27.9552001953125;65.63238525390625;92.76148986816406;[1]
(aaaf);294;12:01:26:173;28.82879829406738;66.41058349609375;92.82502746582031;[1]
(cacf);294;12:01:21:975;27.8927993774414;65.63238525390625;92.88856506347656;[1]
(aaaf);295;12:01:26:421;28.89119911193847;66.41058349609375;92.76148986816406;[1]
(cacf);295;12:01:22:222;27.8927993774414;65.63238525390625;92.82502746582031;[1]
(aaaf);296;12:01:26:669;28.82879829406738;66.38006591796875;92.76148986816406;[1]
(cacf);296;12:01:22:471;27.9552001953125;65.63238525390625;92.88856506347656;[1]
(aaaf);297;12:01:26:917;28.82879829406738;66.38006591796875;92.82502746582031;[1]
(cacf);297;12:01:22:726;27.8927993774414;65.63238525390625;92.88856506347656;[1]
(aaaf);298;12:01:27:166;28.82879829406738;66.38006591796875;92.76148986816406;[1]
(cacf);298;12:01:22:975;27.8927993774414;65.63238525390625;92.88856506347656;[1]
(aaaf);299;12:01:27:416;28.89119911193847;66.38006591796875;92.95210266113281;[1]
(cacf);299;12:01:23:225;27.9552001953125;65.63238525390625;92.88856506347656;[1]
(aaaf);300;12:01:27:670;28.82879829406738;66.38006591796875;92.82502746582031;[1]
(cacf);300;12:01:23:472;27.8927993774414;65.63238525390625;92.88856506347656;[1]
(aaaf);301;12:01:27:920;28.89119911193847;66.38006591796875;92.76148986816406;[1]
(cacf);301;12:01:23:722;27.9552001953125;65.63238525390625;92.88856506347656;[0]
