(aaaf);3;12:00:05:263;28.45439910888671;64.15228271484375;92.88856506347656;[1]
(cacf);1;12:00:03:58;27.45599937438964;63.40460205078125;92.95210266113281;[1]
(aaaf);3;12:00:05:263;28.45439910888671;64.15228271484375;92.88856506347656;[1]
(cacf);2;12:00:10:151;27.45599937438964;63.37408447265625;92.88856506347656;[1]
(aaaf);4;12:00:12:369;28.45439910888671;64.18280029296875;92.69794464111328;[1]
(cacf);3;12:00:10:400;27.51840019226074;63.37408447265625;92.76148986816406;[1]
(aaaf);5;12:00:12:619;28.45439910888671;64.15228271484375;92.82502746582031;[1]
(cacf);4;12:00:10:649;27.45599937438964;63.34356689453125;92.82502746582031;[1]
(aaaf);6;12:00:12:870;28.39199829101562;64.15228271484375;92.69794464111328;[1]
(cacf);5;12:00:10:898;27.45599937438964;63.34356689453125;92.76148986816406;[1]
(aaaf);7;12:00:13:128;28.45439910888671;64.15228271484375;92.76148986816406;[1]
(cacf);6;12:00:11:147;27.45599937438964;63.31304931640625;92.82502746582031;[1]
(aaaf);8;12:00:13:381;28.45439910888671;64.15228271484375;92.82502746582031;[1]
(cacf);7;12:00:11:397;27.51840019226074;63.31304931640625;92.82502746582031;[1]
(aaaf);9;12:00:13:629;28.45439910888671;64.15228271484375;92.69794464111328;[1]
(cacf);8;12:00:11:644;27.45599937438964;63.25201416015625;92.82502746582031;[1]
(aaaf);10;12:00:13:878;28.45439910888671;64.15228271484375;92.69794464111328;[1]
(cacf);9;12:00:11:899;27.45599937438964;63.25201416015625;92.88856506347656;[1]
(aaaf);11;12:00:14:128;28.45439910888671;64.15228271484375;92.69794464111328;[1]
(cacf);10;12:00:12:148;27.45599937438964;63.25201416015625;92.82502746582031;[1]
(aaaf);12;12:00:14:378;28.45439910888671;64.15228271484375;92.76148986816406;[1]
(cacf);11;12:00:12:398;27.51840019226074;63.22149658203125;92.95210266113281;[1]
(aaaf);13;12:00:14:631;28.39199829101562;64.15228271484375;92.69794464111328;[1]
(cacf);12;12:00:12:652;27.45599937438964;63.22149658203125;92.95210266113281;[1]
(aaaf);14;12:00:14:890;28.45439910888671;64.15228271484375;92.69794464111328;[1]
(cacf);13;12:00:12:900;27.45599937438964;63.22149658203125;92.95210266113281;[1]
(aaaf);15;12:00:15:138;28.45439910888671;64.15228271484375;92.76148986816406;[1]
(cacf);14;12:00:13:148;27.45599937438964;63.22149658203125;92.82502746582031;[1]
(aaaf);16;12:00:15:387;28.45439910888671;64.15228271484375;92.88856506347656;[1]
(cacf);15;12:00:13:397;27.45599937438964;63.19097900390625;92.82502746582031;[1]
(aaaf);17;12:00:15:636;28.39199829101562;64.15228271484375;92.88856506347656;[1]
(cacf);16;12:00:13:652;27.45599937438964;63.19097900390625;92.88856506347656;[1]
(aaaf);18;12:00:15:886;28.39199829101562;64.15228271484375;92.76148986816406;[1]
(cacf);17;12:00:13:905;27.45599937438964;63.19097900390625;92.95210266113281;[1]
(aaaf);19;12:00:16:134;28.45439910888671;64.12176513671875;92.69794464111328;[1]
(cacf);18;12:00:14:155;27.45599937438964;63.1680908203125;92.95210266113281;[1]
(aaaf);20;12:00:16:382;28.45439910888671;64.12176513671875;92.82502746582031;[1]
(cacf);19;12:00:14:403;27.45599937438964;63.1680908203125;92.95210266113281;[1]
(aaaf);21;12:00:16:637;28.45439910888671;64.12176513671875;92.69794464111328;[1]
(cacf);20;12:00:14:653;27.45599937438964;63.1680908203125;92.76148986816406;[1]
(aaaf);22;12:00:16:891;28.39199829101562;64.12176513671875;92.76148986816406;[1]
(cacf);21;12:00:14:902;27.45599937438964;63.1680908203125;92.95210266113281;[1]
(aaaf);23;12:00:17:139;28.45439910888671;64.12176513671875;92.76148986816406;[1]
(cacf);22;12:00:15:150;27.45599937438964;63.1375732421875;92.82502746582031;[1]
(aaaf);24;12:00:17:388;28.45439910888671;64.12176513671875;92.69794464111328;[1]
(cacf);23;12:00:15:405;27.45599937438964;63.1375732421875;92.88856506347656;[1]
(aaaf);25;12:00:17:636;28.45439910888671;64.12176513671875;92.69794464111328;[1]
(cacf);24;12:00:15:659;27.51840019226074;63.1375732421875;92.82502746582031;[1]
(aaaf);26;12:00:17:885;28.45439910888671;64.12176513671875;92.82502746582031;[1]
(cacf);25;12:00:15:907;27.45599937438964;63.1375732421875;92.82502746582031;[1]
(aaaf);27;12:00:18:134;28.45439910888671;64.12176513671875;92.82502746582031;[1]
(cacf);26;12:00:16:154;27.45599937438964;63.1375732421875;92.76148986816406;[1]
(aaaf);28;12:00:18:389;28.45439910888671;64.12176513671875;92.69794464111328;[1]
(cacf);27;12:00:16:403;27.45599937438964;63.1375732421875;92.88856506347656;[1]
(aaaf);29;12:00:18:643;28.45439910888671;64.12176513671875;92.69794464111328;[1]
(cacf);28;12:00:16:653;27.45599937438964;63.1070556640625;92.76148986816406;[1]
(aaaf);30;12:00:18:891;28.45439910888671;64.12176513671875;92.69794464111328;[1]
(cacf);29;12:00:16:902;27.45599937438964;63.1070556640625;92.82502746582031;[1]
(aaaf);31;12:00:19:141;28.45439910888671;64.12176513671875;92.76148986816406;[1]
(cacf);30;12:00:17:157;27.45599937438964;63.1070556640625;92.82502746582031;[1]
(aaaf);32;12:00:19:389;28.45439910888671;64.12176513671875;92.69794464111328;[1]
(cacf);31;12:00:17:406;27.51840019226074;63.1070556640625;92.82502746582031;[1]
(aaaf);33;12:00:19:637;28.45439910888671;64.12176513671875;92.82502746582031;[1]
(cacf);32;12:00:17:653;27.45599937438964;63.1070556640625;92.88856506347656;[1]
(aaaf);34;12:00:19:886;28.45439910888671;64.12176513671875;92.76148986816406;[1]
(cacf);33;12:00:17:903;27.51840019226074;63.1070556640625;92.88856506347656;[1]
(aaaf);35;12:00:20:141;28.45439910888671;64.12176513671875;92.69794464111328;[1]
(cacf);34;12:00:18:152;27.45599937438964;63.1070556640625;92.82502746582031;[1]
(aaaf);36;12:00:20:389;28.45439910888671;64.12176513671875;92.69794464111328;[1]
(cacf);35;12:00:18:401;27.45599937438964;63.1070556640625;92.82502746582031;[1]
(aaaf);37;12:00:20:639;28.39199829101562;64.12176513671875;92.82502746582031;[1]
(cacf);36;12:00:18:655;27.45599937438964;63.1070556640625;92.76148986816406;[1]
(aaaf);38;12:00:20:893;28.45439910888671;64.12176513671875;92.95210266113281;[1]
(cacf);37;12:00:18:908;27.51840019226074;63.1070556640625;92.95210266113281;[1]
(aaaf);39;12:00:21:141;28.45439910888671;64.12176513671875;92.69794464111328;[1]
(cacf);38;12:00:19:157;27.51840019226074;63.1070556640625;92.76148986816406;[1]
(aaaf);40;12:00:21:390;28.39199829101562;64.12176513671875;92.69794464111328;[1]
(cacf);39;12:00:19:407;27.45599937438964;63.1070556640625;92.95210266113281;[1]
(aaaf);41;12:00:21:640;28.45439910888671;64.12176513671875;92.76148986816406;[1]
(cacf);40;12:00:19:661;27.45599937438964;63.1070556640625;92.76148986816406;[1]
(aaaf);42;12:00:21:899;28.45439910888671;64.12176513671875;92.76148986816406;[1]
(cacf);41;12:00:19:909;27.51840019226074;63.1070556640625;92.82502746582031;[1]
(aaaf);43;12:00:22:152;28.45439910888671;64.12176513671875;92.69794464111328;[1]
(cacf);42;12:00:20:157;27.45599937438964;63.1070556640625;92.82502746582031;[1]
(aaaf);44;12:00:22:400;28.45439910888671;64.12176513671875;92.76148986816406;[1]
(cacf);43;12:00:20:406;27.51840019226074;63.0765380859375;92.82502746582031;[1]
(aaaf);45;12:00:22:648;28.45439910888671;64.12176513671875;92.69794464111328;[1]
(cacf);44;12:00:20:660;27.45599937438964;63.0765380859375;92.82502746582031;[1]
(aaaf);46;12:00:22:897;28.45439910888671;64.09124755859375;92.69794464111328;[1]
(cacf);45;12:00:20:906;27.51840019226074;63.0765380859375;92.88856506347656;[1]
(aaaf);47;12:00:23:147;28.45439910888671;64.09124755859375;92.82502746582031;[1]
(cacf);46;12:00:21:159;27.45599937438964;63.0765380859375;92.88856506347656;[1]
(aaaf);48;12:00:23:395;28.45439910888671;64.06072998046875;92.63440704345703;[1]
(cacf);47;12:00:21:413;27.45599937438964;63.0765380859375;92.95210266113281;[1]
(aaaf);49;12:00:23:650;28.45439910888671;64.06072998046875;92.69794464111328;[1]
(cacf);48;12:00:21:667;27.45599937438964;63.0460205078125;92.82502746582031;[1]
(aaaf);50;12:00:23:898;28.45439910888671;64.06072998046875;92.69794464111328;[1]
(cacf);49;12:00:21:915;27.45599937438964;63.0460205078125;92.95210266113281;[1]
(aaaf);51;12:00:24:147;28.45439910888671;64.06072998046875;92.69794464111328;[1]
(cacf);50;12:00:22:164;27.45599937438964;63.0460205078125;92.95210266113281;[1]
(aaaf);52;12:00:24:395;28.45439910888671;64.06072998046875;92.69794464111328;[0]
(cacf);51;12:00:22:414;27.45599937438964;63.0460205078125;92.95210266113281;[0]
(aaaf);53;12:00:24:645;28.39199829101562;64.06072998046875;92.69794464111328;[0]
(cacf);52;12:00:22:662;27.51840019226074;63.0460205078125;92.95210266113281;[0]
(aaaf);54;12:00:24:895;28.45439910888671;64.06072998046875;92.82502746582031;[0]
(cacf);53;12:00:22:905;27.45599937438964;63.0155029296875;92.76148986816406;[0]
(aaaf);55;12:00:25:149;28.45439910888671;64.06072998046875;92.63440704345703;[0]
(cacf);54;12:00:23:155;27.45599937438964;63.0155029296875;92.82502746582031;[0]
(aaaf);56;12:00:25:402;28.45439910888671;64.06072998046875;92.82502746582031;[0]
(cacf);55;12:00:23:403;27.45599937438964;63.0155029296875;92.76148986816406;[0]
(aaaf);57;12:00:25:649;28.45439910888671;64.06072998046875;92.69794464111328;[0]
(cacf);56;12:00:23:651;27.45599937438964;63.0155029296875;92.88856506347656;[0]
(aaaf);58;12:00:25:898;28.45439910888671;64.06072998046875;92.69794464111328;[0]
(cacf);57;12:00:23:900;27.51840019226074;63.0155029296875;92.82502746582031;[0]
(aaaf);59;12:00:26:147;28.39199829101562;64.06072998046875;92.76148986816406;[0]
(cacf);58;12:00:24:149;27.45599937438964;63.0460205078125;92.76148986816406;[0]
(aaaf);60;12:00:26:396;28.39199829101562;64.09124755859375;92.69794464111328;[0]
(cacf);59;12:00:24:399;27.45599937438964;63.0460205078125;92.95210266113281;[0]
(aaaf);61;12:00:26:646;28.45439910888671;64.12176513671875;92.82502746582031;[0]
(cacf);60;12:00:24:643;27.45599937438964;63.0460205078125;92.95210266113281;[0]
(aaaf);62;12:00:26:896;28.45439910888671;64.12176513671875;92.69794464111328;[0]
(cacf);61;12:00:24:887;27.45599937438964;63.0460205078125;92.82502746582031;[0]
(aaaf);63;12:00:27:155;28.51679992675781;64.12176513671875;92.76148986816406;[0]
(cacf);62;12:00:25:136;27.51840019226074;63.0765380859375;92.88856506347656;[0]
(aaaf);64;12:00:27:408;28.45439910888671;64.12176513671875;92.63440704345703;[0]
(cacf);63;12:00:25:384;27.45599937438964;63.0765380859375;92.82502746582031;[0]
(aaaf);65;12:00:27:656;28.391998;[0]
(cacf);64;12:00:25:634;27.45599937438964;63.0765380859375;92.82502746582031;[0]
(aaaf);66;12:00:27:906;28.45439910888671;64.12176513671875;92.76148986816406;[0]
(cacf);65;12:00:25:893;27.45599937438964;63.0765380859375;92.82502746582031;[0]
(aaaf);67;12:00:28:154;28.39199829101562;64.12176513671875;92.88856506347656;[0]
(cacf);66;12:00:26:146;27.45599937438964;63.1070556640625;92.82502746582031;[0]
(aaaf);68;12:00:28:402;28.39199829101562;64.15228271484375;92.69794464111328;[0]
(cacf);67;12:00:26:394;27.45599937438964;63.1070556640625;92.82502746582031;[0]
(aaaf);69;12:00:28:651;28.45439910888671;64.15228271484375;92.69794464111328;[0]
(cacf);68;12:00:26:644;27.45599937438964;63.1070556640625;92.88856506347656;[0]
(aaaf);70;12:00:28:906;28.39199829101562;64.15228271484375;92.88856506347656;[0]
(cacf);69;12:00:26:892;27.45599937438964;63.1070556640625;92.88856506347656;[0]
(aaaf);71;12:00:29:156;28.39199829101562;64.15228271484375;92.76148986816406;[0]
(cacf);70;12:00:27:141;27.45599937438964;63.1070556640625;92.76148986816406;[0]
(aaaf);72;12:00:29:404;28.39199829101562;64.15228271484375;92.76148986816406;[0]
(cacf);71;12:00:27:391;27.45599937438964;63.1070556640625;92.95210266113281;[0]
(aaaf);73;12:00:29:652;28.39199829101562;64.15228271484375;92.69794464111328;[0]
(cacf);72;12:00:27:645;27.45599937438964;63.1070556640625;92.88856506347656;[0]
(aaaf);74;12:00:29:902;28.39199829101562;64.18280029296875;92.82502746582031;[0]
(cacf);73;12:00:27:892;27.51840019226074;63.1375732421875;92.88856506347656;[0]
(aaaf);75;12:00:30:150;28.45439910888671;64.18280029296875;92.76148986816406;[0]
(cacf);74;12:00:28:142;27.45599937438964;63.1375732421875;92.88856506347656;[0]
(aaaf);76;12:00:30:400;28.39199829101562;64.18280029296875;92.69794464111328;[0]
(cacf);75;12:00:28:390;27.45599937438964;63.1375732421875;92.88856506347656;[0]
(aaaf);77;12:00:30:659;28.39199829101562;64.21331787109375;92.69794464111328;[0]
(cacf);76;12:00:28:640;27.45599937438964;63.1375732421875;92.82502746582031;[0]
(aaaf);78;12:00:30:912;28.39199829101562;64.21331787109375;92.761;[0]
(cacf);77;12:00:28:888;27.45599937438964;63.1375732421875;92.76148986816406;[0]
(aaaf);79;12:00:31:160;28.45439910888671;64.21331787109375;92.82502746582031;[0]
(cacf);78;12:00:29:137;27.45599937438964;63.1375732421875;92.95210266113281;[0]
(aaaf);80;12:00:31:411;28.39199829101562;64.21331787109375;92.63440704345703;[0]
(cacf);79;12:00:29:392;27.45599937438964;63.1375732421875;92.88856506347656;[0]
(aaaf);81;12:00:31:664;28.39199829101562;64.21331787109375;92.69794464111328;[0]
(cacf);80;12:00:29:646;27.45599937438964;63.1375732421875;92.82502746582031;[0]
(aaaf);82;12:00:31:912;28.45439910888671;64.21331787109375;92.69794464111328;[0]
(cacf);81;12:00:29:900;27.45599937438964;63.1375732421875;92.76148986816406;[0]
(aaaf);83;12:00:32:160;28.39199829101562;64.21331787109375;92.82502746582031;[0]
(cacf);82;12:00:30:148;27.45599937438964;63.1375732421875;92.95210266113281;[0]
(aaaf);84;12:00:32:414;28.45439910888671;64.21331787109375;92.76148986816406;[0]
(cacf);83;12:00:30:395;27.45599937438964;63.1375732421875;92.88856506347656;[0]
(aaaf);85;12:00:32:663;28.39199829101562;64.2362060546875;92.63440704345703;[0]
(cacf);84;12:00:30:644;27.45599937438964;63.1375732421875;92.95210266113281;[0]
(aaaf);86;12:00:32:913;28.39199829101562;64.2362060546875;92.69794464111328;[0]
(cacf);85;12:00:30:894;27.45599937438964;63.1680908203125;92.82502746582031;[0]
(aaaf);87;12:00:33:161;28.45439910888671;64.2362060546875;92.63440704345703;[0]
(cacf);86;12:00:31:148;27.45599937438964;63.1375732421875;92.82502746582031;[0]
(aaaf);88;12:00:33:411;28.45439910888671;64.21331787109375;92.82502746582031;[0]
(cacf);87;12:00:31:398;27.45599937438964;63.1375732421875;92.88856506347656;[0]
(aaaf);89;12:00:33:659;28.39199829101562;64.2362060546875;92.82502746582031;[0]
(cacf);88;12:00:31:652;27.45599937438964;63.1375732421875;92.76148986816406;[0]
(aaaf);90;12:00:33:909;28.45439910888671;64.21331787109375;92.95210266113281;[0]
(cacf);89;12:00:31:900;27.45599937438964;63.1375732421875;92.76148986816406;[0]
(aaaf);91;12:00:34:162;28.45439910888671;64.21331787109375;92.63440704345703;[0]
(cacf);90;12:00:32:148;2;[0]
(aaaf);92;12:00:34:412;28.45439910888671;64.21331787109375;92.63440704345703;[0]
(cacf);91;12:00:32:397;27.45599937438964;63.1375732421875;92.82502746582031;[0]
(aaaf);93;12:00:34:660;28.39199829101562;64.21331787109375;92.76148986816406;[0]
(cacf);92;12:00:32:647;27.45599937438964;63.1375732421875;92.76148986816406;[0]
(aaaf);94;12:00:34:908;28.45439910888671;64.21331787109375;92.76148986816406;[0]
(cacf);93;12:00:32:900;27.45599937438964;63.1375732421875;92.76148986816406;[0]
(aaaf);95;12:00:35:158;28.39199829101562;64.21331787109375;92.82502746582031;[0]
(cacf);94;12:00:33:148;27.45599937438964;63.1375732421875;92.88856506347656;[0]
(aaaf);96;12:00:35:406;28.45439910888671;64.21331787109375;92.88856506347656;[0]
(cacf);95;12:00:33:398;27.45599937438964;63.1375732421875;92.76148986816406;[0]
(aaaf);97;12:00:35:655;28.39199829101562;64.21331787109375;92.63440704345703;[0]
(cacf);96;12:00:33:647;27.45599937438964;63.1375732421875;92.95210266113281;[0]
(aaaf);98;12:00:35:909;28.45439910888671;64.21331787109375;92.69794464111328;[0]
(cacf);97;12:00:33:896;27.45599937438964;63.1375732421875;92.76148986816406;[0]
(aaaf);99;12:00:36:157;28.45439910888671;64.21331787109375;92.69794464111328;[0]
(cacf);98;12:00:34:144;27.51840019226074;63.1375732421875;92.76148986816406;[0]
(aaaf);100;12:00:36:407;28.39199829101562;64.21331787109375;92.88856506347656;[0]
(cacf);99;12:00:34:394;27.45599937438964;63.1375732421875;92.76148986816406;[0]
(aaaf);101;12:00:36:656;28.39199829101562;64.21331787109375;92.69794464111328;[0]
(cacf);100;12:00:34:653;27.45599937438964;63.1375732421875;92.95210266113281;[0]
(aaaf);102;12:00:36:906;28.39199829101562;64.21331787109375;92.69794464111328;[0]
(cacf);101;12:00:34:907;27.45599937438964;63.1375732421875;92.95210266113281;[0]
(aaaf);103;12:00:37:154;28.45439910888671;64.21331787109375;92.69794464111328;[0]
(cacf);102;12:00:35:161;27.45599937438964;63.1375732421875;92.82502746582031;[0]
(aaaf);104;12:00:37:402;28.39199829101562;64.21331787109375;92.69794464111328;[0]
(cacf);103;12:00:35:415;27.45599937438964;63.1375;[0]
(aaaf);105;12:00:37:657;28.45439910888671;64.21331787109375;92.76148986816406;[0]
(cacf);104;12:00:35:669;27.45599937438964;63.1375732421875;92.88856506347656;[0]
(aaaf);106;12:00:37:906;28.45439910888671;64.21331787109375;92.69794464111328;[0]
(cacf);105;12:00:35:923;27.45599937438964;63.1375732421875;92.82502746582031;[0]
(aaaf);107;12:00:38:154;28.45439910888671;64.21331787109375;92.63440704345703;[0]
(cacf);106;12:00:36:176;27.51840019226074;63.1375732421875;92.82502746582031;[0]
(aaaf);108;12:00:38:402;28.39199829101562;64.21331787109375;92.82502746582031;[0]
(cacf);107;12:00:36:430;27.45599937438964;63.1375732421875;92.76148986816406;[0]
(aaaf);109;12:00:38:652;28.45439910888671;64.21331787109375;92.76148986816406;[0]
(cacf);108;12:00:36:677;27.45599937438964;63.1375732421875;92.76148986816406;[0]
(aaaf);110;12:00:38:901;28.45439910888671;64.21331787109375;92.69794464111328;[0]
(cacf);109;12:00:36:927;27.45599937438964;63.1375732421875;92.76148986816406;[0]
(aaaf);111;12:00:39:151;28.39199829101562;64.21331787109375;92.76148986816406;[0]
(cacf);110;12:00:37:175;27.45599937438964;63.1375732421875;92.95210266113281;[0]
(aaaf);112;12:00:39:410;28.45439910888671;64.21331787109375;92.69794464111328;[0]
(cacf);111;12:00:37:424;27.45599937438964;63.1375732421875;92.82502746582031;[0]
(aaaf);113;12:00:39:664;28.45439910888671;64.21331787109375;92.69794464111328;[0]
(cacf);112;12:00:37:672;27.45599937438964;63.1375732421875;92.82502746582031;[0]
(aaaf);114;12:00:39:918;28.45439910888671;64.21331787109375;92.88856506347656;[0]
(cacf);113;12:00:37:921;27.45599937438964;63.1375732421875;92.76148986816406;[0]
(aaaf);115;12:00:40:166;28.45439910888671;64.21331787109375;92.69794464111328;[0]
(cacf);114;12:00:38:176;27.45599937438964;63.1375732421875;92.88856506347656;[0]
(aaaf);116;12:00:40:414;28.45439910888671;64.21331787109375;92.69794464111328;[0]
(cacf);115;12:00:38:424;27.51840019226074;63.1375732421875;92.76148986816406;[0]
(aaaf);117;12:00:40:664;28.45439910888671;64.21331787109375;92.76148986816406;[0]
(cacf);116;12:00:38:673;27.45599937438964;63.13757324218;[0]
(aaaf);118;12:00:40:912;28.45439910888671;64.21331787109375;92.88856506347656;[0]
(cacf);117;12:00:38:923;27.45599937438964;63.1070556640625;92.76148986816406;[0]
(aaaf);119;12:00:41:166;28.45439910888671;64.21331787109375;92.76148986816406;[0]
(cacf);118;12:00:39:171;27.45599937438964;63.1070556640625;92.82502746582031;[0]
(aaaf);120;12:00:41:416;28.45439910888671;64.21331787109375;92.76148986816406;[0]
(cacf);119;12:00:39:420;27.45599937438964;63.1375732421875;92.88856506347656;[0]
(aaaf);121;12:00:41:664;28.45439910888671;64.21331787109375;92.69794464111328;[0]
(cacf);120;12:00:39:670;27.45599937438964;63.1375732421875;92.82502746582031;[0]
(aaaf);122;12:00:41:912;28.45439910888671;64.21331787109375;92.69794464111328;[0]
(cacf);121;12:00:39:923;27.45599937438964;63.1375732421875;92.76148986816406;[0]
(aaaf);123;12:00:42:161;28.39199829101562;64.21331787109375;92.69794464111328;[0]
(cacf);122;12:00:40:171;27.45599937438964;63.1375732421875;92.82502746582031;[0]
(aaaf);124;12:00:42:410;28.45439910888671;64.21331787109375;92.82502746582031;[0]
(cacf);123;12:00:40:420;27.51840019226074;63.1375732421875;92.88856506347656;[0]
(aaaf);125;12:00:42:660;28.45439910888671;64.21331787109375;92.82502746582031;[0]
(cacf);124;12:00:40:669;27.45599937438964;63.1375732421875;92.76148986816406;[0]
(aaaf);126;12:00:42:913;28.45439910888671;64.21331787109375;92.69794464111328;[0]
(cacf);125;12:00:40:918;27.51840019226074;63.1375732421875;92.95210266113281;[0]
(aaaf);127;12:00:43:162;28.45439910888671;64.21331787109375;92.69794464111328;[0]
(cacf);126;12:00:41:168;27.45599937438964;63.1375732421875;92.95210266113281;[0]
(aaaf);128;12:00:43:413;28.39199829101562;64.2362060546875;92.76148986816406;[0]
(cacf);127;12:00:41:416;27.45599937438964;63.1375732421875;92.95210266113281;[0]
(aaaf);129;12:00:43:666;28.39199829101562;64.2362060546875;92.76148986816406;[0]
(cacf);128;12:00:41:671;27.45599937438964;63.1680908203125;92.88856506347656;[0]
(aaaf);130;12:00:43:920;28.39199829101562;64.2362060546875;92.69794464111328;[0]
(cacf);129;12:00:41:925;27.45599937438964;63.1680908203125;92.8250;[0]
(aaaf);131;12:00:44:174;28.45439910888671;64.2362060546875;92.69794464111328;[0]
(cacf);130;12:00:42:173;27.45599937438964;63.1680908203125;92.95210266113281;[0]
(aaaf);132;12:00:44:422;28.39199829101562;64.2667236328125;92.76148986816406;[0]
(cacf);131;12:00:42:422;27.45599937438964;63.1680908203125;92.76148986816406;[0]
(aaaf);133;12:00:44:675;28.45439910888671;64.2667236328125;92.82502746582031;[0]
(cacf);132;12:00:42:670;27.51840019226074;63.1680908203125;92.76148986816406;[0]
(aaaf);134;12:00:44:925;28.39199829101562;64.2667236328125;92.95210266113281;[0]
(cacf);133;12:00:42:919;27.51840019226074;63.1680908203125;92.88856506347656;[0]
(aaaf);135;12:00:45:174;28.45439910888671;64.2667236328125;92.69794464111328;[0]
(cacf);134;12:00:43:168;27.45599937438964;63.1680908203125;92.82502746582031;[0]
(aaaf);136;12:00:45:424;28.45439910888671;64.2667236328125;92.69794464111328;[0]
(cacf);135;12:00:43:422;27.45599937438964;63.1680908203125;92.88856506347656;[0]
(aaaf);137;12:00:45:677;28.45439910888671;64.2667236328125;92.63440704345703;[0]
(cacf);136;12:00:43:671;27.45599937438964;63.1680908203125;92.95210266113281;[0]
(aaaf);138;12:00:45:925;28.39199829101562;64.2667236328125;92.82502746582031;[0]
(cacf);137;12:00:43:920;27.45599937438964;63.1680908203125;92.95210266113281;[0]
(aaaf);139;12:00:46:173;28.45439910888671;64.2667236328125;92.76148986816406;[0]
(cacf);138;12:00:44:170;27.45599937438964;63.1680908203125;92.76148986816406;[0]
(aaaf);140;12:00:46:428;28.45439910888671;64.2667236328125;92.69794464111328;[0]
(cacf);139;12:00:44:418;27.51840019226074;63.1680908203125;92.82502746582031;[0]
(aaaf);141;12:00:46:676;28.45439910888671;64.2667236328125;92.63440704345703;[0]
(cacf);140;12:00:44:666;27.45599937438964;63.1680908203125;92.82502746582031;[0]
(aaaf);142;12:00:46:926;28.45439910888671;64.2667236328125;92.69794464111328;[0]
(cacf);141;12:00:44:915;27.45599937438964;63.1680908203125;92.95210266113281;[0]
(aaaf);143;12:00:47:174;28.39199829101562;64.2667236328125;92.63440704345703;[0]
(cacf);142;12:00:45:171;27.51840019226074;63.1680908203125;92.82502746582031;[0]
(aaaf);1;[0]
(cacf);143;12:00:45:423;27.51840019226074;63.1680908203125;92.82502746582031;[0]
(aaaf);145;12:00:47:672;28.45439910888671;64.2667236328125;92.69794464111328;[0]
(cacf);144;12:00:45:673;27.45599937438964;63.1680908203125;92.95210266113281;[0]
(aaaf);146;12:00:47:922;28.39199829101562;64.2667236328125;92.82502746582031;[0]
(cacf);145;12:00:45:921;27.45599937438964;63.1680908203125;92.95210266113281;[0]
(aaaf);147;12:00:48:176;28.39199829101562;64.2667236328125;92.82502746582031;[0]
(cacf);146;12:00:46:171;27.45599937438964;63.1680908203125;92.76148986816406;[0]
(aaaf);148;12:00:48:425;28.45439910888671;64.2667236328125;92.63440704345703;[0]
(cacf);147;12:00:46:425;27.45599937438964;63.1680908203125;92.95210266113281;[0]
(aaaf);149;12:00:48:673;28.45439910888671;64.2667236328125;92.69794464111328;[0]
(cacf);148;12:00:46:679;27.45599937438964;63.1680908203125;92.95210266113281;[0]
(aaaf);150;12:00:48:921;28.39199829101562;64.2667236328125;92.76148986816406;[0]
(cacf);149;12:00:46:937;27.45599937438964;63.1680908203125;92.82502746582031;[0]
(aaaf);151;12:00:49:171;28.45439910888671;64.2362060546875;92.69794464111328;[0]
(cacf);150;12:00:47:191;27.45599937438964;63.1680908203125;92.95210266113281;[0]
(aaaf);152;12:00:49:419;28.45439910888671;64.2362060546875;92.76148986816406;[0]
(cacf);151;12:00:47:445;27.51840019226074;63.1680908203125;92.82502746582031;[0]
(aaaf);153;12:00:49:669;28.45439910888671;64.21331787109375;92.63440704345703;[0]
(cacf);152;12:00:47:692;27.45599937438964;63.1680908203125;92.82502746582031;[0]
(aaaf);154;12:00:49:922;28.39199829101562;64.21331787109375;92.63440704345703;[0]
(cacf);153;12:00:47:941;27.45599937438964;63.1375732421875;92.76148986816406;[0]
(aaaf);155;12:00:50:171;28.45439910888671;64.21331787109375;92.76148986816406;[0]
(cacf);154;12:00:48:190;27.45599937438964;63.1375732421875;92.76148986816406;[0]
(aaaf);156;12:00:50:420;28.39199829101562;64.21331787109375;92.63440704345703;[0]
(cacf);155;12:00:48:439;27.45599937438964;63.1375732421875;92.82502746582031;[0]
(aaaf);157;12:00:50:669;;[0]
(cacf);156;12:00:48:693;27.45599937438964;63.1070556640625;92.95210266113281;[0]
(aaaf);158;12:00:50:919;28.45439910888671;64.18280029296875;92.69794464111328;[0]
(cacf);157;12:00:48:941;27.51840019226074;63.1070556640625;92.95210266113281;[0]
(aaaf);159;12:00:51:167;28.45439910888671;64.15228271484375;92.76148986816406;[0]
(cacf);158;12:00:49:190;27.45599937438964;63.1070556640625;92.82502746582031;[0]
(aaaf);160;12:00:51:415;28.45439910888671;64.15228271484375;92.88856506347656;[0]
(cacf);159;12:00:49:439;27.45599937438964;63.1070556640625;92.76148986816406;[0]
(aaaf);161;12:00:51:670;28.45439910888671;64.15228271484375;92.63440704345703;[0]
(cacf);160;12:00:49:689;27.45599937438964;63.0765380859375;92.95210266113281;[0]
(aaaf);162;12:00:51:917;28.45439910888671;64.15228271484375;92.76148986816406;[0]
(cacf);161;12:00:49:939;27.45599937438964;63.0765380859375;92.76148986816406;[0]
(aaaf);163;12:00:52:166;28.45439910888671;64.15228271484375;92.88856506347656;[0]
(cacf);162;12:00:50:187;27.45599937438964;63.0765380859375;92.82502746582031;[0]
(aaaf);164;12:00:52:416;28.45439910888671;64.15228271484375;92.69794464111328;[0]
(cacf);163;12:00:50:441;27.51840019226074;63.0765380859375;92.95210266113281;[0]
(aaaf);165;12:00:52:665;28.45439910888671;64.15228271484375;92.82502746582031;[0]
(cacf);164;12:00:50:689;27.51840019226074;63.0765380859375;92.76148986816406;[0]
(aaaf);166;12:00:52:915;28.45439910888671;64.15228271484375;92.69794464111328;[0]
(cacf);165;12:00:50:939;27.45599937438964;63.0765380859375;92.88856506347656;[0]
(aaaf);167;12:00:53:169;28.45439910888671;64.15228271484375;92.69794464111328;[0]
(cacf);166;12:00:51:187;27.45599937438964;63.0765380859375;92.82502746582031;[0]
(aaaf);168;12:00:53:427;28.45439910888671;64.15228271484375;92.76148986816406;[0]
(cacf);167;12:00:51:436;27.45599937438964;63.0765380859375;92.82502746582031;[0]
(aaaf);169;12:00:53:682;28.45439910888671;64.15228271484375;92.76148986816406;[0]
(cacf);168;12:00:51:684;27.45599937438964;63.0765380859375;92.88856506347656;[0]
(aaaf);170;12:00:53:930;28.4543;[0]
(cacf);169;12:00:51:934;27.45599937438964;63.0765380859375;92.82502746582031;[0]
(aaaf);171;12:00:54:177;28.45439910888671;64.15228271484375;92.82502746582031;[0]
(cacf);170;12:00:52:188;27.45599937438964;63.0765380859375;92.76148986816406;[0]
(aaaf);172;12:00:54:426;28.45439910888671;64.15228271484375;92.69794464111328;[0]
(cacf);171;12:00:52:443;27.45599937438964;63.0765380859375;92.76148986816406;[0]
(aaaf);173;12:00:54:676;28.45439910888671;64.15228271484375;92.82502746582031;[0]
(cacf);172;12:00:52:697;27.45599937438964;63.0765380859375;92.82502746582031;[0]
(aaaf);174;12:00:54:925;28.45439910888671;64.15228271484375;92.69794464111328;[0]
(cacf);173;12:00:52:945;27.45599937438964;63.0765380859375;92.76148986816406;[0]
(aaaf);175;12:00:55:179;28.45439910888671;64.15228271484375;92.82502746582031;[0]
(cacf);174;12:00:53:198;27.45599937438964;63.0765380859375;92.95210266113281;[0]
(aaaf);176;12:00:55:428;28.45439910888671;64.15228271484375;92.69794464111328;[0]
(cacf);175;12:00:53:446;27.45599937438964;63.0765380859375;92.95210266113281;[0]
(aaaf);177;12:00:55:676;28.51679992675781;64.15228271484375;92.76148986816406;[0]
(cacf);176;12:00:53:695;27.45599937438964;63.0765380859375;92.82502746582031;[0]
(aaaf);178;12:00:55:925;28.51679992675781;64.15228271484375;92.63440704345703;[0]
(cacf);177;12:00:53:949;27.45599937438964;63.0765380859375;92.95210266113281;[0]
(aaaf);179;12:00:56:174;28.51679992675781;64.15228271484375;92.69794464111328;[0]
(cacf);178;12:00:54:200;27.51840019226074;63.0765380859375;92.95210266113281;[0]
(aaaf);180;12:00:56:424;28.45439910888671;64.15228271484375;92.69794464111328;[0]
(cacf);179;12:00:54:454;27.45599937438964;63.0765380859375;92.76148986816406;[0]
(aaaf);181;12:00:56:678;28.51679992675781;64.12176513671875;92.82502746582031;[0]
(cacf);180;12:00:54:702;27.45599937438964;63.0765380859375;92.82502746582031;[0]
(aaaf);182;12:00:56:930;28.45439910888671;64.12176513671875;92.69794464111328;[0]
(cacf);181;12:00:54:949;27.45599937438964;63.0765380859375;92.88856506347656;[0]
(aaaf);183;12:00:57:180;28.45439910888;[0]
(cacf);182;12:00:55:198;27.45599937438964;63.0765380859375;92.82502746582031;[0]
(aaaf);184;12:00:57:430;28.51679992675781;64.12176513671875;92.88856506347656;[0]
(cacf);183;12:00:55:448;27.45599937438964;63.0765380859375;92.82502746582031;[0]
(aaaf);185;12:00:57:684;28.45439910888671;64.12176513671875;92.76148986816406;[0]
(cacf);184;12:00:55:704;27.45599937438964;63.0765380859375;92.82502746582031;[0]
(aaaf);186;12:00:57:938;28.51679992675781;64.12176513671875;92.76148986816406;[0]
(cacf);185;12:00:55:956;27.45599937438964;63.0765380859375;92.82502746582031;[0]
(aaaf);187;12:00:58:186;28.51679992675781;64.12176513671875;92.82502746582031;[0]
(cacf);186;12:00:56:204;27.51840019226074;63.0765380859375;92.82502746582031;[0]
(aaaf);188;12:00:58:434;28.51679992675781;64.12176513671875;92.82502746582031;[0]
(cacf);187;12:00:56:449;27.51840019226074;63.0765380859375;92.95210266113281;[0]
(aaaf);189;12:00:58:689;28.45439910888671;64.12176513671875;92.76148986816406;[0]
(cacf);188;12:00:56:703;27.51840019226074;63.0765380859375;92.88856506347656;[0]
(aaaf);190;12:00:58:938;28.45439910888671;64.12176513671875;92.69794464111328;[0]
(cacf);189;12:00:56:951;27.45599937438964;63.0765380859375;92.88856506347656;[0]
(aaaf);191;12:00:59:192;28.45439910888671;64.12176513671875;92.82502746582031;[0]
(cacf);190;12:00:57:201;27.51840019226074;63.0765380859375;92.82502746582031;[0]
(aaaf);192;12:00:59:446;28.45439910888671;64.15228271484375;92.69794464111328;[0]
(cacf);191;12:00:57:454;27.51840019226074;63.0765380859375;92.95210266113281;[0]
(aaaf);193;12:00:59:700;28.45439910888671;64.15228271484375;92.88856506347656;[0]
(cacf);192;12:00:57:703;27.45599937438964;63.0765380859375;92.95210266113281;[0]
(aaaf);194;12:00:59:948;28.45439910888671;64.15228271484375;92.69794464111328;[0]
(cacf);193;12:00:57:953;27.51840019226074;63.0765380859375;92.88856506347656;[0]
(aaaf);195;12:01:00:196;28.45439910888671;64.15228271484375;92.82502746582031;[0]
(cacf);194;12:00:58:201;27.51840019226074;63.0765380859375;92.76148986816406;[0]
(aaaf);196;12:01:00:450;28.51679992675781;64.;[0]
(cacf);195;12:00:58:455;27.45599937438964;63.1070556640625;92.82502746582031;[0]
(aaaf);197;12:01:00:699;28.45439910888671;64.15228271484375;92.76148986816406;[0]
(cacf);196;12:00:58:703;27.45599937438964;63.0765380859375;92.95210266113281;[0]
(aaaf);198;12:01:00:948;28.45439910888671;64.15228271484375;92.76148986816406;[0]
(cacf);197;12:00:58:953;27.51840019226074;63.0765380859375;92.76148986816406;[0]
(aaaf);199;12:01:01:198;28.45439910888671;64.15228271484375;92.82502746582031;[0]
(cacf);198;12:00:59:206;27.45599937438964;63.1070556640625;92.88856506347656;[0]
(aaaf);200;12:01:01:445;28.45439910888671;64.15228271484375;92.69794464111328;[0]
(cacf);199;12:00:59:455;27.45599937438964;63.1070556640625;92.76148986816406;[0]
(aaaf);201;12:01:01:694;28.45439910888671;64.15228271484375;92.69794464111328;[0]
(cacf);200;12:00:59:704;27.51840019226074;63.1070556640625;92.76148986816406;[0]
(aaaf);202;12:01:01:943;28.45439910888671;64.15228271484375;92.88856506347656;[0]
(cacf);201;12:00:59:958;27.45599937438964;63.1070556640625;92.76148986816406;[0]
(aaaf);203;12:01:02:198;28.45439910888671;64.15228271484375;92.88856506347656;[0]
(cacf);202;12:01:00:206;27.45599937438964;63.1070556640625;92.95210266113281;[0]
(aaaf);204;12:01:02:448;28.45439910888671;64.15228271484375;92.82502746582031;[0]
(cacf);203;12:01:00:456;27.45599937438964;63.1070556640625;92.76148986816406;[0]
(aaaf);205;12:01:02:702;28.45439910888671;64.15228271484375;92.63440704345703;[0]
(cacf);204;12:01:00:703;27.45599937438964;63.1070556640625;92.76148986816406;[0]
(aaaf);206;12:01:02:955;28.45439910888671;64.15228271484375;92.69794464111328;[0]
(cacf);205;12:01:00:959;27.45599937438964;63.1070556640625;92.88856506347656;[0]
(aaaf);207;12:01:03:203;28.45439910888671;64.18280029296875;92.69794464111328;[0]
(cacf);206;12:01:01:212;27.45599937438964;63.1070556640625;92.76148986816406;[0]
(aaaf);208;12:01:03:452;28.45439910888671;64.18280029296875;92.76148986816406;[0]
(cacf);207;12:01:01:461;27.45599937438964;63.1070556640625;92.82502746582031;[0]
(aaaf);209;12:01:03:701;28.45439910888671;64.1828002;[0]
(cacf);208;12:01:01:715;27.45599937438964;63.1070556640625;92.76148986816406;[0]
(aaaf);210;12:01:03:956;28.45439910888671;64.18280029296875;92.76148986816406;[0]
(cacf);209;12:01:01:963;27.45599937438964;63.1070556640625;92.76148986816406;[0]
(aaaf);211;12:01:04:203;28.51679992675781;64.18280029296875;92.76148986816406;[0]
(cacf);210;12:01:02:213;27.45599937438964;63.1070556640625;92.82502746582031;[0]
(aaaf);212;12:01:04:453;28.45439910888671;64.18280029296875;92.69794464111328;[0]
(cacf);211;12:01:02:461;27.45599937438964;63.1070556640625;92.76148986816406;[0]
(aaaf);213;12:01:04:703;28.45439910888671;64.15228271484375;92.69794464111328;[0]
(cacf);212;12:01:02:714;27.45599937438964;63.1070556640625;92.88856506347656;[0]
(aaaf);214;12:01:04:951;28.45439910888671;64.15228271484375;92.69794464111328;[0]
(cacf);213;12:01:02:963;27.45599937438964;63.1070556640625;92.95210266113281;[0]
(aaaf);215;12:01:05:200;28.45439910888671;64.15228271484375;92.69794464111328;[0]
(cacf);214;12:01:03:211;27.45599937438964;63.1070556640625;92.95210266113281;[0]
(aaaf);216;12:01:05:449;28.45439910888671;64.15228271484375;92.69794464111328;[0]
(cacf);215;12:01:03:461;27.45599937438964;63.1070556640625;92.82502746582031;[0]
(aaaf);217;12:01:05:708;28.45439910888671;64.15228271484375;92.69794464111328;[0]
(cacf);216;12:01:03:710;27.45599937438964;63.1070556640625;92.82502746582031;[0]
(aaaf);218;12:01:05:956;28.51679992675781;64.15228271484375;92.82502746582031;[0]
(cacf);217;12:01:03:960;27.45599937438964;63.1070556640625;92.82502746582031;[0]
(aaaf);219;12:01:06:206;28.45439910888671;64.15228271484375;92.69794464111328;[0]
(cacf);218;12:01:04:208;27.45599937438964;63.1070556640625;92.76148986816406;[0]
(aaaf);220;12:01:06:454;28.51679992675781;64.15228271484375;93.01564025878906;[0]
(cacf);219;12:01:04:462;27.45599937438964;63.1070556640625;92.88856506347656;[0]
(aaaf);221;12:01:06:703;28.45439910888671;64.15228271484375;92.88856506347656;[0]
(cacf);220;12:01:04:712;27.45599937438964;63.0765380859375;92.76148986816406;[0]
(aaaf);222;12:01:06:953;28.51679992675781;64.15228271484375;[0]
(cacf);221;12:01:04:965;27.45599937438964;63.0765380859375;92.82502746582031;[0]
(aaaf);223;12:01:07:207;28.45439910888671;64.15228271484375;92.88856506347656;[0]
(cacf);222;12:01:05:218;27.45599937438964;63.0765380859375;92.88856506347656;[0]
(aaaf);224;12:01:07:460;28.51679992675781;64.15228271484375;92.69794464111328;[0]
(cacf);223;12:01:05:466;27.45599937438964;63.0765380859375;92.82502746582031;[0]
(aaaf);225;12:01:07:714;28.51679992675781;64.15228271484375;92.69794464111328;[0]
(cacf);224;12:01:05:715;27.45599937438964;63.0765380859375;92.82502746582031;[0]
(aaaf);226;12:01:07:963;28.45439910888671;64.15228271484375;92.69794464111328;[0]
(cacf);225;12:01:05:965;27.51840019226074;63.0765380859375;92.95210266113281;[0]
(aaaf);227;12:01:08:217;28.51679992675781;64.12176513671875;92.76148986816406;[0]
(cacf);226;12:01:06:220;27.45599937438964;63.0765380859375;92.76148986816406;[0]
(aaaf);228;12:01:08:464;28.45439910888671;64.12176513671875;92.76148986816406;[0]
(cacf);227;12:01:06:473;27.45599937438964;63.0765380859375;92.82502746582031;[0]
(aaaf);229;12:01:08:713;28.45439910888671;64.12176513671875;92.76148986816406;[0]
(cacf);228;12:01:06:722;27.45599937438964;63.0765380859375;92.76148986816406;[0]
(aaaf);230;12:01:08:963;28.51679992675781;64.12176513671875;93.01564025878906;[0]
(cacf);229;12:01:06:970;27.51840019226074;63.0765380859375;92.76148986816406;[0]
(aaaf);231;12:01:09:217;28.45439910888671;64.12176513671875;92.82502746582031;[0]
(cacf);230;12:01:07:220;27.45599937438964;63.0765380859375;92.76148986816406;[0]
(aaaf);232;12:01:09:465;28.51679992675781;64.12176513671875;92.69794464111328;[0]
(cacf);231;12:01:07:468;27.51840019226074;63.0765380859375;92.88856506347656;[0]
(aaaf);233;12:01:09:714;28.51679992675781;64.12176513671875;92.69794464111328;[0]
(cacf);232;12:01:07:718;27.45599937438964;63.0460205078125;92.76148986816406;[0]
(aaaf);234;12:01:09:964;28.45439910888671;64.12176513671875;92.88856506347656;[0]
(cacf);233;12:01:07:971;27.51840019226074;63.0460205078125;92.82502746582031;[0]
(aaaf);235;12:01:10:213;28.51679992675781;64.12176513671875;92.888;[0]
(cacf);234;12:01:08:219;27.45599937438964;63.0460205078125;92.95210266113281;[0]
(aaaf);236;12:01:10:463;28.51679992675781;64.12176513671875;92.76148986816406;[0]
(cacf);235;12:01:08:464;27.51840019226074;63.0460205078125;92.95210266113281;[0]
(aaaf);237;12:01:10:716;28.51679992675781;64.12176513671875;92.76148986816406;[0]
(cacf);236;12:01:08:718;27.51840019226074;63.0460205078125;92.76148986816406;[0]
(aaaf);238;12:01:10:975;28.45439910888671;64.12176513671875;92.69794464111328;[0]
(cacf);237;12:01:08:966;27.45599937438964;63.0460205078125;92.88856506347656;[0]
(aaaf);239;12:01:11:223;28.51679992675781;64.12176513671875;92.69794464111328;[0]
(cacf);238;12:01:09:215;27.45599937438964;63.0460205078125;92.95210266113281;[0]
(aaaf);240;12:01:11:473;28.51679992675781;64.12176513671875;92.69794464111328;[0]
(cacf);239;12:01:09:463;27.45599937438964;63.0460205078125;92.76148986816406;[0]
(aaaf);241;12:01:11:721;28.51679992675781;64.12176513671875;92.69794464111328;[0]
(cacf);240;12:01:09:717;27.51840019226074;63.0460205078125;92.95210266113281;[0]
(aaaf);242;12:01:11:971;28.51679992675781;64.12176513671875;92.69794464111328;[0]
(cacf);241;12:01:09:962;27.45599937438964;63.0460205078125;92.95210266113281;[0]
(aaaf);243;12:01:12:219;28.51679992675781;64.12176513671875;92.88856506347656;[0]
(cacf);242;12:01:10:207;27.45599937438964;63.0460205078125;92.95210266113281;[0]
(aaaf);244;12:01:12:467;28.51679992675781;64.12176513671875;92.76148986816406;[0]
(cacf);243;12:01:10:455;27.51840019226074;63.0460205078125;92.88856506347656;[0]
(aaaf);245;12:01:12:721;28.51679992675781;64.12176513671875;92.76148986816406;[0]
(cacf);244;12:01:10:703;27.51840019226074;63.0460205078125;92.95210266113281;[0]
(aaaf);246;12:01:12:971;28.51679992675781;64.12176513671875;92.69794464111328;[0]
(cacf);245;12:01:10:953;27.51840019226074;63.0460205078125;92.82502746582031;[0]
(aaaf);247;12:01:13:219;28.51679992675781;64.12176513671875;92.69794464111328;[0]
(cacf);246;12:01:11:206;27.51840019226074;63.0155029296875;92.95210266113281;[0]
(aaaf);248;12:01:13:469;28.51679992675781;64.09124755859375;92.8885650634;[0]
(cacf);247;12:01:11:454;27.51840019226074;63.0155029296875;92.82502746582031;[0]
(aaaf);249;12:01:13:716;28.51679992675781;64.09124755859375;92.69794464111328;[0]
(cacf);248;12:01:11:698;27.51840019226074;63.0155029296875;92.95210266113281;[0]
(aaaf);250;12:01:13:966;28.51679992675781;64.09124755859375;92.69794464111328;[0]
(cacf);249;12:01:11:943;27.51840019226074;63.0155029296875;92.82502746582031;[0]
(aaaf);251;12:01:14:215;28.51679992675781;64.09124755859375;92.82502746582031;[0]
(cacf);250;12:01:12:191;27.51840019226074;63.0155029296875;92.82502746582031;[0]
(aaaf);252;12:01:14:470;28.51679992675781;64.09124755859375;92.69794464111328;[0]
(cacf);251;12:01:12:441;27.51840019226074;63.0155029296875;92.82502746582031;[0]
(aaaf);253;12:01:14:724;28.51679992675781;64.06072998046875;92.76148986816406;[0]
(cacf);252;12:01:12:695;27.51840019226074;63.0155029296875;92.76148986816406;[0]
(aaaf);254;12:01:14:978;28.51679992675781;64.09124755859375;92.76148986816406;[0]
(cacf);253;12:01:12:943;27.45599937438964;63.0155029296875;92.95210266113281;[0]
(aaaf);255;12:01:15:226;28.57919883728027;64.09124755859375;92.76148986816406;[0]
(cacf);254;12:01:13:192;27.51840019226074;63.0460205078125;92.82502746582031;[0]
(aaaf);256;12:01:15:474;28.51679992675781;64.09124755859375;92.82502746582031;[0]
(cacf);255;12:01:13:442;27.51840019226074;63.0460205078125;92.88856506347656;[0]
(aaaf);257;12:01:15:723;28.51679992675781;64.12176513671875;92.76148986816406;[0]
(cacf);256;12:01:13:691;27.45599937438964;63.0460205078125;92.76148986816406;[0]
(aaaf);258;12:01:15:977;28.51679992675781;64.09124755859375;92.76148986816406;[0]
(cacf);257;12:01:13:939;27.51840019226074;63.0460205078125;92.88856506347656;[0]
(aaaf);259;12:01:16:227;28.51679992675781;64.12176513671875;92.82502746582031;[0]
(cacf);258;12:01:14:193;27.51840019226074;63.0460205078125;92.82502746582031;[0]
(aaaf);260;12:01:16:475;28.51679992675781;64.12176513671875;92.63440704345703;[0]
(cacf);259;12:01:14:440;27.51840019226074;63.0460205078125;92.88856506347656;[0]
(aaaf);261;12:01:16:725;28.51679992675781;64.12176513671875;92.76148986816406;[0]
(;[0]
(aaaf);262;12:01:16:973;28.51679992675781;64.12176513671875;92.69794464111328;[0]
(cacf);261;12:01:14:945;27.51840019226074;63.0765380859375;92.88856506347656;[0]
(aaaf);263;12:01:17:221;28.57919883728027;64.12176513671875;92.69794464111328;[0]
(cacf);262;12:01:15:192;27.51840019226074;63.0765380859375;92.95210266113281;[0]
(aaaf);264;12:01:17:471;28.51679992675781;64.12176513671875;92.88856506347656;[0]
(cacf);263;12:01:15:442;27.45599937438964;63.0765380859375;92.76148986816406;[0]
(aaaf);265;12:01:17:725;28.51679992675781;64.12176513671875;92.88856506347656;[0]
(cacf);264;12:01:15:695;27.51840019226074;63.0765380859375;92.88856506347656;[0]
(aaaf);266;12:01:17:974;28.51679992675781;64.12176513671875;92.63440704345703;[0]
(cacf);265;12:01:15:940;27.45599937438964;63.0765380859375;92.82502746582031;[0]
(aaaf);267;12:01:18:222;28.57919883728027;64.12176513671875;92.76148986816406;[0]
(cacf);266;12:01:16:187;27.51840019226074;63.0765380859375;92.76148986816406;[0]
(aaaf);268;12:01:18:472;28.45439910888671;64.12176513671875;92.69794464111328;[0]
(cacf);267;12:01:16:437;27.45599937438964;63.0765380859375;92.76148986816406;[0]
(aaaf);269;12:01:18:720;28.51679992675781;64.12176513671875;92.76148986816406;[0]
(cacf);268;12:01:16:692;27.45599937438964;63.0765380859375;92.88856506347656;[0]
(aaaf);270;12:01:18:969;28.51679992675781;64.12176513671875;92.63440704345703;[0]
(cacf);269;12:01:16:946;27.51840019226074;63.1070556640625;92.95210266113281;[0]
(aaaf);271;12:01:19:219;28.51679992675781;64.12176513671875;92.69794464111328;[0]
(cacf);270;12:01:17:194;27.51840019226074;63.1070556640625;92.76148986816406;[0]
(aaaf);272;12:01:19:479;28.51679992675781;64.09124755859375;92.76148986816406;[0]
(cacf);271;12:01:17:441;27.51840019226074;63.1070556640625;92.95210266113281;[0]
(aaaf);273;12:01:19:732;28.51679992675781;64.09124755859375;92.69794464111328;[0]
(cacf);272;12:01:17:690;27.45599937438964;63.1070556640625;92.82502746582031;[0]
(aaaf);274;12:01:19:986;28.51679992675781;64.09124755859375;92.76148986816406;[0]
(cacf);2;[0]
(aaaf);275;12:01:20:240;28.51679992675781;64.09124755859375;92.76148986816406;[0]
(cacf);274;12:01:18:188;27.45599937438964;63.1070556640625;92.82502746582031;[0]
(aaaf);276;12:01:20:488;28.51679992675781;64.06072998046875;92.69794464111328;[0]
(cacf);275;12:01:18:443;27.45599937438964;63.1070556640625;92.82502746582031;[0]
(aaaf);277;12:01:20:736;28.57919883728027;64.06072998046875;92.88856506347656;[0]
(cacf);276;12:01:18:693;27.51840019226074;63.1070556640625;92.82502746582031;[0]
(aaaf);278;12:01:20:986;28.51679992675781;64.06072998046875;92.76148986816406;[0]
(cacf);277;12:01:18:946;27.51840019226074;63.1070556640625;92.95210266113281;[0]
(aaaf);279;12:01:21:241;28.51679992675781;64.06072998046875;92.69794464111328;[0]
(cacf);278;12:01:19:200;27.45599937438964;63.0765380859375;92.82502746582031;[0]
(aaaf);280;12:01:21:494;28.51679992675781;64.06072998046875;92.69794464111328;[0]
(cacf);279;12:01:19:443;27.51840019226074;63.0765380859375;92.82502746582031;[0]
(aaaf);281;12:01:21:747;28.51679992675781;64.06072998046875;92.76148986816406;[0]
(cacf);280;12:01:19:693;27.51840019226074;63.0765380859375;92.76148986816406;[0]
(aaaf);282;12:01:21:995;28.51679992675781;64.06072998046875;92.76148986816406;[0]
(cacf);281;12:01:19:941;27.51840019226074;63.0765380859375;92.82502746582031;[0]
(aaaf);283;12:01:22:244;28.57919883728027;64.06072998046875;92.76148986816406;[0]
(cacf);282;12:01:20:194;27.51840019226074;63.0765380859375;92.95210266113281;[0]
(aaaf);284;12:01:22:493;28.57919883728027;64.06072998046875;92.69794464111328;[0]
(cacf);283;12:01:20:443;27.51840019226074;63.0765380859375;92.76148986816406;[0]
(aaaf);285;12:01:22:743;28.57919883728027;64.06072998046875;92.76148986816406;[0]
(cacf);284;12:01:20:692;27.45599937438964;63.0765380859375;92.82502746582031;[0]
(aaaf);286;12:01:22:998;28.51679992675781;64.09124755859375;92.76148986816406;[0]
(cacf);285;12:01:20:942;27.51840019226074;63.0765380859375;92.82502746582031;[0]
(aaaf);287;12:01:23:252;28.57919883728027;64.068359375;92.76148986816406;[0]
(cacf);286;12:01:21:;[0]
(aaaf);288;12:01:23:500;28.57919883728027;64.068359375;92.69794464111328;[0]
(cacf);287;12:01:21:439;27.45599937438964;63.0460205078125;92.95210266113281;[0]
(aaaf);289;12:01:23:744;28.51679992675781;64.068359375;92.76148986816406;[0]
(cacf);288;12:01:21:689;27.51840019226074;63.0460205078125;92.95210266113281;[0]
(aaaf);290;12:01:23:987;28.57919883728027;64.037841796875;92.69794464111328;[0]
(cacf);289;12:01:21:942;27.45599937438964;63.0460205078125;92.82502746582031;[0]
(aaaf);291;12:01:24:232;28.57919883728027;64.037841796875;92.76148986816406;[0]
(cacf);290;12:01:22:192;27.51840019226074;63.0460205078125;92.95210266113281;[0]
(aaaf);292;12:01:24:480;28.51679992675781;64.037841796875;92.69794464111328;[0]
(cacf);291;12:01:22:446;27.51840019226074;63.0460205078125;92.76148986816406;[0]
(aaaf);293;12:01:24:734;28.57919883728027;64.037841796875;92.69794464111328;[0]
(cacf);292;12:01:22:694;27.51840019226074;63.0460205078125;92.76148986816406;[0]
(aaaf);294;12:01:24:983;28.57919883728027;64.037841796875;92.76148986816406;[0]
(cacf);293;12:01:22:937;27.51840019226074;63.0460205078125;92.95210266113281;[0]
(aaaf);295;12:01:25:233;28.57919883728027;64.00732421875;92.69794464111328;[0]
(cacf);294;12:01:23:183;27.51840019226074;63.0460205078125;92.82502746582031;[0]
(aaaf);296;12:01:25:476;28.57919883728027;64.00732421875;92.76148986816406;[0]
(cacf);295;12:01:23:436;27.51840019226074;63.0460205078125;92.76148986816406;[0]
(aaaf);297;12:01:25:719;28.57919883728027;64.00732421875;92.69794464111328;[0]
(cacf);296;12:01:23:689;27.45599937438964;63.0460205078125;92.76148986816406;[0]
(aaaf);298;12:01:25:963;28.57919883728027;63.976806640625;92.69794464111328;[0]
(cacf);297;12:01:23:937;27.51840019226074;63.0460205078125;92.95210266113281;[0]
(aaaf);299;12:01:26:213;28.57919883728027;63.976806640625;92.88856506347656;[0]
(cacf);298;12:01:24:186;27.51840019226074;63.0460205078125;92.82502746582031;[0]
(aaaf);300;12:01:26:467;28.57919883728027;63.976806640625;92.76148986816406;[0]
(cacf);299;12:01:24:435;27.45599937438964;63.0460205078125;92.;[0]
(aaaf);301;12:01:26:717;28.57919883728027;63.976806640625;92.76148986816406;[0]
(cacf);300;12:01:24:680;27.45599937438964;63.0155029296875;92.76148986816406;[0]
(aaaf);302;12:01:26:970;28.57919883728027;63.976806640625;92.69794464111328;[0]
(cacf);301;12:01:24:923;27.45599937438964;63.0155029296875;92.82502746582031;[0]
(aaaf);303;12:01:27:224;28.57919883728027;63.9462890625;92.69794464111328;[0]
(cacf);302;12:01:25:168;27.51840019226074;63.0155029296875;92.82502746582031;[0]
(aaaf);304;12:01:27:478;28.57919883728027;63.9462890625;92.76148986816406;[0]
(cacf);303;12:01:25:421;27.51840019226074;63.0155029296875;92.95210266113281;[0]
(aaaf);305;12:01:27:732;28.57919883728027;63.9462890625;92.76148986816406;[0]
(cacf);304;12:01:25:671;27.51840019226074;63.0155029296875;92.95210266113281;[0]
(aaaf);306;12:01:27:981;28.57919883728027;63.915771484375;92.69794464111328;[0]
(cacf);305;12:01:25:919;27.45599937438964;63.0155029296875;92.82502746582031;[0]
(aaaf);307;12:01:28:235;28.57919883728027;63.915771484375;92.76148986816406;[0]
(cacf);306;12:01:26:164;27.51840019226074;63.0155029296875;92.82502746582031;[0]
(aaaf);308;12:01:28:488;28.57919883728027;63.915771484375;92.69794464111328;[0]
(cacf);307;12:01:26:407;27.51840019226074;62.9849853515625;92.82502746582031;[0]
(aaaf);309;12:01:28:736;28.57919883728027;63.915771484375;92.69794464111328;[0]
(cacf);308;12:01:26:655;27.51840019226074;62.9849853515625;92.82502746582031;[0]
(aaaf);310;12:01:28:985;28.57919883728027;63.915771484375;92.76148986816406;[0]
(cacf);309;12:01:26:905;27.51840019226074;62.9849853515625;92.88856506347656;[0]
(aaaf);311;12:01:29:234;28.57919883728027;63.915771484375;92.76148986816406;[0]
(cacf);310;12:01:27:157;27.51840019226074;62.9849853515625;92.82502746582031;[0]
(aaaf);312;12:01:29:482;28.64159965515136;63.88525390625;92.69794464111328;[0]
(cacf);311;12:01:27:406;27.51840019226074;62.9849853515625;92.76148986816406;[0]
(aaaf);313;12:01:29:731;28.57919883728027;63.88525390625;92.69794464111328;[0]
(cacf);312;12:01:27:655;27.51840019226074;62.9849853515625;92.76148986816406;[0]
(aaaf);314;12:01:29:985;2;[0]
(cacf);313;12:01:27:904;27.51840019226074;62.9849853515625;92.95210266113281;[0]
(aaaf);315;12:01:30:234;28.64159965515136;63.88525390625;92.88856506347656;[0]
(cacf);314;12:01:28:153;27.51840019226074;62.9849853515625;92.95210266113281;[0]
(aaaf);316;12:01:30:483;28.57919883728027;63.88525390625;92.76148986816406;[0]
(cacf);315;12:01:28:403;27.51840019226074;62.9849853515625;92.76148986816406;[0]
(aaaf);317;12:01:30:732;28.64159965515136;63.88525390625;92.76148986816406;[0]
(cacf);316;12:01:28:652;27.51840019226074;62.9849853515625;92.88856506347656;[0]
(aaaf);318;12:01:30:983;28.64159965515136;63.854736328125;92.76148986816406;[0]
(cacf);317;12:01:28:906;27.51840019226074;62.93157958984375;92.88856506347656;[0]
(aaaf);319;12:01:31:236;28.64159965515136;63.854736328125;92.76148986816406;[0]
(cacf);318;12:01:29:154;27.51840019226074;62.9849853515625;92.88856506347656;[0]
(aaaf);320;12:01:31:485;28.57919883728027;63.854736328125;92.69794464111328;[0]
(cacf);319;12:01:29:403;27.45599937438964;62.9849853515625;92.82502746582031;[0]
(aaaf);321;12:01:31:738;28.64159965515136;63.854736328125;92.69794464111328;[0]
(cacf);320;12:01:29:652;27.51840019226074;62.93157958984375;92.95210266113281;[0]
(aaaf);322;12:01:31:987;28.64159965515136;63.854736328125;92.76148986816406;[0]
(cacf);321;12:01:29:900;27.51840019226074;62.9849853515625;92.95210266113281;[0]
(aaaf);323;12:01:32:235;28.64159965515136;63.854736328125;92.76148986816406;[0]
(cacf);322;12:01:30:149;27.51840019226074;62.9849853515625;92.82502746582031;[0]
(aaaf);324;12:01:32:484;28.64159965515136;63.854736328125;92.69794464111328;[0]
(cacf);323;12:01:30:398;27.51840019226074;62.9849853515625;92.82502746582031;[0]
(aaaf);325;12:01:32:733;28.64159965515136;63.854736328125;92.76148986816406;[0]
(cacf);324;12:01:30:653;27.51840019226074;62.9849853515625;92.82502746582031;[0]
(aaaf);326;12:01:32:982;28.64159965515136;63.854736328125;92.69794464111328;[0]
(cacf);325;12:01:30:903;27.51840019226074;62.9849853515625;92.95210266113281;[0]
(aaaf);327;12:01:33:232;28.64159965515136;63.854736328125;92;[0]
(cacf);326;12:01:31:157;27.45599937438964;62.9849853515625;92.82502746582031;[0]
(aaaf);328;12:01:33:486;28.64159965515136;63.854736328125;92.63440704345703;[0]
(cacf);327;12:01:31:410;27.51840019226074;62.9849853515625;92.88856506347656;[0]
(aaaf);329;12:01:33:733;28.57919883728027;63.854736328125;92.69794464111328;[0]
(cacf);328;12:01:31:664;27.51840019226074;62.9849853515625;92.95210266113281;[0]
(aaaf);330;12:01:33:983;28.57919883728027;63.854736328125;92.76148986816406;[0]
(cacf);329;12:01:31:913;27.51840019226074;62.9849853515625;92.88856506347656;[0]
(aaaf);331;12:01:34:231;28.64159965515136;63.854736328125;92.76148986816406;[0]
(cacf);330;12:01:32:160;27.51840019226074;62.9849853515625;92.76148986816406;[0]
(aaaf);332;12:01:34:480;28.57919883728027;63.854736328125;92.69794464111328;[0]
(cacf);331;12:01:32:415;27.51840019226074;62.9849853515625;92.76148986816406;[0]
(aaaf);333;12:01:34:730;28.64159965515136;63.854736328125;92.69794464111328;[0]
(cacf);332;12:01:32:663;27.51840019226074;63.0155029296875;92.88856506347656;[0]
(aaaf);334;12:01:34:978;28.64159965515136;63.854736328125;92.76148986816406;[0]
(cacf);333;12:01:32:907;27.51840019226074;63.0155029296875;92.76148986816406;[0]
(aaaf);335;12:01:35:232;28.57919883728027;63.854736328125;92.76148986816406;[0]
(cacf);334;12:01:33:157;27.51840019226074;63.0155029296875;92.82502746582031;[0]
(aaaf);336;12:01:35:482;28.57919883728027;63.854736328125;92.76148986816406;[0]
(cacf);335;12:01:33:405;27.51840019226074;63.0155029296875;92.76148986816406;[0]
(aaaf);337;12:01:35:736;28.57919883728027;63.854736328125;92.76148986816406;[0]
(cacf);336;12:01:33:653;27.51840019226074;63.0155029296875;92.88856506347656;[0]
(aaaf);338;12:01:35:984;28.64159965515136;63.854736328125;92.69794464111328;[0]
(cacf);337;12:01:33:902;27.51840019226074;63.0155029296875;92.95210266113281;[0]
(aaaf);339;12:01:36:232;28.64159965515136;63.854736328125;92.88856506347656;[0]
(cacf);338;12:01:34:152;27.5807991027832;63.0155029296875;92.82502746582031;[0]
(aaaf);340;12:01:36:481;28.57919883728027;63.854736328125;92.69794464111328;[0]
(cacf);339;12:01:;[0]
(aaaf);341;12:01:36:731;28.57919883728027;63.854736328125;92.76148986816406;[0]
(cacf);340;12:01:34:639;27.51840019226074;63.0155029296875;92.82502746582031;[0]
(aaaf);342;12:01:36:985;28.57919883728027;63.854736328125;92.69794464111328;[0]
(cacf);341;12:01:34:883;27.51840019226074;63.0155029296875;92.95210266113281;[0]
(aaaf);343;12:01:37:233;28.57919883728027;63.854736328125;92.76148986816406;[0]
(cacf);342;12:01:35:129;27.51840019226074;63.0155029296875;92.82502746582031;[0]
(aaaf);344;12:01:37:483;28.64159965515136;63.854736328125;92.76148986816406;[0]
(cacf);343;12:01:35:382;27.45599937438964;63.0155029296875;92.95210266113281;[0]
(aaaf);345;12:01:37:737;28.64159965515136;63.854736328125;92.69794464111328;[0]
(cacf);344;12:01:35:636;27.51840019226074;63.0460205078125;92.88856506347656;[0]
(aaaf);346;12:01:37:985;28.64159965515136;63.854736328125;92.76148986816406;[0]
(cacf);345;12:01:35:890;27.51840019226074;63.0460205078125;92.82502746582031;[0]
(aaaf);347;12:01:38:233;28.64159965515136;63.854736328125;92.76148986816406;[0]
(cacf);346;12:01:36:143;27.51840019226074;63.0460205078125;92.95210266113281;[0]
(aaaf);348;12:01:38:483;28.64159965515136;63.854736328125;92.76148986816406;[0]
(cacf);347;12:01:36:392;27.51840019226074;63.0460205078125;92.82502746582031;[0]
(aaaf);349;12:01:38:742;28.64159965515136;63.854736328125;92.76148986816406;[0]
(cacf);348;12:01:36:636;27.51840019226074;63.0460205078125;92.76148986816406;[0]
(aaaf);350;12:01:38:996;28.64159965515136;63.854736328125;92.76148986816406;[0]
(cacf);349;12:01:36:879;27.45599937438964;63.0460205078125;92.82502746582031;[0]
(aaaf);351;12:01:39:250;28.64159965515136;63.854736328125;92.69794464111328;[0]
(cacf);350;12:01:37:125;27.51840019226074;63.0460205078125;92.88856506347656;[0]
(aaaf);352;12:01:39:498;28.64159965515136;63.854736328125;92.76148986816406;[0]
(cacf);351;12:01:37:373;27.51840019226074;63.0460205078125;92.76148986816406;[0]
(aaaf);353;12:01:39:746;28.64159965515136;63.854736328125;92.88856506347656;[0]
(cacf);352;12:01:37:627;27.5807991027832;63.046020;[0]
(aaaf);354;12:01:39:996;28.64159965515136;63.854736328125;92.82502746582031;[0]
(cacf);353;12:01:37:874;27.51840019226074;63.0460205078125;92.88856506347656;[0]
(aaaf);355;12:01:40:244;28.64159965515136;63.83184814453125;92.76148986816406;[0]
(cacf);354;12:01:38:123;27.51840019226074;63.0155029296875;92.82502746582031;[0]
(aaaf);356;12:01:40:499;28.64159965515136;63.83184814453125;92.76148986816406;[0]
(cacf);355;12:01:38:373;27.51840019226074;63.0155029296875;92.82502746582031;[0]
(aaaf);357;12:01:40:747;28.64159965515136;63.83184814453125;92.76148986816406;[0]
(cacf);356;12:01:38:622;27.51840019226074;63.0155029296875;92.82502746582031;[0]
(aaaf);358;12:01:40:996;28.70399856567382;63.83184814453125;92.69794464111328;[0]
(cacf);357;12:01:38:865;27.51840019226074;63.0155029296875;92.82502746582031;[0]
(aaaf);359;12:01:41:244;28.64159965515136;63.80133056640625;92.69794464111328;[0]
(cacf);358;12:01:39:109;27.51840019226074;63.0155029296875;92.82502746582031;[0]
(aaaf);360;12:01:41:493;28.64159965515136;63.80133056640625;92.76148986816406;[0]
(cacf);359;12:01:39:358;27.51840019226074;63.0155029296875;92.88856506347656;[0]
(aaaf);361;12:01:41:742;28.70399856567382;63.80133056640625;92.76148986816406;[0]
(cacf);360;12:01:39:603;27.51840019226074;63.0155029296875;92.95210266113281;[0]
(aaaf);362;12:01:41:992;28.70399856567382;63.80133056640625;92.69794464111328;[0]
(cacf);361;12:01:39:846;27.51840019226074;62.9849853515625;92.88856506347656;[0]
(aaaf);363;12:01:42:244;28.64159965515136;63.80133056640625;92.76148986816406;[0]
(cacf);362;12:01:40:96;27.51840019226074;62.9849853515625;92.76148986816406;[0]
(aaaf);364;12:01:42:493;28.64159965515136;63.80133056640625;92.76148986816406;[0]
(cacf);363;12:01:40:345;27.51840019226074;62.9849853515625;92.95210266113281;[0]
(aaaf);365;12:01:42:742;28.64159965515136;63.80133056640625;92.76148986816406;[0]
(cacf);364;12:01:40:593;27.51840019226074;62.9849853515625;92.95210266113281;[0]
(aaaf);366;12:01:42:991;28.64159965515136;63.80133056640625;92.76148986816406;[0]
(cacf);365;12:01:40:843;27.51840019226074;62.9849853515625;92;[0]
(aaaf);367;12:01:43:240;28.70399856567382;63.77081298828125;92.88856506347656;[0]
(cacf);366;12:01:41:96;27.51840019226074;62.9849853515625;92.82502746582031;[0]
(aaaf);368;12:01:43:489;28.70399856567382;63.77081298828125;92.76148986816406;[0]
(cacf);367;12:01:41:345;27.51840019226074;62.9849853515625;92.82502746582031;[0]
(aaaf);369;12:01:43:744;28.70399856567382;63.77081298828125;92.76148986816406;[0]
(cacf);368;12:01:41:593;27.51840019226074;62.9849853515625;92.88856506347656;[0]
(aaaf);370;12:01:43:992;28.70399856567382;63.77081298828125;92.76148986816406;[0]
(cacf);369;12:01:41:843;27.51840019226074;62.9849853515625;92.82502746582031;[0]
(aaaf);371;12:01:44:242;28.70399856567382;63.74029541015625;92.76148986816406;[0]
(cacf);370;12:01:42:90;27.51840019226074;62.93157958984375;92.76148986816406;[0]
(aaaf);372;12:01:44:490;28.70399856567382;63.74029541015625;92.76148986816406;[0]
(cacf);371;12:01:42:340;27.51840019226074;62.93157958984375;92.82502746582031;[0]
(aaaf);373;12:01:44:739;28.70399856567382;63.74029541015625;92.76148986816406;[0]
(cacf);372;12:01:42:594;27.51840019226074;62.93157958984375;92.88856506347656;[0]
(aaaf);374;12:01:44:987;28.70399856567382;63.74029541015625;92.76148986816406;[0]
(cacf);373;12:01:42:848;27.51840019226074;62.93157958984375;92.76148986816406;[0]
(aaaf);375;12:01:45:236;28.64159965515136;63.74029541015625;92.88856506347656;[0]
(cacf);374;12:01:43:96;27.51840019226074;62.93157958984375;92.82502746582031;[0]
(aaaf);376;12:01:45:489;28.76639938354492;63.74029541015625;92.76148986816406;[0]
(cacf);375;12:01:43:344;27.51840019226074;62.90106201171875;92.82502746582031;[0]
(aaaf);377;12:01:45:739;28.70399856567382;63.74029541015625;92.76148986816406;[0]
(cacf);376;12:01:43:593;27.51840019226074;62.90106201171875;92.76148986816406;[0]
(aaaf);378;12:01:45:988;28.70399856567382;63.74029541015625;92.76148986816406;[0]
(cacf);377;12:01:43:842;27.5807991027832;62.90106201171875;92.82502746582031;[0]
(aaaf);379;12:01:46:236;28.70399856567382;63.70977783203125;92.76148986816406;[0]
(cacf);378;12:01:44:91;27.5807991027832;62.90106201171875;92.825;[0]
(aaaf);380;12:01:46:485;28.70399856567382;63.70977783203125;92.76148986816406;[0]
(cacf);379;12:01:44:345;27.51840019226074;62.90106201171875;92.88856506347656;[0]
(aaaf);381;12:01:46:734;28.70399856567382;63.70977783203125;92.76148986816406;[0]
(cacf);380;12:01:44:596;27.51840019226074;62.90106201171875;92.76148986816406;[0]
(aaaf);382;12:01:46:983;28.64159965515136;63.70977783203125;92.76148986816406;[0]
(cacf);381;12:01:44:850;27.5807991027832;62.87054443359375;92.76148986816406;[0]
(aaaf);383;12:01:47:237;28.70399856567382;63.67926025390625;92.69794464111328;[0]
(cacf);382;12:01:45:103;27.45599937438964;62.87054443359375;92.82502746582031;[0]
(aaaf);384;12:01:47:486;28.76639938354492;63.67926025390625;92.76148986816406;[0]
(cacf);383;12:01:45:357;27.5807991027832;62.87054443359375;92.88856506347656;[0]
(aaaf);385;12:01:47:734;28.70399856567382;63.67926025390625;92.76148986816406;[0]
(cacf);384;12:01:45:605;27.51840019226074;62.87054443359375;92.76148986816406;[0]
(aaaf);386;12:01:47:983;28.70399856567382;63.67926025390625;92.76148986816406;[0]
(cacf);385;12:01:45:853;27.51840019226074;62.87054443359375;92.95210266113281;[0]
(aaaf);387;12:01:48:233;28.70399856567382;63.67926025390625;92.69794464111328;[0]
(cacf);386;12:01:46:108;27.51840019226074;62.87054443359375;92.76148986816406;[0]
(aaaf);388;12:01:48:481;28.70399856567382;63.67926025390625;92.76148986816406;[0]
(cacf);387;12:01:46:356;27.51840019226074;62.90106201171875;92.82502746582031;[0]
(aaaf);389;12:01:48:731;28.70399856567382;63.67926025390625;92.88856506347656;[0]
(cacf);388;12:01:46:605;27.51840019226074;62.90106201171875;92.76148986816406;[0]
(aaaf);390;12:01:48:984;28.70399856567382;63.64874267578125;92.76148986816406;[0]
(cacf);389;12:01:46:855;27.51840019226074;62.90106201171875;92.69794464111328;[0]
(aaaf);391;12:01:49:232;28.70399856567382;63.64874267578125;92.76148986816406;[0]
(cacf);390;12:01:47:103;27.51840019226074;62.90106201171875;92.82502746582031;[0]
(aaaf);392;12:01:49:482;28.70399856567382;63.67926025390625;92.69794464111328;[0]
(cacf);391;12:01:47:351;27.5807991027832;62.90106201171875;92.;[0]
(aaaf);393;12:01:49:731;28.70399856567382;63.67926025390625;92.69794464111328;[0]
(cacf);392;12:01:47:600;27.51840019226074;62.93157958984375;92.82502746582031;[0]
(aaaf);394;12:01:49:980;28.70399856567382;63.67926025390625;92.76148986816406;[0]
(cacf);393;12:01:47:855;27.51840019226074;62.93157958984375;92.95210266113281;[0]
(aaaf);395;12:01:50:229;28.70399856567382;63.67926025390625;92.69794464111328;[0]
(cacf);394;12:01:48:104;27.51840019226074;62.93157958984375;92.82502746582031;[0]
(aaaf);396;12:01:50:483;28.70399856567382;63.67926025390625;92.76148986816406;[0]
(cacf);395;12:01:48:357;27.51840019226074;62.93157958984375;92.76148986816406;[0]
(aaaf);397;12:01:50:735;28.70399856567382;63.67926025390625;92.76148986816406;[0]
(cacf);396;12:01:48:605;27.51840019226074;62.93157958984375;92.76148986816406;[0]
(aaaf);398;12:01:50:984;28.70399856567382;63.67926025390625;92.76148986816406;[0]
(cacf);397;12:01:48:855;27.51840019226074;62.93157958984375;92.95210266113281;[0]
(aaaf);399;12:01:51:234;28.70399856567382;63.67926025390625;92.76148986816406;[0]
(cacf);398;12:01:49:105;27.51840019226074;62.93157958984375;92.95210266113281;[0]
(aaaf);400;12:01:51:483;28.70399856567382;63.67926025390625;92.76148986816406;[0]
(cacf);399;12:01:49:359;27.51840019226074;62.93157958984375;92.82502746582031;[0]
(aaaf);401;12:01:51:731;28.70399856567382;63.67926025390625;92.76148986816406;[0]
(cacf);400;12:01:49:617;27.45599937438964;62.9849853515625;92.82502746582031;[0]
(aaaf);402;12:01:51:981;28.70399856567382;63.67926025390625;92.76148986816406;[0]
(cacf);401;12:01:49:871;27.51840019226074;62.9849853515625;92.95210266113281;[0]
(aaaf);403;12:01:52:229;28.70399856567382;63.67926025390625;92.76148986816406;[0]
(cacf);402;12:01:50:119;27.51840019226074;62.9849853515625;92.76148986816406;[0]
(aaaf);404;12:01:52:483;28.70399856567382;63.67926025390625;92.82502746582031;[0]
(cacf);403;12:01:50:369;27.51840019226074;62.9849853515625;92.82502746582031;[0]
(aaaf);405;12:01:52:733;28.70399856567382;63.67926025390625;92.76148986816406;[0]
(cacf);404;12:01:50:623;27.51840019226074;62.9849853515625;92.82502746582031;[0]
(aaaf);406;12:01:52:987;28.70399856567382;63.67926025390625;92.76148986816406;[0]
(cacf);405;12:01:50:877;27.51840019226074;62.9849853515625;92.82502746582031;[0]
(aaaf);407;12:01:53:235;28.70399856567382;63.67926025390625;92.69794464111328;[0]
(cacf);406;12:01:51:131;27.51840019226074;62.9849853515625;92.88856506347656;[0]
(aaaf);408;12:01:53:483;28.70399856567382;63.67926025390625;92.76148986816406;[0]
(cacf);407;12:01:51:389;27.51840019226074;62.9849853515625;92.95210266113281;[0]
(aaaf);409;12:01:53:733;28.70399856567382;63.67926025390625;92.76148986816406;[0]
(cacf);408;12:01:51:643;27.51840019226074;62.9849853515625;92.82502746582031;[0]
(aaaf);410;12:01:53:980;28.70399856567382;63.67926025390625;92.76148986816406;[0]
(cacf);409;12:01:51:890;27.5807991027832;62.9849853515625;92.82502746582031;[0]
(aaaf);411;12:01:54:235;28.70399856567382;63.67926025390625;92.76148986816406;[0]
(cacf);410;12:01:52:139;27.51840019226074;62.9849853515625;92.82502746582031;[0]
(aaaf);412;12:01:54:484;28.76639938354492;63.67926025390625;92.76148986816406;[0]
(cacf);411;12:01:52:389;27.5807991027832;62.9849853515625;92.82502746582031;[0]
(aaaf);413;12:01:54:734;28.70399856567382;63.67926025390625;92.82502746582031;[0]
(cacf);412;12:01:52:637;27.51840019226074;62.9849853515625;92.88856506347656;[0]
(aaaf);414;12:01:54:988;28.70399856567382;63.67926025390625;92.76148986816406;[0]
(cacf);413;12:01:52:887;27.51840019226074;62.93157958984375;92.82502746582031;[0]
(aaaf);415;12:01:55:236;28.70399856567382;63.67926025390625;92.69794464111328;[0]
(cacf);414;12:01:53:139;27.51840019226074;62.93157958984375;92.82502746582031;[0]
(aaaf);416;12:01:55:484;28.70399856567382;63.67926025390625;92.76148986816406;[0]
(cacf);415;12:01:53:388;27.51840019226074;62.93157958984375;92.82502746582031;[0]
(aaaf);417;12:01:55:734;28.70399856567382;63.67926025390625;92.76148986816406;[0]
(cacf);416;12:01:53:637;27.51840019226074;62.93157958984375;92.82502746582031;[0]
(aaaf);418;12:01:55:987;28.70399856567382;63.67926025390625;92.76148986816406;[0]
(cacf);417;12:01:53:887;27.51840019226074;62.93157958984375;92.95210266113281;[0]
(aaaf);419;12:01:56:236;28.76639938354492;63.67926025390625;92.82502746582031;[0]
(cacf);418;12:01:54:137;27.5807991027832;62.93157958984375;92.82502746582031;[0]
(aaaf);420;12:01:56:486;28.70399856567382;63.64874267578125;92.76148986816406;[0]
(cacf);419;12:01:54:391;27.51840019226074;62.93157958984375;92.82502746582031;[0]
(aaaf);421;12:01:56:734;28.70399856567382;63.64874267578125;92.76148986816406;[0]
(cacf);420;12:01:54:639;27.5807991027832;62.93157958984375;92.95210266113281;[0]
(aaaf);422;12:01:56:984;28.70399856567382;63.64874267578125;92.76148986816406;[0]
(cacf);421;12:01:54:892;27.51840019226074;62.90106201171875;92.82502746582031;[0]
(aaaf);423;12:01:57:232;28.70399856567382;63.61822509765625;92.76148986816406;[0]
(cacf);422;12:01:55:141;27.5807991027832;62.90106201171875;92.82502746582031;[0]
(aaaf);424;12:01:57:480;28.70399856567382;63.61822509765625;92.76148986816406;[0]
(cacf);423;12:01:55:390;27.51840019226074;62.90106201171875;92.82502746582031;[0]
(aaaf);425;12:01:57:735;28.70399856567382;63.61822509765625;92.76148986816406;[0]
(cacf);424;12:01:55:639;27.51840019226074;62.90106201171875;92.82502746582031;[0]
(aaaf);426;12:01:57:983;28.70399856567382;63.61822509765625;92.76148986816406;[0]
(cacf);425;12:01:55:887;27.5807991027832;62.90106201171875;92.95210266113281;[0]
(aaaf);427;12:01:58:232;28.70399856567382;63.58770751953125;92.76148986816406;[0]
(cacf);426;12:01:56:137;27.51840019226074;62.90106201171875;92.95210266113281;[0]
(aaaf);428;12:01:58:482;28.70399856567382;63.58770751953125;92.69794464111328;[0]
(cacf);427;12:01:56:387;27.5807991027832;62.90106201171875;92.82502746582031;[0]
(aaaf);429;12:01:58:735;28.70399856567382;63.55718994140625;92.76148986816406;[0]
(cacf);428;12:01:56:640;27.5807991027832;62.90106201171875;92.95210266113281;[0]
(aaaf);430;12:01:58:983;28.76639938354492;63.55718994140625;92.76148986816406;[0]
(cacf);429;12:01:56:889;27.5807991027832;62.90106201171875;92.82502746582031;[0]
(aaaf);431;12:01:59:233;28.76639938354492;63.55718994140625;92.82502746582031;[0]
(cacf);430;12:01:57:138;27.51840019226074;62.90106201171875;92.82502746582031;[0]
(aaaf);432;12:01:59:488;28.70399856567382;63.55718994140625;92.76148986816406;[0]
(cacf);431;12:01:57:392;27.51840019226074;62.90106201171875;92.76148986816406;[0]
(aaaf);433;12:01:59:741;28.76639938354492;63.55718994140625;92.76148986816406;[0]
(cacf);432;12:01:57:640;27.51840019226074;62.87054443359375;92.95210266113281;[0]
(aaaf);434;12:01:59:989;28.76639938354492;63.5343017578125;92.76148986816406;[0]
(cacf);433;12:01:57:890;27.51840019226074;62.87054443359375;92.82502746582031;[0]
(aaaf);435;12:02:00:238;28.70399856567382;63.5343017578125;92.76148986816406;[0]
(cacf);434;12:01:58:143;27.51840019226074;62.87054443359375;92.95210266113281;[0]
(aaaf);436;12:02:00:488;28.76639938354492;63.5343017578125;92.76148986816406;[0]
(cacf);435;12:01:58:393;27.5807991027832;62.87054443359375;92.88856506347656;[0]
(aaaf);437;12:02:00:742;28.76639938354492;63.5037841796875;92.76148986816406;[0]
(cacf);436;12:01:58:647;27.51840019226074;62.84002685546875;92.82502746582031;[0]
(aaaf);438;12:02:00:996;28.76639938354492;63.5037841796875;92.76148986816406;[0]
(cacf);437;12:01:58:900;27.51840019226074;62.84002685546875;92.95210266113281;[0]
(aaaf);439;12:02:01:255;28.76639938354492;63.5037841796875;92.76148986816406;[0]
(cacf);438;12:01:59:154;27.51840019226074;62.84002685546875;92.82502746582031;[0]
(aaaf);440;12:02:01:509;28.70399856567382;63.5037841796875;92.76148986816406;[0]
(cacf);439;12:01:59:402;27.5807991027832;62.84002685546875;92.95210266113281;[0]
(aaaf);441;12:02:01:763;28.76639938354492;63.5037841796875;92.76148986816406;[0]
(cacf);440;12:01:59:652;27.51840019226074;62.84002685546875;92.88856506347656;[0]
(aaaf);442;12:02:02:16;28.76639938354492;63.5037841796875;92.76148986816406;[0]
(cacf);441;12:01:59:910;27.5807991027832;62.84002685546875;92.76148986816406;[0]
(aaaf);443;12:02:02:270;28.70399856567382;63.5037841796875;92.82502746582031;[0]
(cacf);4;[0]
(aaaf);444;12:02:02:524;28.76639938354492;63.4732666015625;92.76148986816406;[0]
(cacf);443;12:02:00:407;27.5807991027832;62.84002685546875;92.82502746582031;[0]
(aaaf);445;12:02:02:778;28.76639938354492;63.4732666015625;92.76148986816406;[0]
(cacf);444;12:02:00:656;27.51840019226074;62.84002685546875;92.82502746582031;[0]
(aaaf);446;12:02:03:31;28.76639938354492;63.5037841796875;92.76148986816406;[0]
(cacf);445;12:02:00:906;27.51840019226074;62.84002685546875;92.82502746582031;[0]
(aaaf);447;12:02:03:278;28.76639938354492;63.4427490234375;92.76148986816406;[0]
(cacf);446;12:02:01:154;27.51840019226074;62.84002685546875;92.95210266113281;[0]
(aaaf);448;12:02:03:527;28.76639938354492;63.4427490234375;92.76148986816406;[0]
(cacf);447;12:02:01:403;27.5807991027832;62.84002685546875;92.95210266113281;[0]
(aaaf);449;12:02:03:776;28.76639938354492;63.4732666015625;92.82502746582031;[0]
(cacf);448;12:02:01:658;27.5807991027832;62.80950927734375;92.82502746582031;[0]
(aaaf);450;12:02:04:25;28.76639938354492;63.4427490234375;92.76148986816406;[0]
(cacf);449;12:02:01:906;27.5807991027832;62.84002685546875;92.76148986816406;[0]
(aaaf);451;12:02:04:274;28.76639938354492;63.4427490234375;92.76148986816406;[0]
(cacf);450;12:02:02:156;27.5807991027832;62.84002685546875;92.82502746582031;[0]
(aaaf);452;12:02:04:523;28.76639938354492;63.4427490234375;92.76148986816406;[0]
(cacf);451;12:02:02:410;27.51840019226074;62.84002685546875;92.82502746582031;[0]
(aaaf);453;12:02:04:777;28.76639938354492;63.4427490234375;92.76148986816406;[0]
(cacf);452;12:02:02:658;27.51840019226074;62.84002685546875;92.95210266113281;[0]
(aaaf);454;12:02:05:26;28.76639938354492;63.4427490234375;92.76148986816406;[0]
(cacf);453;12:02:02:906;27.51840019226074;62.84002685546875;92.88856506347656;[0]
(aaaf);455;12:02:05:275;28.82879829406738;63.4427490234375;92.76148986816406;[0]
(cacf);454;12:02:03:156;27.5807991027832;62.84002685546875;92.82502746582031;[0]
(aaaf);456;12:02:05:525;28.82879829406738;63.4427490234375;92.76148986816406;[0]
(cacf);455;12:02:03:410;2;[0]
(aaaf);457;12:02:05:778;28.76639938354492;63.4427490234375;92.69794464111328;[0]
(cacf);456;12:02:03:659;27.51840019226074;62.84002685546875;92.95210266113281;[0]
(aaaf);458;12:02:06:26;28.76639938354492;63.4732666015625;92.76148986816406;[0]
(cacf);457;12:02:03:908;27.5807991027832;62.87054443359375;92.88856506347656;[0]
(aaaf);459;12:02:06:275;28.76639938354492;63.4732666015625;92.76148986816406;[0]
(cacf);458;12:02:04:155;27.51840019226074;62.87054443359375;92.95210266113281;[0]
(aaaf);460;12:02:06:529;28.82879829406738;63.4732666015625;92.76148986816406;[0]
(cacf);459;12:02:04:405;27.5807991027832;62.87054443359375;92.76148986816406;[0]
(aaaf);461;12:02:06:778;28.76639938354492;63.4732666015625;92.76148986816406;[0]
(cacf);460;12:02:04:654;27.51840019226074;62.87054443359375;92.76148986816406;[0]
(aaaf);462;12:02:07:27;28.76639938354492;63.4732666015625;92.76148986816406;[0]
(cacf);461;12:02:04:902;27.51840019226074;62.87054443359375;92.76148986816406;[0]
(aaaf);463;12:02:07:276;28.76639938354492;63.4732666015625;92.69794464111328;[0]
(cacf);462;12:02:05:157;27.51840019226074;62.90106201171875;92.82502746582031;[0]
(aaaf);464;12:02:07:525;28.76639938354492;63.5037841796875;92.76148986816406;[0]
(cacf);463;12:02:05:404;27.51840019226074;62.90106201171875;92.82502746582031;[0]
(aaaf);465;12:02:07:775;28.76639938354492;63.5037841796875;92.82502746582031;[0]
(cacf);464;12:02:05:654;27.5807991027832;62.90106201171875;92.82502746582031;[0]
(aaaf);466;12:02:08:29;28.76639938354492;63.5037841796875;92.76148986816406;[0]
(cacf);465;12:02:05:903;27.51840019226074;62.90106201171875;92.76148986816406;[0]
(aaaf);467;12:02:08:288;28.76639938354492;63.5037841796875;92.76148986816406;[0]
(cacf);466;12:02:06:153;27.5807991027832;62.90106201171875;92.95210266113281;[0]
(aaaf);468;12:02:08:541;28.70399856567382;63.5037841796875;92.76148986816406;[0]
(cacf);467;12:02:06:407;27.51840019226074;62.90106201171875;92.95210266113281;[0]
(aaaf);469;12:02:08:789;28.76639938354492;63.5037841796875;92.76148986816406;[0]
(cacf);468;12:02:06:661;27.518400192260;[0]
(aaaf);470;12:02:09:38;28.76639938354492;63.5037841796875;92.76148986816406;[0]
(cacf);469;12:02:06:919;27.51840019226074;62.93157958984375;92.76148986816406;[0]
(aaaf);471;12:02:09:286;28.76639938354492;63.5037841796875;92.82502746582031;[0]
(cacf);470;12:02:07:167;27.45599937438964;62.93157958984375;92.95210266113281;[0]
(aaaf);472;12:02:09:536;28.82879829406738;63.5037841796875;92.76148986816406;[0]
(cacf);471;12:02:07:416;27.51840019226074;62.93157958984375;92.95210266113281;[0]
(aaaf);473;12:02:09:785;28.76639938354492;63.5037841796875;92.82502746582031;[0]
(cacf);472;12:02:07:665;27.51840019226074;62.93157958984375;92.82502746582031;[0]
(aaaf);474;12:02:10:40;28.76639938354492;63.5037841796875;92.76148986816406;[0]
(cacf);473;12:02:07:915;27.5807991027832;62.93157958984375;92.82502746582031;[0]
(aaaf);475;12:02:10:293;28.76639938354492;63.5037841796875;92.76148986816406;[0]
(cacf);474;12:02:08:163;27.51840019226074;62.93157958984375;92.76148986816406;[0]
(aaaf);476;12:02:10:541;28.76639938354492;63.5037841796875;92.63440704345703;[0]
(cacf);475;12:02:08:413;27.5807991027832;62.93157958984375;92.82502746582031;[0]
(aaaf);477;12:02:10:791;28.76639938354492;63.5037841796875;92.76148986816406;[0]
(cacf);476;12:02:08:666;27.51840019226074;62.93157958984375;92.76148986816406;[0]
(aaaf);478;12:02:11:41;28.76639938354492;63.5037841796875;92.76148986816406;[0]
(cacf);477;12:02:08:914;27.51840019226074;62.93157958984375;92.76148986816406;[0]
(aaaf);479;12:02:11:289;28.76639938354492;63.5037841796875;92.82502746582031;[0]
(cacf);478;12:02:09:164;27.5807991027832;62.93157958984375;92.82502746582031;[0]
(aaaf);480;12:02:11:537;28.76639938354492;63.5037841796875;92.76148986816406;[0]
(cacf);479;12:02:09:413;27.51840019226074;62.93157958984375;92.82502746582031;[0]
(aaaf);481;12:02:11:791;28.76639938354492;63.5037841796875;92.76148986816406;[0]
(cacf);480;12:02:09:667;27.51840019226074;62.93157958984375;92.82502746582031;[0]
(aaaf);482;12:02:12:40;28.76639938354492;63.5037841796875;92.76148986816406;[0]
(cacf);481;12:02:09:915;27.51840019226074;62.90106201;[0]
(aaaf);483;12:02:12:290;28.76639938354492;63.5037841796875;92.76148986816406;[0]
(cacf);482;12:02:10:164;27.51840019226074;62.90106201171875;92.82502746582031;[0]
(aaaf);484;12:02:12:544;28.76639938354492;63.5037841796875;92.82502746582031;[0]
(cacf);483;12:02:10:417;27.51840019226074;62.90106201171875;92.76148986816406;[0]
(aaaf);485;12:02:12:798;28.82879829406738;63.4732666015625;92.76148986816406;[0]
(cacf);484;12:02:10:667;27.51840019226074;62.90106201171875;92.95210266113281;[0]
(aaaf);486;12:02:13:52;28.76639938354492;63.5343017578125;92.63440704345703;[0]
(cacf);485;12:02:10:917;27.51840019226074;62.93157958984375;92.82502746582031;[0]
(aaaf);487;12:02:13:306;28.76639938354492;63.4732666015625;92.82502746582031;[0]
(cacf);486;12:02:11:171;27.5807991027832;62.90106201171875;92.82502746582031;[0]
(aaaf);488;12:02:13:565;28.76639938354492;63.5037841796875;92.76148986816406;[0]
(cacf);487;12:02:11:425;27.51840019226074;62.90106201171875;92.82502746582031;[0]
(aaaf);489;12:02:13:818;28.76639938354492;63.4732666015625;92.82502746582031;[0]
(cacf);488;12:02:11:679;27.51840019226074;62.93157958984375;92.88856506347656;[0]
(aaaf);490;12:02:14:72;28.76639938354492;63.5037841796875;92.76148986816406;[0]
(cacf);489;12:02:11:932;27.51840019226074;62.90106201171875;92.82502746582031;[0]
(aaaf);491;12:02:14:320;28.76639938354492;63.4732666015625;92.76148986816406;[0]
(cacf);490;12:02:12:185;27.51840019226074;62.93157958984375;92.82502746582031;[0]
(aaaf);492;12:02:14:570;28.76639938354492;63.4732666015625;92.76148986816406;[0]
(cacf);491;12:02:12:433;27.5807991027832;62.93157958984375;92.95210266113281;[0]
(aaaf);493;12:02:14:818;28.76639938354492;63.4427490234375;92.82502746582031;[0]
(cacf);492;12:02:12:683;27.5807991027832;62.93157958984375;92.76148986816406;[0]
(aaaf);494;12:02:15:66;28.76639938354492;63.4427490234375;92.76148986816406;[0]
(cacf);493;12:02:12:933;27.51840019226074;62.93157958984375;92.82502746582031;[0]
(aaaf);495;12:02:15:320;28.76639938354492;63.4427490234375;92.82502746582031;[0]
(cacf);494;12:02:13:187;27.5807991027832;62.90106201171875;92.9521;[0]
(aaaf);496;12:02:15:568;28.82879829406738;63.4427490234375;92.82502746582031;[0]
(cacf);495;12:02:13:435;27.51840019226074;62.90106201171875;92.95210266113281;[0]
(aaaf);497;12:02:15:817;28.76639938354492;63.4427490234375;92.76148986816406;[0]
(cacf);496;12:02:13:687;27.51840019226074;62.90106201171875;92.95210266113281;[0]
(aaaf);498;12:02:16:67;28.82879829406738;63.4427490234375;92.76148986816406;[0]
(cacf);497;12:02:13:937;27.51840019226074;62.90106201171875;92.95210266113281;[0]
(aaaf);499;12:02:16:316;28.76639938354492;63.4427490234375;92.76148986816406;[0]
(cacf);498;12:02:14:186;27.51840019226074;62.90106201171875;92.82502746582031;[0]
(aaaf);500;12:02:16:565;28.76639938354492;63.4122314453125;92.76148986816406;[0]
(cacf);499;12:02:14:435;27.5807991027832;62.90106201171875;92.76148986816406;[0]
(aaaf);501;12:02:16:814;28.76639938354492;63.4122314453125;92.76148986816406;[0]
(cacf);500;12:02:14:685;27.51840019226074;62.87054443359375;92.82502746582031;[0]
(aaaf);502;12:02:17:69;28.82879829406738;63.3817138671875;92.76148986816406;[0]
