(cacf);1;12:00:03:57;29.57759857177734;68.89013671875;92.69794464111328;[1]
(cacf);2;12:00:03:308;29.57759857177734;68.920654296875;92.50733184814453;[1]
(cacf);3;12:00:03:556;29.57759857177734;68.920654296875;92.76148986816406;[1]
(cacf);4;12:00:03:805;29.57759857177734;68.97406005859375;92.63440704345703;[1]
(cacf);5;12:00:04:55;29.57759857177734;68.97406005859375;92.44378662109375;[1]
(cacf);6;12:00:04:303;29.57759857177734;69.00457763671875;92.76148986816406;[1]
(cacf);7;12:00:04:551;29.57759857177734;69.00457763671875;92.76148986816406;[1]
(cacf);8;12:00:04:810;29.57759857177734;69.00457763671875;92.76148986816406;[1]
(cacf);9;12:00:05:55;29.57759857177734;69.0274658203125;92.63440704345703;[1]
(cacf);10;12:00:05:302;29.57759857177734;69.0274658203125;92.76148986816406;[1]
(cacf);11;12:00:05:546;29.57759857177734;69.0579833984375;92.63440704345703;[1]
(cacf);12;12:00:05:795;29.57759857177734;69.0885009765625;92.69794464111328;[1]
(cacf);13;12:00:06:45;29.57759857177734;69.11138916015625;92.63440704345703;[1]
(cacf);14;12:00:06:294;29.57759857177734;69.17242431640625;92.44378662109375;[1]
(cacf);15;12:00:06:549;29.57759857177734;69.225830078125;92.57086944580078;[1]
(cacf);16;12:00:06:798;29.57759857177734;69.225830078125;92.82502746582031;[1]
(cacf);17;12:00:07:42;29.57759857177734;69.286865234375;92.63440704345703;[1]
(cacf);18;12:00:07:290;29.57759857177734;69.286865234375;92.63440704345703;[1]
(cacf);19;12:00:07:538;29.57759857177734;69.34027099609375;92.76148986816406;[1]
(cacf);20;12:00:07:788;29.57759857177734;69.3936767578125;92.63440704345703;[1]
(cacf);21;12:00:08:35;29.57759857177734;69.4241943359375;92.63440704345703;[1]
(cacf);22;12:00:08:285;29.57759857177734;69.47760009765625;92.57086944580078;[1]
(cacf);23;12:00:08:539;29.57759857177734;69.50811767578125;92.63440704345703;[1]
(cacf);24;12:00:08:789;29.57759857177734;69.53863525390625;92.57086944580078;[1]
(cacf);25;12:00:09:37;29.57759857177734;69.53863525390625;92.57086944580078;[1]
(cacf);26;12:00:09:285;29.57759857177734;69.5615234375;92.57086944580078;[1]
(cacf);27;12:00:09:534;29.57759857177734;69.62255859375;92.63440704345703;[1]
(cacf);28;12:00:09:784;29.57759857177734;69.64544677734375;92.57086944580078;[1]
(cacf);29;12:00:10:32;29.57759857177734;69.64544677734375;92.50733184814453;[1]
(cacf);30;12:00:10:286;29.57759857177734;69.67596435546875;92.76148986816406;[1]
(cacf);31;12:00:10:536;29.57759857177734;69.67596435546875;92.57086944580078;[1]
(cacf);32;12:00:10:785;29.57759857177734;69.70648193359375;92.63440704345703;[1]
(cacf);33;12:00:11:35;29.57759857177734;69.70648193359375;92.63440704345703;[1]
(cacf);34;12:00:11:284;29.57759857177734;69.70648193359375;92.69794464111328;[1]
(cacf);35;12:00:11:533;29.57759857177734;69.70648193359375;92.57086944580078;[1]
(cacf);36;12:00:11:781;29.57759857177734;69.70648193359375;92.63440704345703;[1]
(cacf);37;12:00:12:30;29.57759857177734;69.70648193359375;92.63440704345703;[1]
(cacf);38;12:00:12:283;29.57759857177734;69.70648193359375;92.63440704345703;[1]
(cacf);39;12:00:12:533;29.57759857177734;69.70648193359375;92.50733184814453;[1]
(cacf);40;12:00:12:781;29.57759857177734;69.70648193359375;92.69794464111328;[1]
(cacf);41;12:00:13:29;29.57759857177734;69.70648193359375;92.57086944580078;[1]
(cacf);42;12:00:13:278;29.63999938964843;69.70648193359375;92.76148986816406;[1]
(cacf);43;12:00:13:528;29.57759857177734;69.70648193359375;92.57086944580078;[1]
(cacf);44;12:00:13:776;29.57759857177734;69.70648193359375;92.63440704345703;[1]
(cacf);45;12:00:14:30;29.57759857177734;69.70648193359375;92.63440704345703;[1]
(cacf);46;12:00:14:279;29.57759857177734;69.70648193359375;92.57086944580078;[1]
(cacf);47;12:00:14:529;29.57759857177734;69.70648193359375;92.50733184814453;[1]
(cacf);48;12:00:14:777;29.57759857177734;69.70648193359375;92.63440704345703;[1]
(cacf);49;12:00:15:28;29.57759857177734;69.70648193359375;92.76148986816406;[1]
(cacf);50;12:00:15:276;29.57759857177734;69.70648193359375;92.63440704345703;[1]
(cacf);51;12:00:15:530;29.63999938964843;69.70648193359375;92.57086944580078;[1]
(cacf);52;12:00:15:783;29.57759857177734;69.70648193359375;92.76148986816406;[1]
(cacf);53;12:00:16:32;29.57759857177734;69.70648193359375;92.57086944580078;[1]
(cacf);54;12:00:16:281;29.57759857177734;69.70648193359375;92.69794464111328;[1]
(cacf);55;12:00:16:529;29.57759857177734;69.70648193359375;92.57086944580078;[1]
(cacf);56;12:00:16:779;29.51519966125488;69.70648193359375;92.63440704345703;[1]
(cacf);57;12:00:17:27;29.57759857177734;69.70648193359375;92.76148986816406;[1]
(cacf);58;12:00:17:276;29.57759857177734;69.70648193359375;92.63440704345703;[1]
(cacf);59;12:00:17:526;29.57759857177734;69.70648193359375;92.57086944580078;[1]
(cacf);60;12:00:17:779;29.57759857177734;69.70648193359375;92.69794464111328;[1]
(cacf);61;12:00:18:28;29.57759857177734;69.73699951171875;92.63440704345703;[1]
(cacf);62;12:00:18:277;29.57759857177734;69.7904052734375;92.57086944580078;[1]
(cacf);63;12:00:18:525;29.57759857177734;69.8209228515625;92.63440704345703;[1]
(cacf);64;12:00:18:774;29.57759857177734;69.87432861328125;92.50733184814453;[1]
(cacf);65;12:00:19:23;29.57759857177734;69.927734375;92.63440704345703;[1]
(cacf);66;12:00:19:272;29.57759857177734;69.98876953125;92.76148986816406;[1]
(cacf);67;12:00:19:528;29.57759857177734;70.01165771484375;92.76148986816406;[1]
(cacf);68;12:00:19:781;29.57759857177734;70.04217529296875;92.57086944580078;[1]
(cacf);69;12:00:20:29;29.57759857177734;70.0345458984375;92.57086944580078;[1]
(cacf);70;12:00:20:279;29.57759857177734;70.0955810546875;92.63440704345703;[1]
(cacf);71;12:00:20:528;29.57759857177734;70.1260986328125;92.50733184814453;[1]
(cacf);72;12:00:20:776;29.57759857177734;70.08795166015625;92.69794464111328;[1]
(cacf);73;12:00:21:25;29.57759857177734;70.1566162109375;92.57086944580078;[1]
(cacf);74;12:00:21:273;29.57759857177734;70.1566162109375;92.69794464111328;[1]
(cacf);75;12:00:21:528;29.51519966125488;70.1871337890625;92.57086944580078;[1]
(cacf);76;12:00:21:778;29.57759857177734;70.1871337890625;92.63440704345703;[1]
(cacf);77;12:00:22:26;29.57759857177734;70.14898681640625;92.57086944580078;[1]
(cacf);78;12:00:22:275;29.57759857177734;70.1871337890625;92.63440704345703;[1]
(cacf);79;12:00:22:523;29.57759857177734;70.1871337890625;92.76148986816406;[1]
(cacf);80;12:00:22:773;29.57759857177734;70.14898681640625;92.63440704345703;[1]
(cacf);81;12:00:23:22;29.57759857177734;70.14898681640625;92.63440704345703;[1]
(cacf);82;12:00:23:275;29.57759857177734;70.11846923828125;92.76148986816406;[1]
(cacf);83;12:00:23:524;29.57759857177734;70.11846923828125;92.63440704345703;[1]
(cacf);84;12:00:23:774;29.57759857177734;70.08795166015625;92.63440704345703;[1]
(cacf);85;12:00:24:28;29.57759857177734;70.08795166015625;92.63440704345703;[1]
(cacf);86;12:00:24:276;29.57759857177734;70.0955810546875;92.69794464111328;[1]
(cacf);87;12:00:24:524;29.57759857177734;70.0955810546875;92.76148986816406;[1]
(cacf);88;12:00:24:774;29.57759857177734;70.0345458984375;92.63440704345703;[1]
(cacf);89;12:00:25:28;29.57759857177734;70.04217529296875;92.76148986816406;[1]
(cacf);90;12:00:25:278;29.57759857177734;70.04217529296875;92.57086944580078;[1]
(cacf);91;12:00:25:526;29.57759857177734;69.9735107421875;92.63440704345703;[1]
(cacf);92;12:00:25:775;29.57759857177734;70.01165771484375;92.76148986816406;[1]
(cacf);93;12:00:26:29;29.57759857177734;69.95062255859375;92.69794464111328;[1]
(cacf);94;12:00:26:278;29.57759857177734;69.98876953125;92.63440704345703;[1]
(cacf);95;12:00:26:525;29.57759857177734;69.92010498046875;92.76148986816406;[1]
(cacf);96;12:00:26:775;29.57759857177734;69.92010498046875;92.63440704345703;[1]
(cacf);97;12:00:27:28;29.57759857177734;69.927734375;92.63440704345703;[1]
(cacf);98;12:00:27:277;29.57759857177734;69.88958740234375;92.57086944580078;[1]
(cacf);99;12:00:27:526;29.57759857177734;69.87432861328125;92.82502746582031;[1]
(cacf);100;12:00:27:776;29.51519966125488;69.87432861328125;92.63440704345703;[1]
(cacf);101;12:00:28:23;29.57759857177734;69.84381103515625;92.76148986816406;[1]
(cacf);102;12:00:28:273;29.57759857177734;69.8056640625;92.69794464111328;[1]
(cacf);103;12:00:28:522;29.57759857177734;69.78277587890625;92.57086944580078;[1]
(cacf);104;12:00:28:776;29.57759857177734;69.78277587890625;92.63440704345703;[1]
(cacf);105;12:00:29:24;29.57759857177734;69.78277587890625;92.50733184814453;[1]
(cacf);106;12:00:29:273;29.57759857177734;69.7904052734375;92.63440704345703;[1]
(cacf);107;12:00:29:523;29.63999938964843;69.7904052734375;92.63440704345703;[1]
(cacf);108;12:00:29:771;29.57759857177734;69.72174072265625;92.69794464111328;[1]
(cacf);109;12:00:30:21;29.57759857177734;69.72174072265625;92.76148986816406;[1]
(cacf);110;12:00:30:269;29.57759857177734;69.72174072265625;92.63440704345703;[1]
(cacf);111;12:00:30:524;29.57759857177734;69.6988525390625;92.57086944580078;[1]
(cacf);112;12:00:30:777;29.57759857177734;69.73699951171875;92.44378662109375;[1]
(cacf);113;12:00:31:27;29.57759857177734;69.6988525390625;92.63440704345703;[1]
(cacf);114;12:00:31:275;29.57759857177734;69.70648193359375;92.63440704345703;[1]
(cacf);115;12:00:31:525;29.57759857177734;69.70648193359375;92.57086944580078;[1]
(cacf);116;12:00:31:773;29.57759857177734;69.6683349609375;92.57086944580078;[1]
(cacf);117;12:00:32:21;29.57759857177734;69.67596435546875;92.63440704345703;[1]
(cacf);118;12:00:32:274;29.57759857177734;69.67596435546875;92.57086944580078;[1]
(cacf);119;12:00:32:524;29.57759857177734;69.6072998046875;92.63440704345703;[1]
(cacf);120;12:00:32:773;29.57759857177734;69.64544677734375;92.57086944580078;[1]
(cacf);121;12:00:33:21;29.57759857177734;69.6072998046875;92.63440704345703;[1]
(cacf);122;12:00:33:270;29.57759857177734;69.58441162109375;92.63440704345703;[1]
(cacf);123;12:00:33:520;29.57759857177734;69.58441162109375;92.50733184814453;[1]
(cacf);124;12:00:33:769;29.51519966125488;69.5615234375;92.57086944580078;[1]
(cacf);125;12:00:34:19;29.57759857177734;69.52337646484375;92.76148986816406;[1]
(cacf);126;12:00:34:273;29.57759857177734;69.52337646484375;92.63440704345703;[1]
(cacf);127;12:00:34:526;29.57759857177734;69.53863525390625;92.63440704345703;[1]
(cacf);128;12:00:34:774;29.57759857177734;69.50048828125;92.57086944580078;[1]
(cacf);129;12:00:35:18;29.57759857177734;69.50048828125;92.63440704345703;[1]
(cacf);130;12:00:35:262;29.57759857177734;69.469970703125;92.63440704345703;[1]
(cacf);131;12:00:35:511;29.57759857177734;69.50811767578125;92.76148986816406;[1]
(cacf);132;12:00:35:760;29.57759857177734;69.469970703125;92.57086944580078;[1]
(cacf);133;12:00:36:14;29.57759857177734;69.469970703125;92.57086944580078;[1]
(cacf);134;12:00:36:264;29.57759857177734;69.439453125;92.63440704345703;[1]
(cacf);135;12:00:36:513;29.57759857177734;69.47760009765625;92.69794464111328;[1]
(cacf);136;12:00:36:761;29.51519966125488;69.439453125;92.63440704345703;[1]
(cacf);137;12:00:37:6;29.57759857177734;69.439453125;92.76148986816406;[1]
(cacf);138;12:00:37:249;29.57759857177734;69.41656494140625;92.57086944580078;[1]
(cacf);139;12:00:37:497;29.57759857177734;69.41656494140625;92.57086944580078;[1]
(cacf);140;12:00:37:751;29.57759857177734;69.4547119140625;92.63440704345703;[1]
(cacf);141;12:00:38:0;29.57759857177734;69.41656494140625;92.76148986816406;[1]
(cacf);142;12:00:38:250;29.57759857177734;69.41656494140625;92.69794464111328;[1]
(cacf);143;12:00:38:500;29.57759857177734;69.41656494140625;92.76148986816406;[1]
(cacf);144;12:00:38:748;29.57759857177734;69.38604736328125;92.63440704345703;[1]
(cacf);145;12:00:38:997;29.57759857177734;69.38604736328125;92.57086944580078;[1]
(cacf);146;12:00:39:245;29.57759857177734;69.38604736328125;92.63440704345703;[1]
(cacf);147;12:00:39:495;29.57759857177734;69.38604736328125;92.63440704345703;[1]
(cacf);148;12:00:39:749;29.57759857177734;69.38604736328125;92.76148986816406;[1]
(cacf);149;12:00:39:997;29.57759857177734;69.38604736328125;92.76148986816406;[1]
(cacf);150;12:00:40:245;29.57759857177734;69.4241943359375;92.76148986816406;[1]
(cacf);151;12:00:40:495;29.57759857177734;69.35552978515625;92.76148986816406;[1]
(cacf);152;12:00:40:745;29.57759857177734;69.35552978515625;92.63440704345703;[1]
(cacf);153;12:00:40:993;29.63999938964843;69.35552978515625;92.76148986816406;[1]
(cacf);154;12:00:41:241;29.57759857177734;69.35552978515625;92.63440704345703;[1]
(cacf);155;12:00:41:496;29.57759857177734;69.35552978515625;92.82502746582031;[1]
(cacf);156;12:00:41:744;29.57759857177734;69.35552978515625;92.57086944580078;[1]
(cacf);157;12:00:41:994;29.57759857177734;69.35552978515625;92.76148986816406;[1]
(cacf);158;12:00:42:242;29.57759857177734;69.3936767578125;92.50733184814453;[1]
(cacf);159;12:00:42:492;29.63999938964843;69.3936767578125;92.63440704345703;[1]
(cacf);160;12:00:42:746;29.57759857177734;69.35552978515625;92.76148986816406;[1]
(cacf);161;12:00:43:0;29.57759857177734;69.3936767578125;92.63440704345703;[1]
(cacf);162;12:00:43:254;29.63999938964843;69.3936767578125;92.63440704345703;[1]
(cacf);163;12:00:43:502;29.57759857177734;69.3326416015625;92.50733184814453;[1]
(cacf);164;12:00:43:749;29.57759857177734;69.37078857421875;92.76148986816406;[1]
(cacf);165;12:00:43:999;29.57759857177734;69.3326416015625;92.63440704345703;[1]
(cacf);166;12:00:44:247;29.57759857177734;69.3326416015625;92.76148986816406;[1]
(cacf);167;12:00:44:497;29.57759857177734;69.3326416015625;92.57086944580078;[1]
(cacf);168;12:00:44:746;29.57759857177734;69.34027099609375;92.63440704345703;[1]
(cacf);169;12:00:45:1;29.57759857177734;69.3021240234375;92.76148986816406;[1]
(cacf);170;12:00:45:248;29.57759857177734;69.3021240234375;92.63440704345703;[1]
(cacf);171;12:00:45:497;29.57759857177734;69.3021240234375;92.76148986816406;[1]
(cacf);172;12:00:45:747;29.57759857177734;69.3021240234375;92.76148986816406;[1]
(cacf);173;12:00:45:997;29.57759857177734;69.34027099609375;92.63440704345703;[1]
(cacf);174;12:00:46:245;29.57759857177734;69.34027099609375;92.57086944580078;[1]
(cacf);175;12:00:46:492;29.57759857177734;69.3021240234375;92.57086944580078;[1]
(cacf);176;12:00:46:746;29.57759857177734;69.2716064453125;92.76148986816406;[1]
(cacf);177;12:00:46:996;29.63999938964843;69.30975341796875;92.57086944580078;[1]
(cacf);178;12:00:47:246;29.57759857177734;69.30975341796875;92.76148986816406;[1]
(cacf);179;12:00:47:494;29.57759857177734;69.286865234375;92.57086944580078;[1]
(cacf);180;12:00:47:743;29.57759857177734;69.24871826171875;92.76148986816406;[1]
(cacf);181;12:00:47:992;29.57759857177734;69.24871826171875;92.63440704345703;[1]
(cacf);182;12:00:48:242;29.57759857177734;69.286865234375;92.63440704345703;[1]
(cacf);183;12:00:48:491;29.57759857177734;69.286865234375;92.63440704345703;[1]
(cacf);184;12:00:48:744;29.57759857177734;69.286865234375;92.63440704345703;[1]
(cacf);185;12:00:48:998;29.57759857177734;69.24871826171875;92.57086944580078;[1]
(cacf);186;12:00:49:246;29.63999938964843;69.24871826171875;92.63440704345703;[1]
(cacf);187;12:00:49:495;29.57759857177734;69.286865234375;92.57086944580078;[1]
(cacf);188;12:00:49:743;29.57759857177734;69.286865234375;92.63440704345703;[1]
(cacf);189;12:00:49:992;29.57759857177734;69.225830078125;92.76148986816406;[1]
(cacf);190;12:00:50:236;29.57759857177734;69.225830078125;92.63440704345703;[1]
(cacf);191;12:00:50:490;29.57759857177734;69.225830078125;92.69794464111328;[1]
(cacf);192;12:00:50:740;29.57759857177734;69.225830078125;92.57086944580078;[1]
(cacf);193;12:00:50:988;29.57759857177734;69.225830078125;92.57086944580078;[1]
(cacf);194;12:00:51:237;29.57759857177734;69.225830078125;92.69794464111328;[1]
(cacf);195;12:00:51:487;29.57759857177734;69.225830078125;92.63440704345703;[1]
(cacf);196;12:00:51:734;29.57759857177734;69.225830078125;92.76148986816406;[1]
(cacf);197;12:00:51:984;29.63999938964843;69.225830078125;92.57086944580078;[1]
(cacf);198;12:00:52:239;29.57759857177734;69.225830078125;92.63440704345703;[1]
(cacf);199;12:00:52:486;29.57759857177734;69.225830078125;92.69794464111328;[1]
(cacf);200;12:00:52:731;29.63999938964843;69.225830078125;92.76148986816406;[1]
(cacf);201;12:00:52:975;29.57759857177734;69.225830078125;92.76148986816406;[1]
(cacf);202;12:00:53:219;29.57759857177734;69.225830078125;92.76148986816406;[1]
(cacf);203;12:00:53:468;29.63999938964843;69.225830078125;92.57086944580078;[1]
(cacf);204;12:00:53:717;29.57759857177734;69.286865234375;92.63440704345703;[1]
(cacf);205;12:00:53:965;29.57759857177734;69.286865234375;92.63440704345703;[1]
(cacf);206;12:00:54:220;29.63999938964843;69.286865234375;92.57086944580078;[1]
(cacf);207;12:00:54:469;29.63999938964843;69.286865234375;92.50733184814453;[1]
(cacf);208;12:00:54:717;29.63999938964843;69.286865234375;92.57086944580078;[1]
(cacf);209;12:00:54:967;29.57759857177734;69.30975341796875;92.63440704345703;[1]
(cacf);210;12:00:55:215;29.57759857177734;69.34027099609375;92.76148986816406;[1]
(cacf);211;12:00:55:463;29.57759857177734;69.34027099609375;92.57086944580078;[1]
(cacf);212;12:00:55:713;29.57759857177734;69.37078857421875;92.57086944580078;[1]
(cacf);213;12:00:55:968;29.57759857177734;69.3936767578125;92.57086944580078;[1]
(cacf);214;12:00:56:216;29.57759857177734;69.3936767578125;92.63440704345703;[1]
(cacf);215;12:00:56:465;29.63999938964843;69.3936767578125;92.69794464111328;[1]
(cacf);216;12:00:56:715;29.63999938964843;69.4241943359375;92.57086944580078;[1]
(cacf);217;12:00:56:963;29.57759857177734;69.4547119140625;92.63440704345703;[1]
(cacf);218;12:00:57:211;29.63999938964843;69.4547119140625;92.50733184814453;[1]
(cacf);219;12:00:57:461;29.57759857177734;69.4547119140625;92.63440704345703;[1]
(cacf);220;12:00:57:720;29.57759857177734;69.47760009765625;92.63440704345703;[1]
(cacf);221;12:00:57:974;29.57759857177734;69.47760009765625;92.76148986816406;[1]
(cacf);222;12:00:58:228;29.57759857177734;69.50811767578125;92.69794464111328;[1]
(cacf);223;12:00:58:482;29.57759857177734;69.50811767578125;92.63440704345703;[1]
(cacf);224;12:00:58:730;29.57759857177734;69.53863525390625;92.63440704345703;[1]
(cacf);225;12:00:58:979;29.57759857177734;69.53863525390625;92.76148986816406;[1]
(cacf);226;12:00:59:229;29.57759857177734;69.53863525390625;92.63440704345703;[1]
(cacf);227;12:00:59:482;29.57759857177734;69.5615234375;92.76148986816406;[1]
(cacf);228;12:00:59:735;29.57759857177734;69.5615234375;92.63440704345703;[1]
(cacf);229;12:00:59:984;29.63999938964843;69.5615234375;92.76148986816406;[1]
(cacf);230;12:01:00:232;29.63999938964843;69.62255859375;92.63440704345703;[1]
(cacf);231;12:01:00:481;29.57759857177734;69.62255859375;92.69794464111328;[1]
(cacf);232;12:01:00:730;29.57759857177734;69.62255859375;92.63440704345703;[1]
(cacf);233;12:01:00:979;29.57759857177734;69.62255859375;92.76148986816406;[1]
(cacf);234;12:01:01:234;29.57759857177734;69.62255859375;92.82502746582031;[1]
(cacf);235;12:01:01:483;29.57759857177734;69.64544677734375;92.63440704345703;[1]
(cacf);236;12:01:01:733;29.57759857177734;69.64544677734375;92.63440704345703;[1]
(cacf);237;12:01:01:981;29.57759857177734;69.64544677734375;92.63440704345703;[1]
(cacf);238;12:01:02:229;29.57759857177734;69.64544677734375;92.63440704345703;[1]
(cacf);239;12:01:02:478;29.57759857177734;69.67596435546875;92.57086944580078;[1]
(cacf);240;12:01:02:728;29.57759857177734;69.67596435546875;92.57086944580078;[1]
(cacf);241;12:01:02:975;29.57759857177734;69.67596435546875;92.57086944580078;[1]
(cacf);242;12:01:03:230;29.57759857177734;69.67596435546875;92.63440704345703;[1]
(cacf);243;12:01:03:479;29.63999938964843;69.67596435546875;92.76148986816406;[1]
(cacf);244;12:01:03:727;29.57759857177734;69.70648193359375;92.63440704345703;[1]
(cacf);245;12:01:03:977;29.63999938964843;69.70648193359375;92.76148986816406;[1]
(cacf);246;12:01:04:227;29.63999938964843;69.70648193359375;92.76148986816406;[1]
(cacf);247;12:01:04:481;29.57759857177734;69.70648193359375;92.57086944580078;[1]
(cacf);248;12:01:04:734;29.63999938964843;69.70648193359375;92.63440704345703;[1]
(cacf);249;12:01:04:988;29.57759857177734;69.70648193359375;92.63440704345703;[1]
(cacf);250;12:01:05:236;29.57759857177734;69.70648193359375;92.57086944580078;[1]
(cacf);251;12:01:05:486;29.57759857177734;69.70648193359375;92.76148986816406;[1]
(cacf);252;12:01:05:735;29.57759857177734;69.73699951171875;92.76148986816406;[1]
(cacf);253;12:01:05:983;29.63999938964843;69.73699951171875;92.63440704345703;[1]
(cacf);254;12:01:06:233;29.63999938964843;69.73699951171875;92.63440704345703;[1]
(cacf);255;12:01:06:487;29.63999938964843;69.73699951171875;92.69794464111328;[1]
(cacf);256;12:01:06:741;29.57759857177734;69.73699951171875;92.63440704345703;[1]
(cacf);257;12:01:06:988;29.57759857177734;69.73699951171875;92.63440704345703;[1]
(cacf);258;12:01:07:238;29.63999938964843;69.73699951171875;92.76148986816406;[1]
(cacf);259;12:01:07:488;29.57759857177734;69.73699951171875;92.76148986816406;[1]
(cacf);260;12:01:07:736;29.57759857177734;69.73699951171875;92.76148986816406;[1]
(cacf);261;12:01:07:986;29.63999938964843;69.73699951171875;92.63440704345703;[1]
(cacf);262;12:01:08:234;29.57759857177734;69.73699951171875;92.76148986816406;[1]
(cacf);263;12:01:08:487;29.63999938964843;69.73699951171875;92.57086944580078;[1]
(cacf);264;12:01:08:737;29.63999938964843;69.73699951171875;92.69794464111328;[1]
(cacf);265;12:01:08:986;29.63999938964843;69.73699951171875;92.82502746582031;[1]
(cacf);266;12:01:09:236;29.63999938964843;69.70648193359375;92.57086944580078;[1]
(cacf);267;12:01:09:489;29.57759857177734;69.70648193359375;92.63440704345703;[1]
(cacf);268;12:01:09:737;29.63999938964843;69.70648193359375;92.63440704345703;[1]
(cacf);269;12:01:09:985;29.63999938964843;69.70648193359375;92.63440704345703;[1]
(cacf);270;12:01:10:240;29.63999938964843;69.70648193359375;92.44378662109375;[1]
(cacf);271;12:01:10:490;29.57759857177734;69.70648193359375;92.57086944580078;[1]
(cacf);272;12:01:10:738;29.57759857177734;69.67596435546875;92.63440704345703;[1]
(cacf);273;12:01:10:986;29.63999938964843;69.67596435546875;92.50733184814453;[1]
(cacf);274;12:01:11:235;29.63999938964843;69.67596435546875;92.63440704345703;[1]
(cacf);275;12:01:11:484;29.63999938964843;69.67596435546875;92.76148986816406;[1]
(cacf);276;12:01:11:734;29.63999938964843;69.67596435546875;92.63440704345703;[1]
(cacf);277;12:01:11:987;29.63999938964843;69.67596435546875;92.63440704345703;[1]
(cacf);278;12:01:12:238;29.63999938964843;69.67596435546875;92.69794464111328;[1]
(cacf);279;12:01:12:487;29.63999938964843;69.67596435546875;92.69794464111328;[1]
(cacf);280;12:01:12:741;29.57759857177734;69.67596435546875;92.82502746582031;[1]
(cacf);281;12:01:12:994;29.57759857177734;69.67596435546875;92.63440704345703;[1]
(cacf);282;12:01:13:248;29.63999938964843;69.67596435546875;92.69794464111328;[1]
(cacf);283;12:01:13:497;29.57759857177734;69.67596435546875;92.76148986816406;[1]
(cacf);284;12:01:13:749;29.63999938964843;69.67596435546875;92.76148986816406;[1]
(cacf);285;12:01:13:999;29.57759857177734;69.70648193359375;92.57086944580078;[1]
(cacf);286;12:01:14:247;29.63999938964843;69.70648193359375;92.63440704345703;[1]
(cacf);287;12:01:14:496;29.57759857177734;69.70648193359375;92.63440704345703;[1]
(cacf);288;12:01:14:746;29.63999938964843;69.70648193359375;92.76148986816406;[1]
(cacf);289;12:01:14:993;29.63999938964843;69.70648193359375;92.76148986816406;[1]
(cacf);290;12:01:15:242;29.63999938964843;69.70648193359375;92.63440704345703;[1]
(cacf);291;12:01:15:492;29.63999938964843;69.70648193359375;92.63440704345703;[1]
(cacf);292;12:01:15:746;29.57759857177734;69.70648193359375;92.63440704345703;[1]
(cacf);293;12:01:15:995;29.63999938964843;69.70648193359375;92.50733184814453;[1]
(cacf);294;12:01:16:243;29.63999938964843;69.73699951171875;92.76148986816406;[1]
(cacf);295;12:01:16:493;29.63999938964843;69.73699951171875;92.50733184814453;[1]
(cacf);296;12:01:16:743;29.63999938964843;69.73699951171875;92.63440704345703;[1]
(cacf);297;12:01:16:991;29.63999938964843;69.73699951171875;92.63440704345703;[1]
(cacf);298;12:01:17:239;29.63999938964843;69.73699951171875;92.63440704345703;[1]
(cacf);299;12:01:17:494;29.63999938964843;69.73699951171875;92.76148986816406;[1]
(cacf);300;12:01:17:742;29.57759857177734;69.73699951171875;92.63440704345703;[1]
(cacf);301;12:01:17:991;29.63999938964843;69.73699951171875;92.76148986816406;[1]
(cacf);302;12:01:18:241;29.63999938964843;69.73699951171875;92.63440704345703;[1]
(cacf);303;12:01:18:489;29.63999938964843;69.73699951171875;92.50733184814453;[1]
(cacf);304;12:01:18:739;29.63999938964843;69.7598876953125;92.57086944580078;[1]
(cacf);305;12:01:18:993;29.63999938964843;69.7598876953125;92.76148986816406;[1]
(cacf);306;12:01:19:252;29.63999938964843;69.7598876953125;92.63440704345703;[1]
(cacf);307;12:01:19:500;29.57759857177734;69.7598876953125;92.63440704345703;[1]
(cacf);308;12:01:19:748;29.63999938964843;69.73699951171875;92.76148986816406;[1]
(cacf);309;12:01:19:998;29.63999938964843;69.7598876953125;92.63440704345703;[1]
(cacf);310;12:01:20:247;29.63999938964843;69.7598876953125;92.63440704345703;[1]
(cacf);311;12:01:20:496;29.63999938964843;69.7598876953125;92.69794464111328;[1]
(cacf);312;12:01:20:744;29.57759857177734;69.7598876953125;92.76148986816406;[1]
(cacf);313;12:01:20:998;29.57759857177734;69.7598876953125;92.63440704345703;[1]
(cacf);314;12:01:21:247;29.63999938964843;69.73699951171875;92.63440704345703;[1]
(cacf);315;12:01:21:496;29.63999938964843;69.73699951171875;92.63440704345703;[1]
(cacf);316;12:01:21:745;29.63999938964843;69.73699951171875;92.63440704345703;[1]
(cacf);317;12:01:21:995;29.63999938964843;69.73699951171875;92.63440704345703;[1]
(cacf);318;12:01:22:249;29.63999938964843;69.73699951171875;92.63440704345703;[1]
(cacf);319;12:01:22:498;29.63999938964843;69.73699951171875;92.76148986816406;[1]
(cacf);320;12:01:22:752;29.63999938964843;69.73699951171875;92.76148986816406;[1]
(cacf);321;12:01:23:6;29.63999938964843;69.73699951171875;92.50733184814453;[1]
(cacf);322;12:01:23:254;29.63999938964843;69.70648193359375;92.63440704345703;[1]
(cacf);323;12:01:23:503;29.57759857177734;69.70648193359375;92.63440704345703;[1]
(cacf);324;12:01:23:751;29.63999938964843;69.70648193359375;92.76148986816406;[1]
(cacf);325;12:01:24:2;29.63999938964843;69.70648193359375;92.76148986816406;[1]
(cacf);326;12:01:24:250;29.63999938964843;69.70648193359375;92.63440704345703;[1]
(cacf);327;12:01:24:503;29.63999938964843;69.67596435546875;92.63440704345703;[1]
(cacf);328;12:01:24:751;29.63999938964843;69.67596435546875;92.50733184814453;[1]
(cacf);329;12:01:25:0;29.63999938964843;69.67596435546875;92.63440704345703;[1]
(cacf);330;12:01:25:249;29.63999938964843;69.64544677734375;92.63440704345703;[1]
(cacf);331;12:01:25:498;29.63999938964843;69.64544677734375;92.57086944580078;[1]
(cacf);332;12:01:25:747;29.63999938964843;69.64544677734375;92.63440704345703;[1]
(cacf);333;12:01:25:997;29.63999938964843;69.64544677734375;92.76148986816406;[1]
(cacf);334;12:01:26:245;29.63999938964843;69.62255859375;92.57086944580078;[1]
(cacf);335;12:01:26:500;29.63999938964843;69.62255859375;92.57086944580078;[1]
(cacf);336;12:01:26:748;29.63999938964843;69.62255859375;92.57086944580078;[1]
(cacf);337;12:01:26:998;29.63999938964843;69.5615234375;92.76148986816406;[1]
(cacf);338;12:01:27:247;29.7023983001709;69.5615234375;92.50733184814453;[1]
(cacf);339;12:01:27:494;29.63999938964843;69.53863525390625;92.63440704345703;[1]
(cacf);340;12:01:27:744;29.57759857177734;69.53863525390625;92.69794464111328;[1]
(cacf);341;12:01:27:993;29.63999938964843;69.53863525390625;92.63440704345703;[1]
(cacf);342;12:01:28:248;29.63999938964843;69.50811767578125;92.63440704345703;[1]
(cacf);343;12:01:28:495;29.63999938964843;69.50811767578125;92.63440704345703;[1]
(cacf);344;12:01:28:744;29.63999938964843;69.47760009765625;92.57086944580078;[1]
(cacf);345;12:01:28:993;29.63999938964843;69.47760009765625;92.63440704345703;[1]
(cacf);346;12:01:29:243;29.57759857177734;69.47760009765625;92.63440704345703;[1]
(cacf);347;12:01:29:493;29.63999938964843;69.4547119140625;92.57086944580078;[1]
(cacf);348;12:01:29:742;29.63999938964843;69.4547119140625;92.76148986816406;[1]
(cacf);349;12:01:29:995;29.63999938964843;69.4241943359375;92.57086944580078;[1]
(cacf);350;12:01:30:243;29.63999938964843;69.4241943359375;92.63440704345703;[1]
(cacf);351;12:01:30:493;29.63999938964843;69.3936767578125;92.63440704345703;[1]
(cacf);352;12:01:30:741;29.63999938964843;69.3936767578125;92.63440704345703;[1]
(cacf);353;12:01:30:991;29.63999938964843;69.3936767578125;92.50733184814453;[1]
(cacf);354;12:01:31:239;29.63999938964843;69.37078857421875;92.76148986816406;[1]
(cacf);355;12:01:31:488;29.63999938964843;69.34027099609375;92.63440704345703;[1]
(cacf);356;12:01:31:743;29.63999938964843;69.34027099609375;92.63440704345703;[1]
(cacf);357;12:01:31:997;29.63999938964843;69.34027099609375;92.63440704345703;[1]
(cacf);358;12:01:32:245;29.63999938964843;69.30975341796875;92.44378662109375;[1]
(cacf);359;12:01:32:494;29.7023983001709;69.286865234375;92.63440704345703;[1]
(cacf);360;12:01:32:742;29.63999938964843;69.286865234375;92.63440704345703;[1]
(cacf);361;12:01:32:991;29.63999938964843;69.286865234375;92.76148986816406;[1]
(cacf);362;12:01:33:235;29.63999938964843;69.286865234375;92.76148986816406;[1]
(cacf);363;12:01:33:485;29.7023983001709;69.225830078125;92.63440704345703;[1]
(cacf);364;12:01:33:735;29.57759857177734;69.225830078125;92.76148986816406;[1]
(cacf);365;12:01:33:984;29.63999938964843;69.225830078125;92.63440704345703;[1]
(cacf);366;12:01:34:232;29.63999938964843;69.225830078125;92.50733184814453;[1]
(cacf);367;12:01:34:480;29.63999938964843;69.225830078125;92.50733184814453;[1]
(cacf);368;12:01:34:728;29.63999938964843;69.225830078125;92.63440704345703;[1]
(cacf);369;12:01:34:978;29.63999938964843;69.225830078125;92.63440704345703;[1]
(cacf);370;12:01:35:232;29.63999938964843;69.1953125;92.50733184814453;[1]
(cacf);371;12:01:35:475;29.7023983001709;69.17242431640625;92.50733184814453;[1]
(cacf);372;12:01:35:725;29.63999938964843;69.17242431640625;92.63440704345703;[1]
(cacf);373;12:01:35:975;29.63999938964843;69.17242431640625;92.69794464111328;[1]
(cacf);374;12:01:36:223;29.63999938964843;69.14190673828125;92.63440704345703;[1]
(cacf);375;12:01:36:471;29.63999938964843;69.14190673828125;92.76148986816406;[1]
(cacf);376;12:01:36:721;29.63999938964843;69.11138916015625;92.63440704345703;[1]
(cacf);377;12:01:36:971;29.63999938964843;69.11138916015625;92.63440704345703;[1]
(cacf);378;12:01:37:225;29.63999938964843;69.11138916015625;92.63440704345703;[1]
(cacf);379;12:01:37:473;29.63999938964843;69.11138916015625;92.63440704345703;[1]
(cacf);380;12:01:37:721;29.63999938964843;69.11138916015625;92.76148986816406;[1]
(cacf);381;12:01:37:972;29.63999938964843;69.0885009765625;92.63440704345703;[1]
(cacf);382;12:01:38:225;29.63999938964843;69.0885009765625;92.57086944580078;[1]
(cacf);383;12:01:38:479;29.63999938964843;69.0885009765625;92.63440704345703;[1]
(cacf);384;12:01:38:733;29.7023983001709;69.0885009765625;92.63440704345703;[1]
(cacf);385;12:01:38:992;29.63999938964843;69.0885009765625;92.63440704345703;[1]
(cacf);386;12:01:39:246;29.63999938964843;69.0885009765625;92.63440704345703;[1]
(cacf);387;12:01:39:494;29.63999938964843;69.0579833984375;92.63440704345703;[1]
(cacf);388;12:01:39:737;29.7023983001709;69.0579833984375;92.63440704345703;[1]
(cacf);389;12:01:39:982;29.63999938964843;69.0579833984375;92.63440704345703;[1]
(cacf);390;12:01:40:230;29.63999938964843;69.0579833984375;92.69794464111328;[1]
(cacf);391;12:01:40:480;29.63999938964843;69.0579833984375;92.76148986816406;[1]
(cacf);392;12:01:40:733;29.63999938964843;69.0579833984375;92.63440704345703;[1]
(cacf);393;12:01:40:981;29.7023983001709;69.0579833984375;92.63440704345703;[1]
(cacf);394;12:01:41:230;29.63999938964843;69.0274658203125;92.57086944580078;[1]
(cacf);395;12:01:41:475;29.63999938964843;69.0274658203125;92.76148986816406;[1]
(cacf);396;12:01:41:719;29.63999938964843;69.0274658203125;92.57086944580078;[1]
(cacf);397;12:01:41:963;29.63999938964843;69.0274658203125;92.63440704345703;[1]
(cacf);398;12:01:42:206;29.63999938964843;69.00457763671875;92.76148986816406;[1]
(cacf);399;12:01:42:456;29.63999938964843;69.00457763671875;92.63440704345703;[1]
(cacf);400;12:01:42:699;29.63999938964843;69.00457763671875;92.44378662109375;[1]
(cacf);401;12:01:42:944;29.63999938964843;68.97406005859375;92.57086944580078;[1]
(cacf);402;12:01:43:193;29.63999938964843;68.97406005859375;92.76148986816406;[1]
(cacf);403;12:01:43:441;29.63999938964843;68.97406005859375;92.63440704345703;[1]
(cacf);404;12:01:43:690;29.63999938964843;68.920654296875;92.63440704345703;[1]
(cacf);405;12:01:43:939;29.7023983001709;68.920654296875;92.63440704345703;[1]
(cacf);406;12:01:44:195;29.7023983001709;68.920654296875;92.57086944580078;[1]
(cacf);407;12:01:44:447;29.63999938964843;68.89013671875;92.63440704345703;[1]
(cacf);408;12:01:44:697;29.7023983001709;68.89013671875;92.50733184814453;[1]
(cacf);409;12:01:44:944;29.63999938964843;68.89013671875;92.63440704345703;[1]
(cacf);410;12:01:45:194;29.63999938964843;68.859619140625;92.76148986816406;[1]
(cacf);411;12:01:45:444;29.63999938964843;68.859619140625;92.63440704345703;[1]
(cacf);412;12:01:45:692;29.7023983001709;68.859619140625;92.76148986816406;[1]
(cacf);413;12:01:45:946;29.63999938964843;68.859619140625;92.63440704345703;[1]
(cacf);414;12:01:46:194;29.7023983001709;68.83673095703125;92.63440704345703;[1]
(cacf);415;12:01:46:444;29.63999938964843;68.83673095703125;92.57086944580078;[1]
(cacf);416;12:01:46:692;29.7023983001709;68.83673095703125;92.63440704345703;[1]
(cacf);417;12:01:46:941;29.7023983001709;68.80621337890625;92.63440704345703;[1]
(cacf);418;12:01:47:190;29.63999938964843;68.80621337890625;92.76148986816406;[1]
(cacf);419;12:01:47:440;29.63999938964843;68.80621337890625;92.63440704345703;[1]
(cacf);420;12:01:47:694;29.63999938964843;68.80621337890625;92.76148986816406;[1]
(cacf);421;12:01:47:946;29.63999938964843;68.77569580078125;92.63440704345703;[1]
(cacf);422;12:01:48:195;29.7023983001709;68.77569580078125;92.63440704345703;[1]
(cacf);423;12:01:48:444;29.7023983001709;68.77569580078125;92.63440704345703;[1]
(cacf);424;12:01:48:693;29.63999938964843;68.77569580078125;92.63440704345703;[1]
(cacf);425;12:01:48:943;29.63999938964843;68.74517822265625;92.63440704345703;[1]
(cacf);426;12:01:49:192;29.63999938964843;68.74517822265625;92.63440704345703;[1]
(cacf);427;12:01:49:441;29.63999938964843;68.74517822265625;92.76148986816406;[1]
(cacf);428;12:01:49:696;29.7023983001709;68.7222900390625;92.57086944580078;[1]
(cacf);429;12:01:49:950;29.7023983001709;68.7222900390625;92.63440704345703;[1]
(cacf);430;12:01:50:198;29.63999938964843;68.7222900390625;92.63440704345703;[1]
(cacf);431;12:01:50:447;29.7023983001709;68.6917724609375;92.76148986816406;[1]
(cacf);432;12:01:50:694;29.63999938964843;68.6917724609375;92.50733184814453;[1]
(cacf);433;12:01:50:943;29.7023983001709;68.6917724609375;92.50733184814453;[1]
(cacf);434;12:01:51:193;29.7023983001709;68.6917724609375;92.63440704345703;[1]
(cacf);435;12:01:51:447;29.7023983001709;68.6612548828125;92.63440704345703;[1]
(cacf);436;12:01:51:695;29.7023983001709;68.6612548828125;92.63440704345703;[1]
(cacf);437;12:01:51:945;29.63999938964843;68.6612548828125;92.76148986816406;[1]
(cacf);438;12:01:52:194;29.63999938964843;68.60784912109375;92.63440704345703;[1]
(cacf);439;12:01:52:442;29.7023983001709;68.60784912109375;92.57086944580078;[1]
(cacf);440;12:01:52:692;29.63999938964843;68.60784912109375;92.76148986816406;[1]
(cacf);441;12:01:52:942;29.7023983001709;68.57733154296875;92.50733184814453;[1]
(cacf);442;12:01:53:195;29.7023983001709;68.57733154296875;92.63440704345703;[1]
(cacf);443;12:01:53:443;29.63999938964843;68.57733154296875;92.88856506347656;[1]
(cacf);444;12:01:53:693;29.7023983001709;68.57733154296875;92.50733184814453;[1]
(cacf);445;12:01:53:941;29.63999938964843;68.57733154296875;92.63440704345703;[1]
(cacf);446;12:01:54:191;29.7023983001709;68.554443359375;92.69794464111328;[1]
(cacf);447;12:01:54:440;29.7023983001709;68.554443359375;92.50733184814453;[1]
(cacf);448;12:01:54:688;29.7023983001709;68.554443359375;92.57086944580078;[1]
(cacf);449;12:01:54:944;29.7023983001709;68.554443359375;92.63440704345703;[1]
(cacf);450;12:01:55:197;29.7023983001709;68.554443359375;92.63440704345703;[1]
(cacf);451;12:01:55:446;29.7023983001709;68.554443359375;92.50733184814453;[1]
(cacf);452;12:01:55:694;29.63999938964843;68.52392578125;92.63440704345703;[1]
(cacf);453;12:01:55:937;29.63999938964843;68.52392578125;92.63440704345703;[1]
(cacf);454;12:01:56:181;29.7023983001709;68.52392578125;92.63440704345703;[1]
(cacf);455;12:01:56:425;29.63999938964843;68.52392578125;92.63440704345703;[1]
(cacf);456;12:01:56:675;29.7023983001709;68.52392578125;92.63440704345703;[1]
(cacf);457;12:01:56:924;29.63999938964843;68.52392578125;92.50733184814453;[1]
(cacf);458;12:01:57:172;29.7023983001709;68.52392578125;92.44378662109375;[1]
(cacf);459;12:01:57:422;29.7023983001709;68.52392578125;92.63440704345703;[1]
(cacf);460;12:01:57:670;29.63999938964843;68.52392578125;92.76148986816406;[1]
(cacf);461;12:01:57:919;29.7023983001709;68.52392578125;92.50733184814453;[1]
(cacf);462;12:01:58:169;29.7023983001709;68.52392578125;92.63440704345703;[1]
(cacf);463;12:01:58:418;29.7023983001709;68.52392578125;92.63440704345703;[1]
(cacf);464;12:01:58:671;29.7023983001709;68.52392578125;92.63440704345703;[1]
(cacf);465;12:01:58:921;29.7023983001709;68.52392578125;92.63440704345703;[1]
(cacf);466;12:01:59:170;29.7023983001709;68.52392578125;92.63440704345703;[1]
(cacf);467;12:01:59:418;29.7023983001709;68.52392578125;92.63440704345703;[1]
(cacf);468;12:01:59:666;29.7023983001709;68.52392578125;92.76148986816406;[1]
(cacf);469;12:01:59:911;29.7023983001709;68.52392578125;92.63440704345703;[1]
(cacf);470;12:02:00:156;29.7023983001709;68.52392578125;92.63440704345703;[1]
(cacf);471;12:02:00:405;29.7023983001709;68.52392578125;92.44378662109375;[1]
(cacf);472;12:02:00:658;29.7023983001709;68.52392578125;92.63440704345703;[1]
(cacf);473;12:02:00:907;29.7023983001709;68.52392578125;92.63440704345703;[1]
(cacf);474;12:02:01:155;29.7023983001709;68.52392578125;92.50733184814453;[1]
(cacf);475;12:02:01:405;29.7023983001709;68.52392578125;92.76148986816406;[1]
(cacf);476;12:02:01:653;29.7023983001709;68.493408203125;92.63440704345703;[1]
(cacf);477;12:02:01:903;29.7023983001709;68.493408203125;92.76148986816406;[1]
(cacf);478;12:02:02:162;29.7023983001709;68.493408203125;92.50733184814453;[1]
(cacf);479;12:02:02:416;29.7023983001709;68.493408203125;92.57086944580078;[1]
(cacf);480;12:02:02:664;29.63999938964843;68.493408203125;92.63440704345703;[1]
(cacf);481;12:02:02:912;29.63999938964843;68.493408203125;92.63440704345703;[1]
(cacf);482;12:02:03:161;29.7023983001709;68.493408203125;92.57086944580078;[1]
(cacf);483;12:02:03:411;29.7023983001709;68.493408203125;92.63440704345703;[1]
(cacf);484;12:02:03:659;29.7023983001709;68.493408203125;92.63440704345703;[1]
(cacf);485;12:02:03:914;29.7023983001709;68.493408203125;92.63440704345703;[1]
(cacf);486;12:02:04:162;29.7023983001709;68.47052001953125;92.63440704345703;[1]
(cacf);487;12:02:04:412;29.7023983001709;68.47052001953125;92.76148986816406;[1]
(cacf);488;12:02:04:660;29.7023983001709;68.47052001953125;92.76148986816406;[1]
(cacf);489;12:02:04:909;29.7023983001709;68.47052001953125;92.63440704345703;[1]
(cacf);490;12:02:05:159;29.7023983001709;68.47052001953125;92.76148986816406;[1]
(cacf);491;12:02:05:413;29.7023983001709;68.47052001953125;92.50733184814453;[1]
(cacf);492;12:02:05:668;29.7023983001709;68.47052001953125;92.63440704345703;[1]
(cacf);493;12:02:05:920;29.7023983001709;68.47052001953125;92.63440704345703;[1]
(cacf);494;12:02:06:169;29.7023983001709;68.47052001953125;92.50733184814453;[1]
(cacf);495;12:02:06:417;29.7023983001709;68.47052001953125;92.50733184814453;[1]
(cacf);496;12:02:06:667;29.7023983001709;68.44000244140625;92.82502746582031;[1]
(cacf);497;12:02:06:916;29.7023983001709;68.44000244140625;92.63440704345703;[1]
(cacf);498;12:02:07:166;29.7023983001709;68.44000244140625;92.63440704345703;[1]
(cacf);499;12:02:07:419;29.7023983001709;68.44000244140625;92.63440704345703;[1]
(cacf);500;12:02:07:673;29.63999938964843;68.44000244140625;92.63440704345703;[1]
(cacf);501;12:02:07:921;29.7023983001709;68.40948486328125;92.63440704345703;[1]
(cacf);502;12:02:08:171;29.7023983001709;68.40948486328125;92.63440704345703;[1]
(cacf);503;12:02:08:418;29.7023983001709;68.40948486328125;92.44378662109375;[1]
(cacf);504;12:02:08:667;29.7023983001709;68.40948486328125;92.63440704345703;[1]
(cacf);505;12:02:08:916;29.7023983001709;68.40948486328125;92.76148986816406;[1]
(cacf);506;12:02:09:170;29.7023983001709;68.3865966796875;92.50733184814453;[1]
(cacf);507;12:02:09:419;29.7023983001709;68.3865966796875;92.50733184814453;[1]
(cacf);508;12:02:09:669;29.7023983001709;68.3865966796875;92.50733184814453;[1]
(cacf);509;12:02:09:917;29.7023983001709;68.3865966796875;92.57086944580078;[1]
(cacf);510;12:02:10:167;29.7023983001709;68.3865966796875;92.63440704345703;[1]
(cacf);511;12:02:10:415;29.7023983001709;68.3865966796875;92.63440704345703;[1]
(cacf);512;12:02:10:664;29.7023983001709;68.3865966796875;92.63440704345703;[1]
(cacf);513;12:02:10:914;29.7023983001709;68.3865966796875;92.50733184814453;[1]
(cacf);514;12:02:11:166;29.7023983001709;68.3865966796875;92.63440704345703;[1]
(cacf);515;12:02:11:415;29.7023983001709;68.3560791015625;92.50733184814453;[1]
(cacf);516;12:02:11:665;29.7023983001709;68.3560791015625;92.50733184814453;[1]
(cacf);517;12:02:11:914;29.7023983001709;68.3560791015625;92.69794464111328;[1]
(cacf);518;12:02:12:162;29.7023983001709;68.3560791015625;92.57086944580078;[1]
(cacf);519;12:02:12:411;29.7023983001709;68.3560791015625;92.69794464111328;[1]
(cacf);520;12:02:12:661;29.7023983001709;68.3560791015625;92.69794464111328;[1]
(cacf);521;12:02:12:916;29.7023983001709;68.3560791015625;92.50733184814453;[1]
(cacf);522;12:02:13:164;29.7023983001709;68.3560791015625;92.57086944580078;[1]
(cacf);523;12:02:13:412;29.7023983001709;68.3560791015625;92.63440704345703;[1]
(cacf);524;12:02:13:662;29.7023983001709;68.3560791015625;92.69794464111328;[1]
(cacf);525;12:02:13:910;29.7023983001709;68.3560791015625;92.69794464111328;[1]
(cacf);526;12:02:14:160;29.7023983001709;68.3560791015625;92.57086944580078;[1]
(cacf);527;12:02:14:408;29.7023983001709;68.3560791015625;92.63440704345703;[1]
(cacf);528;12:02:14:663;29.7023983001709;68.3560791015625;92.76148986816406;[1]
(cacf);529;12:02:14:911;29.7023983001709;68.3560791015625;92.63440704345703;[1]
(cacf);530;12:02:15:161;29.764799118042;68.3560791015625;92.76148986816406;[1]
(cacf);531;12:02:15:410;29.7023983001709;68.3560791015625;92.69794464111328;[1]
(cacf);532;12:02:15:658;29.7023983001709;68.3560791015625;92.69794464111328;[1]
(cacf);533;12:02:15:906;29.7023983001709;68.3560791015625;92.50733184814453;[1]
(cacf);534;12:02:16:155;29.764799118042;68.3560791015625;92.63440704345703;[1]
(cacf);535;12:02:16:409;29.7023983001709;68.2950439453125;92.76148986816406;[1]
(cacf);536;12:02:16:657;29.7023983001709;68.2950439453125;92.63440704345703;[1]
(cacf);537;12:02:16:906;29.7023983001709;68.3560791015625;92.63440704345703;[1]
(cacf);538;12:02:17:156;29.7023983001709;68.2950439453125;92.57086944580078;[1]
(cacf);539;12:02:17:405;29.7023983001709;68.2950439453125;92.63440704345703;[1]
(cacf);540;12:02:17:655;29.764799118042;68.2950439453125;92.63440704345703;[1]
(cacf);541;12:02:17:903;29.7023983001709;68.2950439453125;92.57086944580078;[1]
(cacf);542;12:02:18:158;29.7023983001709;68.2950439453125;92.50733184814453;[1]
(cacf);543;12:02:18:411;29.7023983001709;68.27215576171875;92.63440704345703;[1]
(cacf);544;12:02:18:659;29.7023983001709;68.27215576171875;92.69794464111328;[1]
(cacf);545;12:02:18:908;29.7023983001709;68.27215576171875;92.63440704345703;[1]
(cacf);546;12:02:19:157;29.7023983001709;68.27215576171875;92.50733184814453;[1]
(cacf);547;12:02:19:406;29.764799118042;68.27215576171875;92.63440704345703;[1]
(cacf);548;12:02:19:655;29.764799118042;68.27215576171875;92.63440704345703;[1]
(cacf);549;12:02:19:910;29.7023983001709;68.27215576171875;92.63440704345703;[1]
(cacf);550;12:02:20:158;29.7023983001709;68.27215576171875;92.76148986816406;[1]
(cacf);551;12:02:20:407;29.7023983001709;68.27215576171875;92.69794464111328;[1]
(cacf);552;12:02:20:657;29.764799118042;68.27215576171875;92.57086944580078;[1]
(cacf);553;12:02:20:911;29.7023983001709;68.24163818359375;92.44378662109375;[1]
(cacf);554;12:02:21:159;29.7023983001709;68.24163818359375;92.63440704345703;[1]
(cacf);555;12:02:21:407;29.7023983001709;68.24163818359375;92.63440704345703;[1]
(cacf);556;12:02:21:660;29.7023983001709;68.24163818359375;92.63440704345703;[1]
(cacf);557;12:02:21:910;29.764799118042;68.24163818359375;92.63440704345703;[1]
(cacf);558;12:02:22:160;29.7023983001709;68.24163818359375;92.50733184814453;[1]
(cacf);559;12:02:22:408;29.7023983001709;68.24163818359375;92.63440704345703;[1]
(cacf);560;12:02:22:659;29.7023983001709;68.24163818359375;92.63440704345703;[1]
(cacf);561;12:02:22:907;29.764799118042;68.24163818359375;92.50733184814453;[1]
(cacf);562;12:02:23:156;29.7023983001709;68.24163818359375;92.69794464111328;[1]
(cacf);563;12:02:23:404;29.764799118042;68.24163818359375;92.50733184814453;[1]
(cacf);564;12:02:23:659;29.764799118042;68.21112060546875;92.76148986816406;[1]
(cacf);565;12:02:23:908;29.764799118042;68.21112060546875;92.57086944580078;[1]
(cacf);566;12:02:24:155;29.7023983001709;68.21112060546875;92.63440704345703;[1]
(cacf);567;12:02:24:405;29.764799118042;68.21112060546875;92.63440704345703;[1]
(cacf);568;12:02:24:653;29.7023983001709;68.21112060546875;92.63440704345703;[1]
(cacf);569;12:02:24:902;29.7023983001709;68.21112060546875;92.57086944580078;[1]
(cacf);570;12:02:25:152;29.7023983001709;68.21112060546875;92.50733184814453;[1]
(cacf);571;12:02:25:405;29.764799118042;68.21112060546875;92.50733184814453;[1]
(cacf);572;12:02:25:655;29.7023983001709;68.21112060546875;92.63440704345703;[1]
(cacf);573;12:02:25:903;29.764799118042;68.188232421875;92.63440704345703;[1]
(cacf);574;12:02:26:153;29.764799118042;68.188232421875;92.63440704345703;[1]
(cacf);575;12:02:26:401;29.7023983001709;68.188232421875;92.63440704345703;[1]
(cacf);576;12:02:26:649;29.7023983001709;68.188232421875;92.63440704345703;[1]
(cacf);577;12:02:26:894;29.764799118042;68.188232421875;92.57086944580078;[1]
(cacf);578;12:02:27:144;29.7023983001709;68.188232421875;92.50733184814453;[1]
(cacf);579;12:02:27:387;29.764799118042;68.188232421875;92.63440704345703;[1]
(cacf);580;12:02:27:630;29.764799118042;68.188232421875;92.63440704345703;[1]
(cacf);581;12:02:27:874;29.764799118042;68.188232421875;92.63440704345703;[1]
(cacf);582;12:02:28:123;29.764799118042;68.188232421875;92.50733184814453;[1]
(cacf);583;12:02:28:372;29.7023983001709;68.15771484375;92.63440704345703;[1]
(cacf);584;12:02:28:622;29.7023983001709;68.15771484375;92.50733184814453;[1]
(cacf);585;12:02:28:876;29.7023983001709;68.15771484375;92.63440704345703;[1]
(cacf);586;12:02:29:130;29.764799118042;68.15771484375;92.76148986816406;[1]
(cacf);587;12:02:29:384;29.7023983001709;68.15771484375;92.69794464111328;[1]
(cacf);588;12:02:29:628;29.764799118042;68.15771484375;92.63440704345703;[1]
(cacf);589;12:02:29:877;29.764799118042;68.15771484375;92.57086944580078;[1]
(cacf);590;12:02:30:120;29.764799118042;68.15771484375;92.63440704345703;[1]
(cacf);591;12:02:30:363;29.764799118042;68.15771484375;92.63440704345703;[1]
(cacf);592;12:02:30:613;29.764799118042;68.15771484375;92.50733184814453;[1]
(cacf);593;12:02:30:862;29.764799118042;68.15771484375;92.50733184814453;[1]
(cacf);594;12:02:31:110;29.764799118042;68.127197265625;92.63440704345703;[1]
(cacf);595;12:02:31:358;29.7023983001709;68.15771484375;92.63440704345703;[1]
(cacf);596;12:02:31:607;29.7023983001709;68.127197265625;92.76148986816406;[1]
(cacf);597;12:02:31:856;29.764799118042;68.127197265625;92.63440704345703;[1]
(cacf);598;12:02:32:105;29.764799118042;68.127197265625;92.50733184814453;[1]
(cacf);599;12:02:32:355;29.764799118042;68.127197265625;92.63440704345703;[1]
(cacf);600;12:02:32:600;29.764799118042;68.127197265625;92.63440704345703;[1]
(cacf);601;12:02:32:844;29.764799118042;68.127197265625;92.76148986816406;[1]
(cacf);602;12:02:33:88;29.764799118042;68.127197265625;92.50733184814453;[1]
(cacf);603;12:02:33:332;29.764799118042;68.127197265625;92.63440704345703;[1]
(cacf);604;12:02:33:576;29.7023983001709;68.127197265625;92.63440704345703;[1]
(cacf);605;12:02:33:819;29.764799118042;68.127197265625;92.63440704345703;[1]
(cacf);606;12:02:34:61;29.764799118042;68.127197265625;92.76148986816406;[1]
(cacf);607;12:02:34:316;29.764799118042;68.127197265625;92.50733184814453;[1]
(cacf);608;12:02:34:565;29.7023983001709;68.127197265625;92.69794464111328;[1]
(cacf);609;12:02:34:815;29.764799118042;68.127197265625;92.63440704345703;[1]
(cacf);610;12:02:35:63;29.764799118042;68.127197265625;92.63440704345703;[1]
(cacf);611;12:02:35:311;29.764799118042;68.127197265625;92.50733184814453;[1]
(cacf);612;12:02:35:560;29.764799118042;68.127197265625;92.63440704345703;[1]
(cacf);613;12:02:35:804;29.764799118042;68.127197265625;92.50733184814453;[1]
(cacf);614;12:02:36:54;29.764799118042;68.127197265625;92.50733184814453;[1]
(cacf);615;12:02:36:299;29.764799118042;68.127197265625;92.63440704345703;[1]
(cacf);616;12:02:36:542;29.764799118042;68.127197265625;92.57086944580078;[1]
(cacf);617;12:02:36:785;29.764799118042;68.127197265625;92.63440704345703;[1]
(cacf);618;12:02:37:31;29.764799118042;68.127197265625;92.69794464111328;[1]
(cacf);619;12:02:37:280;29.764799118042;68.127197265625;92.63440704345703;[1]
(cacf);620;12:02:37:528;29.764799118042;68.127197265625;92.63440704345703;[1]
(cacf);621;12:02:37:782;29.764799118042;68.127197265625;92.63440704345703;[1]
(cacf);622;12:02:38:29;29.7023983001709;68.127197265625;92.69794464111328;[1]
(cacf);623;12:02:38:279;29.764799118042;68.10430908203125;92.63440704345703;[1]
(cacf);624;12:02:38:529;29.764799118042;68.10430908203125;92.63440704345703;[1]
(cacf);625;12:02:38:783;29.764799118042;68.10430908203125;92.63440704345703;[1]
(cacf);626;12:02:39:32;29.764799118042;68.10430908203125;92.57086944580078;[1]
(cacf);627;12:02:39:279;29.764799118042;68.10430908203125;92.69794464111328;[1]
(cacf);628;12:02:39:534;29.764799118042;68.10430908203125;92.57086944580078;[1]
(cacf);629;12:02:39:782;29.7023983001709;68.10430908203125;92.57086944580078;[1]
(cacf);630;12:02:40:32;29.764799118042;68.127197265625;92.63440704345703;[1]
(cacf);631;12:02:40:282;29.764799118042;68.127197265625;92.69794464111328;[1]
(cacf);632;12:02:40:531;29.764799118042;68.15771484375;92.69794464111328;[1]
(cacf);633;12:02:40:779;29.764799118042;68.188232421875;92.69794464111328;[1]
(cacf);634;12:02:41:28;29.764799118042;68.21112060546875;92.63440704345703;[1]
(cacf);635;12:02:41:281;29.764799118042;68.21112060546875;92.50733184814453;[1]
(cacf);636;12:02:41:530;29.764799118042;68.24163818359375;92.63440704345703;[1]
(cacf);637;12:02:41:778;29.764799118042;68.27215576171875;92.69794464111328;[1]
(cacf);638;12:02:42:28;29.764799118042;68.2950439453125;92.63440704345703;[1]
(cacf);639;12:02:42:278;29.764799118042;68.3865966796875;92.63440704345703;[1]
(cacf);640;12:02:42:527;29.764799118042;68.44000244140625;92.63440704345703;[1]
(cacf);641;12:02:42:775;29.764799118042;68.493408203125;92.63440704345703;[1]
(cacf);642;12:02:43:27;29.764799118042;68.554443359375;92.82502746582031;[1]
(cacf);643;12:02:43:277;29.764799118042;68.60784912109375;92.50733184814453;[1]
(cacf);644;12:02:43:527;29.764799118042;68.6917724609375;92.63440704345703;[1]
(cacf);645;12:02:43:775;29.764799118042;68.7222900390625;92.63440704345703;[1]
(cacf);646;12:02:44:24;29.764799118042;68.77569580078125;92.63440704345703;[1]
(cacf);647;12:02:44:274;29.764799118042;68.80621337890625;92.63440704345703;[1]
(cacf);648;12:02:44:528;29.764799118042;68.83673095703125;92.50733184814453;[1]
(cacf);649;12:02:44:777;29.764799118042;68.859619140625;92.69794464111328;[1]
(cacf);650;12:02:45:30;29.764799118042;68.89013671875;92.69794464111328;[1]
(cacf);651;12:02:45:280;29.764799118042;68.920654296875;92.63440704345703;[1]
(cacf);652;12:02:45:529;29.764799118042;68.97406005859375;92.69794464111328;[1]
(cacf);653;12:02:45:777;29.764799118042;68.97406005859375;92.50733184814453;[1]
(cacf);654;12:02:46:26;29.764799118042;69.00457763671875;92.69794464111328;[1]
(cacf);655;12:02:46:276;29.764799118042;69.00457763671875;92.63440704345703;[1]
(cacf);656;12:02:46:524;29.764799118042;69.0274658203125;92.63440704345703;[1]
(cacf);657;12:02:46:778;29.764799118042;69.0579833984375;92.63440704345703;[1]
(cacf);658;12:02:47:26;29.764799118042;69.11138916015625;92.63440704345703;[1]
(cacf);659;12:02:47:276;29.764799118042;69.17242431640625;92.69794464111328;[1]
(cacf);660;12:02:47:524;29.764799118042;69.225830078125;92.69794464111328;[1]
(cacf);661;12:02:47:774;29.764799118042;69.26397705078125;92.63440704345703;[1]
(cacf);662;12:02:48:22;29.764799118042;69.3173828125;92.63440704345703;[1]
(cacf);663;12:02:48:271;29.764799118042;69.34027099609375;92.69794464111328;[1]
(cacf);664;12:02:48:525;29.82719993591308;69.37078857421875;92.63440704345703;[1]
(cacf);665;12:02:48:774;29.764799118042;69.43182373046875;92.57086944580078;[1]
(cacf);666;12:02:49:22;29.764799118042;69.4547119140625;92.50733184814453;[1]
(cacf);667;12:02:49:272;29.764799118042;69.47760009765625;92.63440704345703;[1]
(cacf);668;12:02:49:519;29.764799118042;69.5462646484375;92.69794464111328;[1]
(cacf);669;12:02:49:768;29.764799118042;69.53863525390625;92.50733184814453;[1]
(cacf);670;12:02:50:17;29.764799118042;69.59967041015625;92.63440704345703;[1]
(cacf);671;12:02:50:271;29.764799118042;69.5615234375;92.50733184814453;[1]
(cacf);672;12:02:50:520;29.764799118042;69.59967041015625;92.69794464111328;[1]
(cacf);673;12:02:50:769;29.764799118042;69.5615234375;92.63440704345703;[1]
(cacf);674;12:02:51:18;29.82719993591308;69.53863525390625;92.50733184814453;[1]
(cacf);675;12:02:51:267;29.764799118042;69.53863525390625;92.50733184814453;[1]
(cacf);676;12:02:51:516;29.764799118042;69.50811767578125;92.76148986816406;[1]
(cacf);677;12:02:51:766;29.764799118042;69.47760009765625;92.82502746582031;[1]
(cacf);678;12:02:52:21;29.764799118042;69.5157470703125;92.57086944580078;[1]
(cacf);679;12:02:52:267;29.764799118042;69.56915283203125;92.57086944580078;[1]
(cacf);680;12:02:52:516;29.764799118042;69.73699951171875;92.63440704345703;[1]
(cacf);681;12:02:52:765;29.764799118042;69.84381103515625;92.63440704345703;[1]
(cacf);682;12:02:53:14;29.764799118042;70.080322265625;92.82502746582031;[1]
(cacf);683;12:02:53:263;29.82719993591308;70.2176513671875;92.82502746582031;[1]
(cacf);684;12:02:53:512;29.82719993591308;70.385498046875;92.57086944580078;[1]
(cacf);685;12:02:53:766;29.764799118042;70.49993896484375;92.69794464111328;[1]
(cacf);686;12:02:54:16;29.764799118042;70.6143798828125;92.63440704345703;[1]
(cacf);687;12:02:54:265;29.764799118042;70.690673828125;92.63440704345703;[1]
(cacf);688;12:02:54:513;29.764799118042;70.7822265625;92.69794464111328;[1]
(cacf);689;12:02:54:763;29.82719993591308;70.83563232421875;92.69794464111328;[1]
(cacf);690;12:02:55:11;29.764799118042;70.9195556640625;92.63440704345703;[1]
(cacf);691;12:02:55:260;29.764799118042;70.9500732421875;92.82502746582031;[1]
(cacf);692;12:02:55:509;29.82719993591308;70.9805908203125;92.50733184814453;[1]
(cacf);693;12:02:55:763;29.82719993591308;70.94244384765625;92.63440704345703;[1]
(cacf);694;12:02:56:12;29.764799118042;71.0111083984375;92.82502746582031;[1]
(cacf);695;12:02:56:261;29.764799118042;71.0111083984375;92.69794464111328;[1]
(cacf);696;12:02:56:511;29.764799118042;71.0111083984375;92.76148986816406;[1]
(cacf);697;12:02:56:758;29.82719993591308;71.0111083984375;92.63440704345703;[1]
(cacf);698;12:02:57:3;29.764799118042;71.0111083984375;92.69794464111328;[1]
(cacf);699;12:02:57:247;29.82719993591308;71.0111083984375;92.69794464111328;[1]
(cacf);700;12:02:57:497;29.82719993591308;70.9805908203125;92.50733184814453;[1]
(cacf);701;12:02:57:744;29.764799118042;70.9805908203125;92.69794464111328;[1]
(cacf);702;12:02:57:993;29.82719993591308;70.9805908203125;92.69794464111328;[1]
(cacf);703;12:02:58:242;29.764799118042;70.9500732421875;92.63440704345703;[1]
(cacf);704;12:02:58:492;29.82719993591308;70.9195556640625;92.63440704345703;[1]
(cacf);705;12:02:58:742;29.764799118042;70.86614990234375;92.57086944580078;[1]
(cacf);706;12:02:58:989;29.764799118042;70.86614990234375;92.63440704345703;[1]
(cacf);707;12:02:59:244;29.764799118042;70.83563232421875;92.69794464111328;[1]
(cacf);708;12:02:59:492;29.764799118042;70.812744140625;92.69794464111328;[1]
(cacf);709;12:02:59:742;29.82719993591308;70.7822265625;92.57086944580078;[1]
(cacf);710;12:02:59:990;29.82719993591308;70.751708984375;92.63440704345703;[1]
(cacf);711;12:03:00:240;29.764799118042;70.72882080078125;92.76148986816406;[1]
(cacf);712;12:03:00:488;29.764799118042;70.69830322265625;92.63440704345703;[1]
(cacf);713;12:03:00:737;29.764799118042;70.66778564453125;92.69794464111328;[1]
(cacf);714;12:03:00:991;29.764799118042;70.6143798828125;92.63440704345703;[1]
(cacf);715;12:03:01:239;29.764799118042;70.56097412109375;92.69794464111328;[1]
(cacf);716;12:03:01:488;29.82719993591308;70.49993896484375;92.57086944580078;[1]
(cacf);717;12:03:01:737;29.764799118042;70.46942138671875;92.69794464111328;[1]
(cacf);718;12:03:01:986;29.764799118042;70.416015625;92.50733184814453;[1]
(cacf);719;12:03:02:229;29.82719993591308;70.385498046875;92.63440704345703;[1]
(cacf);720;12:03:02:479;29.82719993591308;70.33209228515625;92.69794464111328;[1]
(cacf);721;12:03:02:734;29.764799118042;70.30157470703125;92.69794464111328;[1]
(cacf);722;12:03:02:984;29.82719993591308;70.27105712890625;92.63440704345703;[1]
(cacf);723;12:03:03:232;29.82719993591308;70.2176513671875;92.63440704345703;[1]
(cacf);724;12:03:03:480;29.82719993591308;70.1871337890625;92.69794464111328;[1]
(cacf);725;12:03:03:730;29.82719993591308;70.16424560546875;92.50733184814453;[1]
(cacf);726;12:03:03:977;29.764799118042;70.13372802734375;92.50733184814453;[1]
(cacf);727;12:03:04:226;29.82719993591308;70.10321044921875;92.63440704345703;[1]
(cacf);728;12:03:04:479;29.82719993591308;70.080322265625;92.69794464111328;[1]
(cacf);729;12:03:04:729;29.82719993591308;70.0498046875;92.63440704345703;[1]
(cacf);730;12:03:04:974;29.82719993591308;70.019287109375;92.69794464111328;[1]
(cacf);731;12:03:05:219;29.764799118042;69.99639892578125;92.63440704345703;[1]
(cacf);732;12:03:05:473;29.82719993591308;69.90484619140625;92.63440704345703;[1]
(cacf);733;12:03:05:721;29.764799118042;69.8819580078125;92.69794464111328;[1]
(cacf);734;12:03:05:969;29.82719993591308;69.8514404296875;92.63440704345703;[1]
(cacf);735;12:03:06:218;29.82719993591308;69.8209228515625;92.69794464111328;[1]
(cacf);736;12:03:06:473;29.764799118042;69.79803466796875;92.69794464111328;[1]
(cacf);737;12:03:06:721;29.82719993591308;69.73699951171875;92.69794464111328;[1]
(cacf);738;12:03:06:970;29.82719993591308;69.714111328125;92.69794464111328;[1]
(cacf);739;12:03:07:219;29.82719993591308;69.68359375;92.69794464111328;[1]
(cacf);740;12:03:07:469;29.82719993591308;69.59967041015625;92.57086944580078;[1]
(cacf);741;12:03:07:718;29.82719993591308;69.56915283203125;92.63440704345703;[1]
(cacf);742;12:03:07:966;29.82719993591308;69.5462646484375;92.63440704345703;[1]
(cacf);743;12:03:08:222;29.82719993591308;69.4852294921875;92.57086944580078;[1]
(cacf);744;12:03:08:475;29.82719993591308;69.4547119140625;92.63440704345703;[1]
(cacf);745;12:03:08:724;29.764799118042;69.43182373046875;92.63440704345703;[1]
(cacf);746;12:03:08:971;29.82719993591308;69.37078857421875;92.69794464111328;[1]
(cacf);747;12:03:09:222;29.82719993591308;69.3173828125;92.63440704345703;[1]
(cacf);748;12:03:09:465;29.82719993591308;69.3173828125;92.63440704345703;[1]
(cacf);749;12:03:09:710;29.82719993591308;69.26397705078125;92.63440704345703;[1]
(cacf);750;12:03:09:964;29.82719993591308;69.26397705078125;92.69794464111328;[1]
(cacf);751;12:03:10:212;29.764799118042;69.26397705078125;92.69794464111328;[1]
(cacf);752;12:03:10:460;29.764799118042;69.23345947265625;92.50733184814453;[1]
(cacf);753;12:03:10:710;29.764799118042;69.20294189453125;92.69794464111328;[1]
(cacf);754;12:03:10:958;29.82719993591308;69.1800537109375;92.63440704345703;[1]
(cacf);755;12:03:11:207;29.764799118042;69.1495361328125;92.69794464111328;[1]
(cacf);756;12:03:11:455;29.764799118042;69.1495361328125;92.69794464111328;[1]
(cacf);757;12:03:11:709;29.764799118042;69.1190185546875;92.69794464111328;[1]
(cacf);758;12:03:11:958;29.764799118042;69.1190185546875;92.63440704345703;[1]
(cacf);759;12:03:12:208;29.82719993591308;69.09613037109375;92.69794464111328;[1]
(cacf);760;12:03:12:457;29.82719993591308;69.09613037109375;92.63440704345703;[1]
(cacf);761;12:03:12:706;29.82719993591308;69.06561279296875;92.63440704345703;[1]
(cacf);762;12:03:12:954;29.82719993591308;69.06561279296875;92.69794464111328;[1]
(cacf);763;12:03:13:203;29.82719993591308;69.03509521484375;92.63440704345703;[1]
(cacf);764;12:03:13:457;29.82719993591308;69.03509521484375;92.63440704345703;[1]
(cacf);765;12:03:13:706;29.82719993591308;69.03509521484375;92.63440704345703;[1]
(cacf);766;12:03:13:956;29.82719993591308;69.00457763671875;92.50733184814453;[1]
(cacf);767;12:03:14:199;29.82719993591308;69.00457763671875;92.63440704345703;[1]
(cacf);768;12:03:14:443;29.82719993591308;69.00457763671875;92.69794464111328;[1]
(cacf);769;12:03:14:686;29.82719993591308;68.951171875;92.63440704345703;[1]
(cacf);770;12:03:14:930;29.82719993591308;68.951171875;92.69794464111328;[1]
(cacf);771;12:03:15:179;29.82719993591308;68.951171875;92.63440704345703;[1]
(cacf);772;12:03:15:424;29.82719993591308;68.920654296875;92.69794464111328;[1]
(cacf);773;12:03:15:672;29.82719993591308;68.920654296875;92.69794464111328;[1]
(cacf);774;12:03:15:921;29.82719993591308;68.920654296875;92.69794464111328;[1]
(cacf);775;12:03:16:171;29.82719993591308;68.920654296875;92.63440704345703;[1]
(cacf);776;12:03:16:418;29.82719993591308;68.920654296875;92.69794464111328;[1]
(cacf);777;12:03:16:668;29.82719993591308;68.89776611328125;92.69794464111328;[1]
(cacf);778;12:03:16:922;29.82719993591308;68.89776611328125;92.69794464111328;[1]
(cacf);779;12:03:17:172;29.764799118042;68.920654296875;92.69794464111328;[1]
(cacf);780;12:03:17:420;29.88959884643554;68.920654296875;92.63440704345703;[1]
(cacf);781;12:03:17:670;29.82719993591308;68.920654296875;92.63440704345703;[1]
(cacf);782;12:03:17:918;29.82719993591308;68.920654296875;92.82502746582031;[1]
(cacf);783;12:03:18:168;29.764799118042;68.920654296875;92.63440704345703;[1]
(cacf);784;12:03:18:416;29.82719993591308;68.920654296875;92.50733184814453;[1]
(cacf);785;12:03:18:669;29.82719993591308;68.920654296875;92.63440704345703;[1]
(cacf);786;12:03:18:919;29.764799118042;68.920654296875;92.63440704345703;[1]
(cacf);787;12:03:19:167;29.82719993591308;68.920654296875;92.57086944580078;[1]
(cacf);788;12:03:19:417;29.82719993591308;68.920654296875;92.50733184814453;[1]
(cacf);789;12:03:19:664;29.764799118042;68.920654296875;92.63440704345703;[1]
(cacf);790;12:03:19:913;29.82719993591308;68.920654296875;92.69794464111328;[1]
(cacf);791;12:03:20:163;29.82719993591308;68.920654296875;92.63440704345703;[1]
(cacf);792;12:03:20:412;29.82719993591308;68.920654296875;92.69794464111328;[1]
(cacf);793;12:03:20:667;29.82719993591308;68.951171875;92.50733184814453;[1]
(cacf);794;12:03:20:920;29.82719993591308;69.00457763671875;92.50733184814453;[1]
(cacf);795;12:03:21:163;29.82719993591308;69.03509521484375;92.82502746582031;[1]
(cacf);796;12:03:21:412;29.82719993591308;69.06561279296875;92.57086944580078;[1]
(cacf);797;12:03:21:661;29.764799118042;69.09613037109375;92.69794464111328;[1]
(cacf);798;12:03:21:910;29.88959884643554;69.09613037109375;92.69794464111328;[1]
(cacf);799;12:03:22:160;29.82719993591308;69.1190185546875;92.69794464111328;[1]
(cacf);800;12:03:22:413;29.82719993591308;69.1190185546875;92.69794464111328;[1]
(cacf);801;12:03:22:663;29.82719993591308;69.1495361328125;92.63440704345703;[1]
(cacf);802;12:03:22:913;29.82719993591308;69.1190185546875;92.63440704345703;[1]
(cacf);803;12:03:23:162;29.82719993591308;69.1495361328125;92.57086944580078;[1]
(cacf);804;12:03:23:410;29.82719993591308;69.1495361328125;92.69794464111328;[1]
(cacf);805;12:03:23:659;29.764799118042;69.1495361328125;92.57086944580078;[1]
(cacf);806;12:03:23:906;29.82719993591308;69.1495361328125;92.63440704345703;[1]
(cacf);807;12:03:24:161;29.82719993591308;69.1495361328125;92.57086944580078;[1]
(cacf);808;12:03:24:410;29.82719993591308;69.1190185546875;92.69794464111328;[1]
(cacf);809;12:03:24:659;29.82719993591308;69.1190185546875;92.63440704345703;[1]
(cacf);810;12:03:24:909;29.764799118042;69.1190185546875;92.50733184814453;[1]
(cacf);811;12:03:25:157;29.82719993591308;69.1190185546875;92.69794464111328;[1]
(cacf);812;12:03:25:406;29.764799118042;69.1190185546875;92.63440704345703;[1]
(cacf);813;12:03:25:654;29.82719993591308;69.1190185546875;92.69794464111328;[1]
(cacf);814;12:03:25:909;29.82719993591308;69.1190185546875;92.57086944580078;[1]
(cacf);815;12:03:26:158;29.82719993591308;69.1190185546875;92.69794464111328;[1]
(cacf);816;12:03:26:412;29.82719993591308;69.1190185546875;92.50733184814453;[1]
(cacf);817;12:03:26:660;29.82719993591308;69.1190185546875;92.50733184814453;[1]
(cacf);818;12:03:26:908;29.82719993591308;69.1495361328125;92.69794464111328;[1]
(cacf);819;12:03:27:158;29.82719993591308;69.1495361328125;92.63440704345703;[1]
(cacf);820;12:03:27:407;29.82719993591308;69.1495361328125;92.63440704345703;[1]
(cacf);821;12:03:27:661;29.82719993591308;69.1800537109375;92.57086944580078;[1]
(cacf);822;12:03:27:911;29.82719993591308;69.20294189453125;92.63440704345703;[1]
(cacf);823;12:03:28:160;29.82719993591308;69.20294189453125;92.69794464111328;[1]
(cacf);824;12:03:28:409;29.82719993591308;69.26397705078125;92.50733184814453;[1]
(cacf);825;12:03:28:657;29.82719993591308;69.26397705078125;92.69794464111328;[1]
(cacf);826;12:03:28:905;29.82719993591308;69.26397705078125;92.57086944580078;[1]
(cacf);827;12:03:29:156;29.82719993591308;69.26397705078125;92.57086944580078;[1]
(cacf);828;12:03:29:410;29.82719993591308;69.26397705078125;92.57086944580078;[1]
(cacf);829;12:03:29:662;29.82719993591308;69.26397705078125;92.63440704345703;[1]
(cacf);830;12:03:29:910;29.82719993591308;69.26397705078125;92.69794464111328;[1]
(cacf);831;12:03:30:160;29.764799118042;69.3173828125;92.69794464111328;[1]
(cacf);832;12:03:30:404;29.82719993591308;69.3173828125;92.69794464111328;[1]
(cacf);833;12:03:30:647;29.82719993591308;69.3173828125;92.57086944580078;[1]
(cacf);834;12:03:30:891;29.82719993591308;69.3173828125;92.69794464111328;[1]
(cacf);835;12:03:31:141;29.82719993591308;69.3173828125;92.50733184814453;[1]
(cacf);836;12:03:31:384;29.82719993591308;69.3173828125;92.69794464111328;[1]
(cacf);837;12:03:31:634;29.82719993591308;69.347900390625;92.50733184814453;[1]
(cacf);838;12:03:31:882;29.82719993591308;69.37078857421875;92.63440704345703;[1]
(cacf);839;12:03:32:133;29.82719993591308;69.40130615234375;92.69794464111328;[1]
(cacf);840;12:03:32:381;29.82719993591308;69.43182373046875;92.50733184814453;[1]
(cacf);841;12:03:32:630;29.82719993591308;69.43182373046875;92.69794464111328;[1]
(cacf);842;12:03:32:878;29.82719993591308;69.4547119140625;92.63440704345703;[1]
(cacf);843;12:03:33:133;29.82719993591308;69.4852294921875;92.69794464111328;[1]
(cacf);844;12:03:33:386;29.82719993591308;69.4852294921875;92.57086944580078;[1]
(cacf);845;12:03:33:634;29.82719993591308;69.5157470703125;92.69794464111328;[1]
(cacf);846;12:03:33:883;29.82719993591308;69.5462646484375;92.57086944580078;[1]
(cacf);847;12:03:34:132;29.82719993591308;69.5462646484375;92.69794464111328;[1]
(cacf);848;12:03:34:381;29.82719993591308;69.5462646484375;92.63440704345703;[1]
(cacf);849;12:03:34:631;29.82719993591308;69.56915283203125;92.57086944580078;[1]
(cacf);850;12:03:34:884;29.82719993591308;69.56915283203125;92.57086944580078;[1]
(cacf);851;12:03:35:134;29.82719993591308;69.59967041015625;92.50733184814453;[1]
(cacf);852;12:03:35:382;29.82719993591308;69.59967041015625;92.69794464111328;[1]
(cacf);853;12:03:35:633;29.82719993591308;69.59967041015625;92.69794464111328;[1]
(cacf);854;12:03:35:886;29.82719993591308;69.59967041015625;92.63440704345703;[1]
(cacf);855;12:03:36:139;29.82719993591308;69.59967041015625;92.63440704345703;[1]
(cacf);856;12:03:36:387;29.82719993591308;69.653076171875;92.63440704345703;[1]
(cacf);857;12:03:36:642;29.82719993591308;69.653076171875;92.69794464111328;[1]
(cacf);858;12:03:36:891;29.82719993591308;69.653076171875;92.57086944580078;[1]
(cacf);859;12:03:37:139;29.82719993591308;69.653076171875;92.69794464111328;[1]
(cacf);860;12:03:37:388;29.82719993591308;69.653076171875;92.69794464111328;[1]
(cacf);861;12:03:37:637;29.88959884643554;69.59967041015625;92.63440704345703;[1]
(cacf);862;12:03:37:886;29.82719993591308;69.59967041015625;92.69794464111328;[1]
(cacf);863;12:03:38:136;29.82719993591308;69.59967041015625;92.63440704345703;[1]
(cacf);864;12:03:38:389;29.82719993591308;69.59967041015625;92.63440704345703;[1]
(cacf);865;12:03:38:639;29.82719993591308;69.59967041015625;92.50733184814453;[1]
(cacf);866;12:03:38:893;29.82719993591308;69.59967041015625;92.57086944580078;[1]
(cacf);867;12:03:39:141;29.82719993591308;69.59967041015625;92.69794464111328;[1]
(cacf);868;12:03:39:390;29.82719993591308;69.59967041015625;92.69794464111328;[1]
(cacf);869;12:03:39:639;29.82719993591308;69.59967041015625;92.63440704345703;[1]
(cacf);870;12:03:39:887;29.82719993591308;69.59967041015625;92.69794464111328;[1]
(cacf);871;12:03:40:141;29.82719993591308;69.56915283203125;92.57086944580078;[1]
(cacf);872;12:03:40:391;29.82719993591308;69.56915283203125;92.57086944580078;[1]
(cacf);873;12:03:40:639;29.82719993591308;69.56915283203125;92.69794464111328;[1]
(cacf);874;12:03:40:888;29.82719993591308;69.56915283203125;92.63440704345703;[1]
(cacf);875;12:03:41:138;29.82719993591308;69.56915283203125;92.69794464111328;[1]
(cacf);876;12:03:41:386;29.82719993591308;69.5462646484375;92.69794464111328;[1]
(cacf);877;12:03:41:635;29.82719993591308;69.5462646484375;92.63440704345703;[1]
(cacf);878;12:03:41:888;29.82719993591308;69.5462646484375;92.63440704345703;[1]
(cacf);879;12:03:42:138;29.82719993591308;69.5157470703125;92.76148986816406;[1]
(cacf);880;12:03:42:388;29.82719993591308;69.5157470703125;92.63440704345703;[1]
(cacf);881;12:03:42:636;29.82719993591308;69.5157470703125;92.63440704345703;[1]
(cacf);882;12:03:42:884;29.82719993591308;69.4852294921875;92.69794464111328;[1]
(cacf);883;12:03:43:134;29.82719993591308;69.4852294921875;92.69794464111328;[1]
(cacf);884;12:03:43:383;29.82719993591308;69.4852294921875;92.57086944580078;[1]
(cacf);885;12:03:43:636;29.82719993591308;69.5462646484375;92.69794464111328;[1]
(cacf);886;12:03:43:885;29.82719993591308;69.56915283203125;92.63440704345703;[1]
(cacf);887;12:03:44:134;29.82719993591308;69.56915283203125;92.69794464111328;[1]
(cacf);888;12:03:44:384;29.82719993591308;69.59967041015625;92.63440704345703;[1]
(cacf);889;12:03:44:638;29.82719993591308;69.653076171875;92.63440704345703;[1]
(cacf);890;12:03:44:887;29.82719993591308;69.653076171875;92.69794464111328;[1]
(cacf);891;12:03:45:130;29.88959884643554;69.653076171875;92.69794464111328;[1]
(cacf);892;12:03:45:384;29.88959884643554;69.653076171875;92.69794464111328;[1]
(cacf);893;12:03:45:634;29.82719993591308;69.653076171875;92.69794464111328;[1]
(cacf);894;12:03:45:882;29.82719993591308;69.653076171875;92.69794464111328;[1]
(cacf);895;12:03:46:131;29.82719993591308;69.59967041015625;92.63440704345703;[1]
(cacf);896;12:03:46:379;29.82719993591308;69.59967041015625;92.82502746582031;[1]
(cacf);897;12:03:46:629;29.82719993591308;69.56915283203125;92.50733184814453;[1]
(cacf);898;12:03:46:882;29.82719993591308;69.56915283203125;92.69794464111328;[1]
(cacf);899;12:03:47:135;29.82719993591308;69.5462646484375;92.63440704345703;[1]
(cacf);900;12:03:47:385;29.82719993591308;69.5462646484375;92.69794464111328;[1]
(cacf);901;12:03:47:635;29.82719993591308;69.5157470703125;92.69794464111328;[0]
