(aaaf);1;12:00:03:59;30.3887996673584;67.73809814453125;92.82502746582031;[1]
(aaaf);1;12:00:03:59;30.3887996673584;67.73809814453125;92.82502746582031;[1]
(aaaf);1;12:00:08:163;30.45119857788085;68.1119384765625;92.82502746582031;[1]
(aaaf);1;12:00:08:163;30.45119857788085;68.1119384765625;92.82502746582031;[1]
(aaaf);1;12:00:08:491;30.45119857788085;68.1119384765625;92.63440704345703;[1]
(aaaf);1;12:00:08:491;30.45119857788085;68.1119384765625;92.63440704345703;[1]
(aaaf);1;12:00:08:818;30.45119857788085;68.1119384765625;92.82502746582031;[1]
(aaaf);1;12:00:08:818;30.45119857788085;68.1119384765625;92.82502746582031;[1]
(aaaf);1;12:00:09:146;30.45119857788085;68.1119384765625;92.69794464111328;[1]
(aaaf);1;12:00:09:146;30.45119857788085;68.1119384765625;92.69794464111328;[1]
(aaaf);1;12:00:09:474;30.45119857788085;68.1119384765625;92.82502746582031;[1]
(aaaf);1;12:00:09:474;30.45119857788085;68.1119384765625;92.82502746582031;[1]
(aaaf);1;12:00:09:801;30.3887996673584;68.0814208984375;92.69794464111328;[1]
(aaaf);1;12:00:09:801;30.3887996673584;68.0814208984375;92.69794464111328;[1]
(aaaf);1;12:00:10:125;30.3887996673584;68.0814208984375;92.82502746582031;[1]
(aaaf);1;12:00:10:125;30.3887996673584;68.0814208984375;92.82502746582031;[1]
(aaaf);1;12:00:10:453;30.45119857788085;68.0509033203125;92.69794464111328;[1]
(aaaf);1;12:00:10:453;30.45119857788085;68.0509033203125;92.69794464111328;[1]
(aaaf);1;12:00:10:781;30.45119857788085;68.0509033203125;92.69794464111328;[1]
(aaaf);1;12:00:10:781;30.45119857788085;68.0509033203125;92.69794464111328;[1]
(aaaf);1;12:00:11:109;30.45119857788085;68.0203857421875;92.82502746582031;[1]
(aaaf);1;12:00:11:109;30.45119857788085;68.0203857421875;92.82502746582031;[1]
(aaaf);1;12:00:11:430;30.3887996673584;68.0203857421875;92.69794464111328;[1]
(aaaf);1;12:00:11:430;30.3887996673584;68.0203857421875;92.69794464111328;[1]
(aaaf);1;12:00:11:758;30.45119857788085;67.99749755859375;92.69794464111328;[1]
(aaaf);1;12:00:11:758;30.45119857788085;67.99749755859375;92.69794464111328;[1]
(aaaf);1;12:00:12:86;30.3887996673584;67.96697998046875;92.63440704345703;[1]
(aaaf);1;12:00:12:86;30.3887996673584;67.96697998046875;92.63440704345703;[1]
(aaaf);1;12:00:12:414;30.3887996673584;67.96697998046875;92.69794464111328;[1]
(aaaf);1;12:00:12:414;30.3887996673584;67.96697998046875;92.69794464111328;[1]
(aaaf);1;12:00:12:741;30.3887996673584;67.96697998046875;92.69794464111328;[1]
(aaaf);1;12:00:12:741;30.3887996673584;67.96697998046875;92.69794464111328;[1]
(aaaf);1;12:00:13:69;30.3887996673584;67.93646240234375;92.69794464111328;[1]
(aaaf);1;12:00:13:69;30.3887996673584;67.93646240234375;92.69794464111328;[1]
(aaaf);1;12:00:13:397;30.3887996673584;67.93646240234375;92.82502746582031;[1]
(aaaf);1;12:00:13:397;30.3887996673584;67.93646240234375;92.82502746582031;[1]
(aaaf);1;12:00:13:725;30.3887996673584;67.91357421875;92.82502746582031;[1]
(aaaf);1;12:00:13:725;30.3887996673584;67.91357421875;92.82502746582031;[1]
(aaaf);1;12:00:14:53;30.45119857788085;67.91357421875;92.69794464111328;[1]
(aaaf);1;12:00:14:53;30.45119857788085;67.91357421875;92.69794464111328;[1]
(aaaf);1;12:00:14:381;30.45119857788085;67.8525390625;92.69794464111328;[1]
(aaaf);1;12:00:14:381;30.45119857788085;67.8525390625;92.69794464111328;[1]
(aaaf);1;12:00:14:708;30.3887996673584;67.82965087890625;92.69794464111328;[1]
(aaaf);1;12:00:14:708;30.3887996673584;67.82965087890625;92.69794464111328;[1]
(aaaf);1;12:00:15:36;30.45119857788085;67.82965087890625;92.82502746582031;[1]
(aaaf);1;12:00:15:36;30.45119857788085;67.82965087890625;92.82502746582031;[1]
(aaaf);1;12:00:15:364;30.45119857788085;67.79913330078125;92.69794464111328;[1]
(aaaf);1;12:00:15:364;30.45119857788085;67.79913330078125;92.69794464111328;[1]
(aaaf);1;12:00:15:692;30.3887996673584;67.76861572265625;92.63440704345703;[1]
(aaaf);1;12:00:15:692;30.3887996673584;67.76861572265625;92.63440704345703;[1]
(aaaf);1;12:00:16:20;30.3887996673584;67.73809814453125;92.82502746582031;[1]
(aaaf);1;12:00:16:20;30.3887996673584;67.73809814453125;92.82502746582031;[1]
(aaaf);1;12:00:16:348;30.3887996673584;67.73809814453125;92.82502746582031;[1]
(aaaf);1;12:00:16:348;30.3887996673584;67.73809814453125;92.82502746582031;[1]
(aaaf);1;12:00:16:676;30.45119857788085;67.7152099609375;92.82502746582031;[1]
(aaaf);1;12:00:16:676;30.45119857788085;67.7152099609375;92.82502746582031;[1]
(aaaf);1;12:00:17:4;30.3887996673584;67.6846923828125;92.69794464111328;[1]
(aaaf);1;12:00:17:4;30.3887996673584;67.6846923828125;92.69794464111328;[1]
(aaaf);1;12:00:17:331;30.3887996673584;67.6846923828125;92.82502746582031;[1]
(aaaf);1;12:00:17:331;30.3887996673584;67.6846923828125;92.82502746582031;[1]
(aaaf);1;12:00:17:659;30.3887996673584;67.6541748046875;92.69794464111328;[1]
(aaaf);1;12:00:17:659;30.3887996673584;67.6541748046875;92.69794464111328;[1]
(aaaf);1;12:00:17:986;30.3887996673584;67.63128662109375;92.82502746582031;[1]
(aaaf);1;12:00:17:986;30.3887996673584;67.63128662109375;92.82502746582031;[1]
(aaaf);1;12:00:18:313;30.45119857788085;67.57025146484375;92.69794464111328;[1]
(aaaf);1;12:00:18:313;30.45119857788085;67.57025146484375;92.69794464111328;[1]
(aaaf);1;12:00:18:641;30.3887996673584;67.516845703125;92.82502746582031;[1]
(aaaf);1;12:00:18:641;30.3887996673584;67.516845703125;92.82502746582031;[1]
(aaaf);1;12:00:18:969;30.3887996673584;67.486328125;92.82502746582031;[1]
(aaaf);1;12:00:18:969;30.3887996673584;67.486328125;92.82502746582031;[1]
(aaaf);1;12:00:19:297;30.45119857788085;67.455810546875;92.82502746582031;[1]
(aaaf);1;12:00:19:297;30.45119857788085;67.455810546875;92.82502746582031;[1]
(aaaf);1;12:00:19:625;30.3887996673584;67.455810546875;92.82502746582031;[1]
(aaaf);1;12:00:19:625;30.3887996673584;67.455810546875;92.82502746582031;[1]
(aaaf);1;12:00:19:952;30.45119857788085;67.43292236328125;92.69794464111328;[1]
(aaaf);1;12:00:19:952;30.45119857788085;67.43292236328125;92.69794464111328;[1]
(aaaf);1;12:00:20:280;30.45119857788085;67.40240478515625;92.69794464111328;[1]
(aaaf);1;12:00:20:280;30.45119857788085;67.40240478515625;92.69794464111328;[1]
(aaaf);1;12:00:20:608;30.3887996673584;67.37188720703125;92.69794464111328;[1]
(aaaf);1;12:00:20:608;30.3887996673584;67.37188720703125;92.69794464111328;[1]
(aaaf);1;12:00:20:936;30.45119857788085;67.37188720703125;92.69794464111328;[1]
(aaaf);1;12:00:20:936;30.45119857788085;67.37188720703125;92.69794464111328;[1]
(aaaf);1;12:00:21:264;30.3887996673584;67.3489990234375;92.69794464111328;[1]
(aaaf);1;12:00:21:264;30.3887996673584;67.3489990234375;92.69794464111328;[1]
(aaaf);1;12:00:21:592;30.3887996673584;67.3489990234375;92.69794464111328;[1]
(aaaf);1;12:00:21:592;30.3887996673584;67.3489990234375;92.69794464111328;[1]
(aaaf);1;12:00:21:920;30.3887996673584;67.3184814453125;92.69794464111328;[1]
(aaaf);1;12:00:21:920;30.3887996673584;67.3184814453125;92.69794464111328;[1]
(aaaf);1;12:00:22:248;30.3887996673584;67.3184814453125;92.82502746582031;[1]
(aaaf);1;12:00:22:248;30.3887996673584;67.3184814453125;92.82502746582031;[1]
(aaaf);1;12:00:22:575;30.3887996673584;67.3184814453125;92.82502746582031;[1]
(aaaf);1;12:00:22:575;30.3887996673584;67.3184814453125;92.82502746582031;[1]
(aaaf);1;12:00:22:903;30.3887996673584;67.3184814453125;92.69794464111328;[1]
(aaaf);1;12:00:22:903;30.3887996673584;67.3184814453125;92.69794464111328;[1]
(aaaf);1;12:00:23:231;30.3887996673584;67.2879638671875;92.82502746582031;[1]
(aaaf);1;12:00:23:231;30.3887996673584;67.2879638671875;92.82502746582031;[1]
(aaaf);1;12:00:23:559;30.3887996673584;67.2879638671875;92.69794464111328;[1]
(aaaf);1;12:00:23:559;30.3887996673584;67.2879638671875;92.69794464111328;[1]
(aaaf);1;12:00:23:887;30.3887996673584;67.2879638671875;92.82502746582031;[1]
(aaaf);1;12:00:23:887;30.3887996673584;67.2879638671875;92.82502746582031;[1]
(aaaf);1;12:00:24:215;30.3887996673584;67.2879638671875;92.69794464111328;[1]
(aaaf);1;12:00:24:215;30.3887996673584;67.2879638671875;92.69794464111328;[1]
(aaaf);1;12:00:24:543;30.3887996673584;67.2879638671875;92.76148986816406;[1]
(aaaf);1;12:00:24:543;30.3887996673584;67.2879638671875;92.76148986816406;[1]
(aaaf);1;12:00:24:870;30.45119857788085;67.26507568359375;92.76148986816406;[1]
(aaaf);1;12:00:24:870;30.45119857788085;67.26507568359375;92.76148986816406;[1]
(aaaf);1;12:00:25:198;30.3887996673584;67.26507568359375;92.69794464111328;[1]
(aaaf);1;12:00:25:198;30.3887996673584;67.26507568359375;92.69794464111328;[1]
(aaaf);1;12:00:25:526;30.45119857788085;67.26507568359375;92.69794464111328;[1]
(aaaf);1;12:00:25:526;30.45119857788085;67.26507568359375;92.69794464111328;[1]
(aaaf);1;12:00:25:854;30.3887996673584;67.26507568359375;92.69794464111328;[1]
(aaaf);1;12:00:25:854;30.3887996673584;67.26507568359375;92.69794464111328;[1]
(aaaf);1;12:00:26:182;30.3887996673584;67.20404052734375;92.69794464111328;[1]
(aaaf);1;12:00:26:182;30.3887996673584;67.20404052734375;92.69794464111328;[1]
(aaaf);1;12:00:26:510;30.3887996673584;67.20404052734375;92.69794464111328;[1]
(aaaf);1;12:00:26:510;30.3887996673584;67.20404052734375;92.69794464111328;[1]
(aaaf);1;12:00:26:838;30.3887996673584;67.20404052734375;92.76148986816406;[1]
(aaaf);1;12:00:26:838;30.3887996673584;67.20404052734375;92.76148986816406;[1]
(aaaf);1;12:00:27:166;30.3887996673584;67.18115234375;92.63440704345703;[1]
(aaaf);1;12:00:27:166;30.3887996673584;67.18115234375;92.63440704345703;[1]
(aaaf);1;12:00:27:493;30.3887996673584;67.18115234375;92.69794464111328;[1]
(aaaf);1;12:00:27:493;30.3887996673584;67.18115234375;92.69794464111328;[1]
(aaaf);1;12:00:27:819;30.3887996673584;67.150634765625;92.82502746582031;[1]
(aaaf);1;12:00:27:819;30.3887996673584;67.150634765625;92.82502746582031;[1]
(aaaf);1;12:00:28:142;30.3887996673584;67.11248779296875;92.82502746582031;[1]
(aaaf);1;12:00:28:142;30.3887996673584;67.11248779296875;92.82502746582031;[1]
(aaaf);1;12:00:28:470;30.3887996673584;67.1201171875;92.76148986816406;[1]
(aaaf);1;12:00:28:470;30.3887996673584;67.1201171875;92.76148986816406;[1]
(aaaf);1;12:00:28:798;30.3887996673584;67.089599609375;92.69794464111328;[1]
(aaaf);1;12:00:28:798;30.3887996673584;67.089599609375;92.69794464111328;[1]
(aaaf);1;12:00:29:125;30.45119857788085;67.09722900390625;92.82502746582031;[1]
(aaaf);1;12:00:29:125;30.45119857788085;67.09722900390625;92.82502746582031;[1]
(aaaf);1;12:00:29:453;30.3887996673584;67.05908203125;92.69794464111328;[1]
(aaaf);1;12:00:29:453;30.3887996673584;67.05908203125;92.69794464111328;[1]
(aaaf);1;12:00:29:776;30.3887996673584;67.09722900390625;92.82502746582031;[1]
(aaaf);1;12:00:29:776;30.3887996673584;67.09722900390625;92.82502746582031;[1]
(aaaf);1;12:00:30:104;30.3887996673584;67.09722900390625;92.82502746582031;[1]
(aaaf);1;12:00:30:104;30.3887996673584;67.09722900390625;92.82502746582031;[1]
(aaaf);1;12:00:30:432;30.3887996673584;67.09722900390625;92.63440704345703;[1]
(aaaf);1;12:00:30:432;30.3887996673584;67.09722900390625;92.63440704345703;[1]
(aaaf);1;12:00:30:760;30.3887996673584;67.05908203125;92.82502746582031;[1]
(aaaf);1;12:00:30:760;30.3887996673584;67.05908203125;92.82502746582031;[1]
(aaaf);1;12:00:31:88;30.3887996673584;67.09722900390625;92.69794464111328;[1]
(aaaf);1;12:00:31:88;30.3887996673584;67.09722900390625;92.69794464111328;[1]
(aaaf);1;12:00:31:416;30.3887996673584;67.05908203125;92.82502746582031;[1]
(aaaf);1;12:00:31:416;30.3887996673584;67.05908203125;92.82502746582031;[1]
(aaaf);1;12:00:31:738;30.3887996673584;67.089599609375;92.69794464111328;[1]
(aaaf);1;12:00:31:738;30.3887996673584;67.089599609375;92.69794464111328;[1]
(aaaf);1;12:00:32:66;30.3887996673584;67.14300537109375;92.69794464111328;[1]
(aaaf);1;12:00:32:66;30.3887996673584;67.14300537109375;92.69794464111328;[1]
(aaaf);1;12:00:32:394;30.3887996673584;67.26507568359375;92.63440704345703;[1]
(aaaf);1;12:00:32:394;30.3887996673584;67.26507568359375;92.63440704345703;[1]
(aaaf);1;12:00:32:722;30.3887996673584;67.3184814453125;92.76148986816406;[1]
(aaaf);1;12:00:32:722;30.3887996673584;67.3184814453125;92.76148986816406;[1]
(aaaf);1;12:00:33:50;30.3887996673584;67.31085205078125;92.82502746582031;[1]
(aaaf);1;12:00:33:50;30.3887996673584;67.31085205078125;92.82502746582031;[1]
(aaaf);1;12:00:33:377;30.3887996673584;67.37188720703125;92.82502746582031;[1]
(aaaf);1;12:00:33:377;30.3887996673584;67.37188720703125;92.82502746582031;[1]
(aaaf);1;12:00:33:705;30.3887996673584;67.42529296875;92.76148986816406;[1]
(aaaf);1;12:00:33:705;30.3887996673584;67.42529296875;92.76148986816406;[1]
(aaaf);1;12:00:34:33;30.3887996673584;67.455810546875;92.69794464111328;[1]
(aaaf);1;12:00:34:33;30.3887996673584;67.455810546875;92.69794464111328;[1]
(aaaf);1;12:00:34:361;30.45119857788085;67.42529296875;92.69794464111328;[1]
(aaaf);1;12:00:34:361;30.45119857788085;67.42529296875;92.69794464111328;[1]
(aaaf);1;12:00:34:689;30.3887996673584;67.455810546875;92.69794464111328;[1]
(aaaf);1;12:00:34:689;30.3887996673584;67.455810546875;92.69794464111328;[1]
(aaaf);1;12:00:35:16;30.45119857788085;67.516845703125;92.76148986816406;[1]
(aaaf);1;12:00:35:16;30.45119857788085;67.516845703125;92.76148986816406;[1]
(aaaf);1;12:00:35:344;30.3887996673584;67.47869873046875;92.69794464111328;[1]
(aaaf);1;12:00:35:344;30.3887996673584;67.47869873046875;92.69794464111328;[1]
(aaaf);1;12:00:35:672;30.3887996673584;67.53973388671875;92.76148986816406;[1]
(aaaf);1;12:00:35:672;30.3887996673584;67.53973388671875;92.76148986816406;[1]
(aaaf);1;12:00:35:998;30.3887996673584;67.53973388671875;92.82502746582031;[1]
(aaaf);1;12:00:35:998;30.3887996673584;67.53973388671875;92.82502746582031;[1]
(aaaf);1;12:00:36:326;30.3887996673584;67.5626220703125;92.76148986816406;[1]
(aaaf);1;12:00:36:326;30.3887996673584;67.5626220703125;92.76148986816406;[1]
(aaaf);1;12:00:36:654;30.3887996673584;67.6236572265625;92.82502746582031;[1]
(aaaf);1;12:00:36:654;30.3887996673584;67.6236572265625;92.82502746582031;[1]
(aaaf);1;12:00:36:982;30.3887996673584;67.64654541015625;92.63440704345703;[1]
(aaaf);1;12:00:36:982;30.3887996673584;67.64654541015625;92.63440704345703;[1]
(aaaf);1;12:00:37:310;30.3887996673584;67.67706298828125;92.69794464111328;[1]
(aaaf);1;12:00:37:310;30.3887996673584;67.67706298828125;92.69794464111328;[1]
(aaaf);1;12:00:37:638;30.3887996673584;67.70758056640625;92.69794464111328;[1]
(aaaf);1;12:00:37:638;30.3887996673584;67.70758056640625;92.69794464111328;[1]
(aaaf);1;12:00:37:966;30.45119857788085;67.70758056640625;92.69794464111328;[1]
(aaaf);1;12:00:37:966;30.45119857788085;67.70758056640625;92.69794464111328;[1]
(aaaf);1;12:00:38:294;30.3887996673584;67.70758056640625;92.82502746582031;[1]
(aaaf);1;12:00:38:294;30.3887996673584;67.70758056640625;92.82502746582031;[1]
(aaaf);1;12:00:38:622;30.3887996673584;67.67706298828125;92.82502746582031;[1]
(aaaf);1;12:00:38:622;30.3887996673584;67.67706298828125;92.82502746582031;[1]
(aaaf);1;12:00:38:950;30.3887996673584;67.67706298828125;92.82502746582031;[1]
(aaaf);1;12:00:38:950;30.3887996673584;67.67706298828125;92.82502746582031;[1]
(aaaf);1;12:00:39:277;30.3887996673584;67.67706298828125;92.82502746582031;[1]
(aaaf);1;12:00:39:277;30.3887996673584;67.67706298828125;92.82502746582031;[1]
(aaaf);1;12:00:39:605;30.45119857788085;67.67706298828125;92.69794464111328;[1]
(aaaf);1;12:00:39:605;30.45119857788085;67.67706298828125;92.69794464111328;[1]
(aaaf);1;12:00:39:933;30.3263988494873;67.64654541015625;92.82502746582031;[1]
(aaaf);1;12:00:39:933;30.3263988494873;67.64654541015625;92.82502746582031;[1]
(aaaf);1;12:00:40:261;30.3887996673584;67.67706298828125;92.82502746582031;[1]
(aaaf);1;12:00:40:261;30.3887996673584;67.67706298828125;92.82502746582031;[1]
(aaaf);1;12:00:40:589;30.3887996673584;67.67706298828125;92.76148986816406;[1]
(aaaf);1;12:00:40:589;30.3887996673584;67.67706298828125;92.76148986816406;[1]
(aaaf);1;12:00:40:917;30.3887996673584;67.67706298828125;92.69794464111328;[1]
(aaaf);1;12:00:40:917;30.3887996673584;67.67706298828125;92.69794464111328;[1]
(aaaf);1;12:00:41:245;30.3887996673584;67.67706298828125;92.82502746582031;[1]
(aaaf);1;12:00:41:245;30.3887996673584;67.67706298828125;92.82502746582031;[1]
(aaaf);1;12:00:41:573;30.3887996673584;67.67706298828125;92.76148986816406;[1]
(aaaf);1;12:00:41:573;30.3887996673584;67.67706298828125;92.76148986816406;[1]
(aaaf);1;12:00:41:901;30.3887996673584;67.67706298828125;92.69794464111328;[1]
(aaaf);1;12:00:41:901;30.3887996673584;67.67706298828125;92.69794464111328;[1]
(aaaf);1;12:00:42:229;30.3887996673584;67.67706298828125;92.82502746582031;[1]
(aaaf);1;12:00:42:229;30.3887996673584;67.67706298828125;92.82502746582031;[1]
(aaaf);1;12:00:42:557;30.3887996673584;67.67706298828125;92.76148986816406;[1]
(aaaf);1;12:00:42:557;30.3887996673584;67.67706298828125;92.76148986816406;[1]
(aaaf);1;12:00:42:885;30.3887996673584;67.67706298828125;92.63440704345703;[1]
(aaaf);1;12:00:42:885;30.3887996673584;67.67706298828125;92.63440704345703;[1]
(aaaf);1;12:00:43:212;30.3887996673584;67.64654541015625;92.82502746582031;[1]
(aaaf);1;12:00:43:212;30.3887996673584;67.64654541015625;92.82502746582031;[1]
(aaaf);1;12:00:43:540;30.3887996673584;67.64654541015625;92.82502746582031;[1]
(aaaf);1;12:00:43:540;30.3887996673584;67.64654541015625;92.82502746582031;[1]
(aaaf);1;12:00:43:868;30.3887996673584;67.64654541015625;92.82502746582031;[1]
(aaaf);1;12:00:43:868;30.3887996673584;67.64654541015625;92.82502746582031;[1]
(aaaf);1;12:00:44:196;30.3887996673584;67.64654541015625;92.69794464111328;[1]
(aaaf);1;12:00:44:196;30.3887996673584;67.64654541015625;92.69794464111328;[1]
(aaaf);1;12:00:44:524;30.3887996673584;67.64654541015625;92.82502746582031;[1]
(aaaf);1;12:00:44:524;30.3887996673584;67.64654541015625;92.82502746582031;[1]
(aaaf);1;12:00:44:852;30.3887996673584;67.64654541015625;92.82502746582031;[1]
(aaaf);1;12:00:44:852;30.3887996673584;67.64654541015625;92.82502746582031;[1]
(aaaf);1;12:00:45:180;30.3887996673584;67.6236572265625;92.69794464111328;[1]
(aaaf);1;12:00:45:180;30.3887996673584;67.6236572265625;92.69794464111328;[1]
(aaaf);1;12:00:45:508;30.3887996673584;67.5931396484375;92.69794464111328;[1]
(aaaf);1;12:00:45:508;30.3887996673584;67.5931396484375;92.69794464111328;[1]
(aaaf);1;12:00:45:836;30.3887996673584;67.5931396484375;92.82502746582031;[1]
(aaaf);1;12:00:45:836;30.3887996673584;67.5931396484375;92.82502746582031;[1]
(aaaf);1;12:00:46:164;30.3887996673584;67.6236572265625;92.82502746582031;[1]
(aaaf);1;12:00:46:164;30.3887996673584;67.6236572265625;92.82502746582031;[1]
(aaaf);1;12:00:46:492;30.3887996673584;67.70758056640625;92.76148986816406;[1]
(aaaf);1;12:00:46:492;30.3887996673584;67.70758056640625;92.76148986816406;[1]
(aaaf);1;12:00:46:820;30.3887996673584;67.79150390625;92.63440704345703;[1]
(aaaf);1;12:00:46:820;30.3887996673584;67.79150390625;92.63440704345703;[1]
(aaaf);1;12:00:47:147;30.3887996673584;67.87542724609375;92.76148986816406;[1]
(aaaf);1;12:00:47:147;30.3887996673584;67.87542724609375;92.76148986816406;[1]
(aaaf);1;12:00:47:475;30.3887996673584;67.93646240234375;92.69794464111328;[1]
(aaaf);1;12:00:47:475;30.3887996673584;67.93646240234375;92.69794464111328;[1]
(aaaf);1;12:00:47:803;30.3887996673584;67.9593505859375;92.69794464111328;[1]
(aaaf);1;12:00:47:803;30.3887996673584;67.9593505859375;92.69794464111328;[1]
(aaaf);1;12:00:48:131;30.3887996673584;67.9898681640625;92.82502746582031;[1]
(aaaf);1;12:00:48:131;30.3887996673584;67.9898681640625;92.82502746582031;[1]
(aaaf);1;12:00:48:459;30.3887996673584;68.0203857421875;92.76148986816406;[1]
(aaaf);1;12:00:48:459;30.3887996673584;68.0203857421875;92.76148986816406;[1]
(aaaf);1;12:00:48:782;30.3887996673584;68.04327392578125;92.82502746582031;[1]
(aaaf);1;12:00:48:782;30.3887996673584;68.04327392578125;92.82502746582031;[1]
(aaaf);1;12:00:49:110;30.3887996673584;68.07379150390625;92.69794464111328;[1]
(aaaf);1;12:00:49:110;30.3887996673584;68.07379150390625;92.69794464111328;[1]
(aaaf);1;12:00:49:437;30.3887996673584;68.188232421875;92.69794464111328;[1]
(aaaf);1;12:00:49:437;30.3887996673584;68.188232421875;92.69794464111328;[1]
(aaaf);1;12:00:49:760;30.3887996673584;68.24163818359375;92.69794464111328;[1]
(aaaf);1;12:00:49:760;30.3887996673584;68.24163818359375;92.69794464111328;[1]
(aaaf);1;12:00:50:88;30.3263988494873;68.30267333984375;92.82502746582031;[1]
(aaaf);1;12:00:50:88;30.3263988494873;68.30267333984375;92.82502746582031;[1]
(aaaf);1;12:00:50:416;30.3887996673584;68.3255615234375;92.69794464111328;[1]
(aaaf);1;12:00:50:416;30.3887996673584;68.3255615234375;92.69794464111328;[1]
(aaaf);1;12:00:50:744;30.3887996673584;68.3865966796875;92.63440704345703;[1]
(aaaf);1;12:00:50:744;30.3887996673584;68.3865966796875;92.63440704345703;[1]
(aaaf);1;12:00:51:72;30.3263988494873;68.40948486328125;92.76148986816406;[1]
(aaaf);1;12:00:51:72;30.3263988494873;68.40948486328125;92.76148986816406;[1]
(aaaf);1;12:00:51:399;30.3887996673584;68.40948486328125;92.69794464111328;[1]
(aaaf);1;12:00:51:399;30.3887996673584;68.40948486328125;92.69794464111328;[1]
(aaaf);1;12:00:51:727;30.3263988494873;68.40948486328125;92.69794464111328;[1]
(aaaf);1;12:00:51:727;30.3263988494873;68.40948486328125;92.69794464111328;[1]
(aaaf);1;12:00:52:55;30.3887996673584;68.40948486328125;92.82502746582031;[1]
(aaaf);1;12:00:52:55;30.3887996673584;68.40948486328125;92.82502746582031;[1]
(aaaf);1;12:00:52:383;30.3887996673584;68.40948486328125;92.76148986816406;[1]
(aaaf);1;12:00:52:383;30.3887996673584;68.40948486328125;92.76148986816406;[1]
(aaaf);1;12:00:52:711;30.3887996673584;68.40948486328125;92.69794464111328;[1]
(aaaf);1;12:00:52:711;30.3887996673584;68.40948486328125;92.69794464111328;[1]
(aaaf);1;12:00:53:39;30.3263988494873;68.3865966796875;92.82502746582031;[1]
(aaaf);1;12:00:53:39;30.3263988494873;68.3865966796875;92.82502746582031;[1]
(aaaf);1;12:00:53:366;30.3887996673584;68.3560791015625;92.63440704345703;[1]
(aaaf);1;12:00:53:366;30.3887996673584;68.3560791015625;92.63440704345703;[1]
(aaaf);1;12:00:53:694;30.3887996673584;68.3560791015625;92.76148986816406;[1]
(aaaf);1;12:00:53:694;30.3887996673584;68.3560791015625;92.76148986816406;[1]
(aaaf);1;12:00:54:22;30.3887996673584;68.3255615234375;92.76148986816406;[1]
(aaaf);1;12:00:54:22;30.3887996673584;68.3255615234375;92.76148986816406;[1]
(aaaf);1;12:00:54:350;30.3887996673584;68.30267333984375;92.82502746582031;[1]
(aaaf);1;12:00:54:350;30.3887996673584;68.30267333984375;92.82502746582031;[1]
(aaaf);1;12:00:54:678;30.3887996673584;68.27215576171875;92.76148986816406;[1]
(aaaf);1;12:00:54:678;30.3887996673584;68.27215576171875;92.76148986816406;[1]
(aaaf);1;12:00:55:6;30.3887996673584;68.27215576171875;92.82502746582031;[1]
(aaaf);1;12:00:55:6;30.3887996673584;68.27215576171875;92.82502746582031;[1]
(aaaf);1;12:00:55:334;30.3887996673584;68.24163818359375;92.69794464111328;[1]
(aaaf);1;12:00:55:334;30.3887996673584;68.24163818359375;92.69794464111328;[1]
(aaaf);1;12:00:55:661;30.3887996673584;68.21112060546875;92.82502746582031;[1]
(aaaf);1;12:00:55:661;30.3887996673584;68.21112060546875;92.82502746582031;[1]
(aaaf);1;12:00:55:989;30.3263988494873;68.21112060546875;92.76148986816406;[1]
(aaaf);1;12:00:55:989;30.3263988494873;68.21112060546875;92.76148986816406;[1]
(aaaf);1;12:00:56:317;30.3887996673584;68.188232421875;92.76148986816406;[1]
(aaaf);1;12:00:56:317;30.3887996673584;68.188232421875;92.76148986816406;[1]
(aaaf);1;12:00:56:645;30.3887996673584;68.188232421875;92.76148986816406;[1]
(aaaf);1;12:00:56:645;30.3887996673584;68.188232421875;92.76148986816406;[1]
(aaaf);1;12:00:56:973;30.3887996673584;68.127197265625;92.63440704345703;[1]
(aaaf);1;12:00:56:973;30.3887996673584;68.127197265625;92.63440704345703;[1]
(aaaf);1;12:00:57:300;30.3263988494873;68.127197265625;92.82502746582031;[1]
(aaaf);1;12:00:57:300;30.3263988494873;68.127197265625;92.82502746582031;[1]
(aaaf);1;12:00:57:623;30.3887996673584;68.10430908203125;92.82502746582031;[1]
(aaaf);1;12:00:57:623;30.3887996673584;68.10430908203125;92.82502746582031;[1]
(aaaf);1;12:00:57:951;30.3887996673584;68.07379150390625;92.63440704345703;[1]
(aaaf);1;12:00:57:951;30.3887996673584;68.07379150390625;92.63440704345703;[1]
(aaaf);1;12:00:58:279;30.3887996673584;68.07379150390625;92.63440704345703;[1]
(aaaf);1;12:00:58:279;30.3887996673584;68.07379150390625;92.63440704345703;[1]
(aaaf);1;12:00:58:607;30.3887996673584;68.07379150390625;92.69794464111328;[1]
(aaaf);1;12:00:58:607;30.3887996673584;68.07379150390625;92.69794464111328;[1]
(aaaf);1;12:00:58:935;30.3887996673584;68.04327392578125;92.82502746582031;[1]
(aaaf);1;12:00:58:935;30.3887996673584;68.04327392578125;92.82502746582031;[1]
(aaaf);1;12:00:59:261;30.3887996673584;68.04327392578125;92.82502746582031;[1]
(aaaf);1;12:00:59:261;30.3887996673584;68.04327392578125;92.82502746582031;[1]
(aaaf);1;12:00:59:591;30.3887996673584;68.0203857421875;92.76148986816406;[1]
(aaaf);1;12:00:59:591;30.3887996673584;68.0203857421875;92.76148986816406;[1]
(aaaf);1;12:00:59:913;30.3887996673584;68.0203857421875;92.82502746582031;[1]
(aaaf);1;12:00:59:913;30.3887996673584;68.0203857421875;92.82502746582031;[1]
(aaaf);1;12:01:00:236;30.3887996673584;67.9898681640625;92.82502746582031;[1]
(aaaf);1;12:01:00:236;30.3887996673584;67.9898681640625;92.82502746582031;[1]
(aaaf);1;12:01:00:564;30.3887996673584;67.9593505859375;92.82502746582031;[1]
(aaaf);1;12:01:00:564;30.3887996673584;67.9593505859375;92.82502746582031;[1]
(aaaf);1;12:01:00:892;30.3263988494873;67.9593505859375;92.82502746582031;[1]
(aaaf);1;12:01:00:892;30.3263988494873;67.9593505859375;92.82502746582031;[1]
(aaaf);1;12:01:01:220;30.3263988494873;67.93646240234375;92.63440704345703;[1]
(aaaf);1;12:01:01:220;30.3263988494873;67.93646240234375;92.63440704345703;[1]
(aaaf);1;12:01:01:547;30.3887996673584;67.93646240234375;92.69794464111328;[1]
(aaaf);1;12:01:01:547;30.3887996673584;67.93646240234375;92.69794464111328;[1]
(aaaf);1;12:01:01:875;30.3887996673584;67.90594482421875;92.82502746582031;[1]
(aaaf);1;12:01:01:875;30.3887996673584;67.90594482421875;92.82502746582031;[1]
(aaaf);1;12:01:02:203;30.3887996673584;67.87542724609375;92.69794464111328;[1]
(aaaf);1;12:01:02:203;30.3887996673584;67.87542724609375;92.69794464111328;[1]
(aaaf);1;12:01:02:531;30.3887996673584;67.87542724609375;92.76148986816406;[1]
(aaaf);1;12:01:02:531;30.3887996673584;67.87542724609375;92.76148986816406;[1]
(aaaf);1;12:01:02:859;30.3887996673584;67.822021484375;92.63440704345703;[1]
(aaaf);1;12:01:02:859;30.3887996673584;67.822021484375;92.63440704345703;[1]
(aaaf);1;12:01:03:187;30.3887996673584;67.822021484375;92.82502746582031;[1]
(aaaf);1;12:01:03:187;30.3887996673584;67.822021484375;92.82502746582031;[1]
(aaaf);1;12:01:03:515;30.3887996673584;67.79150390625;92.69794464111328;[1]
(aaaf);1;12:01:03:515;30.3887996673584;67.79150390625;92.69794464111328;[1]
(aaaf);1;12:01:03:843;30.3887996673584;67.79150390625;92.76148986816406;[1]
(aaaf);1;12:01:03:843;30.3887996673584;67.79150390625;92.76148986816406;[1]
(aaaf);1;12:01:04:170;30.3263988494873;67.79150390625;92.82502746582031;[1]
(aaaf);1;12:01:04:170;30.3263988494873;67.79150390625;92.82502746582031;[1]
(aaaf);1;12:01:04:493;30.3887996673584;67.760986328125;92.82502746582031;[1]
(aaaf);1;12:01:04:493;30.3887996673584;67.760986328125;92.82502746582031;[1]
(aaaf);1;12:01:04:821;30.3887996673584;67.73809814453125;92.82502746582031;[1]
(aaaf);1;12:01:04:821;30.3887996673584;67.73809814453125;92.82502746582031;[1]
(aaaf);1;12:01:05:149;30.3887996673584;67.73809814453125;92.82502746582031;[1]
(aaaf);1;12:01:05:149;30.3887996673584;67.73809814453125;92.82502746582031;[1]
(aaaf);1;12:01:05:477;30.3887996673584;67.73809814453125;92.82502746582031;[1]
(aaaf);1;12:01:05:477;30.3887996673584;67.73809814453125;92.82502746582031;[1]
(aaaf);1;12:01:05:805;30.3887996673584;67.70758056640625;92.82502746582031;[1]
(aaaf);1;12:01:05:805;30.3887996673584;67.70758056640625;92.82502746582031;[1]
(aaaf);1;12:01:06:133;30.3887996673584;67.70758056640625;92.82502746582031;[1]
(aaaf);1;12:01:06:133;30.3887996673584;67.70758056640625;92.82502746582031;[1]
(aaaf);1;12:01:06:461;30.3887996673584;67.70758056640625;92.69794464111328;[1]
(aaaf);1;12:01:06:461;30.3887996673584;67.70758056640625;92.69794464111328;[1]
(aaaf);1;12:01:06:788;30.45119857788085;67.67706298828125;92.82502746582031;[1]
(aaaf);1;12:01:06:788;30.45119857788085;67.67706298828125;92.82502746582031;[1]
(aaaf);1;12:01:07:116;30.3263988494873;67.67706298828125;92.82502746582031;[1]
(aaaf);1;12:01:07:116;30.3263988494873;67.67706298828125;92.82502746582031;[1]
(aaaf);1;12:01:07:444;30.3887996673584;67.67706298828125;92.69794464111328;[1]
(aaaf);1;12:01:07:444;30.3887996673584;67.67706298828125;92.69794464111328;[1]
(aaaf);1;12:01:07:771;30.3887996673584;67.64654541015625;92.69794464111328;[1]
(aaaf);1;12:01:07:771;30.3887996673584;67.64654541015625;92.69794464111328;[1]
(aaaf);1;12:01:08:99;30.3887996673584;67.64654541015625;92.76148986816406;[1]
(aaaf);1;12:01:08:99;30.3887996673584;67.64654541015625;92.76148986816406;[1]
(aaaf);1;12:01:08:427;30.3887996673584;67.6236572265625;92.63440704345703;[1]
(aaaf);1;12:01:08:427;30.3887996673584;67.6236572265625;92.63440704345703;[1]
(aaaf);1;12:01:08:754;30.3887996673584;67.6236572265625;92.82502746582031;[1]
(aaaf);1;12:01:08:754;30.3887996673584;67.6236572265625;92.82502746582031;[1]
(aaaf);1;12:01:09:82;30.3887996673584;67.6236572265625;92.69794464111328;[1]
(aaaf);1;12:01:09:82;30.3887996673584;67.6236572265625;92.69794464111328;[1]
(aaaf);1;12:01:09:410;30.3887996673584;67.6236572265625;92.63440704345703;[1]
(aaaf);1;12:01:09:410;30.3887996673584;67.6236572265625;92.63440704345703;[1]
(aaaf);1;12:01:09:738;30.3887996673584;67.5931396484375;92.76148986816406;[1]
(aaaf);1;12:01:09:738;30.3887996673584;67.5931396484375;92.76148986816406;[1]
(aaaf);1;12:01:10:66;30.3887996673584;67.5931396484375;92.69794464111328;[1]
(aaaf);1;12:01:10:66;30.3887996673584;67.5931396484375;92.69794464111328;[1]
(aaaf);1;12:01:10:394;30.3887996673584;67.5931396484375;92.76148986816406;[1]
(aaaf);1;12:01:10:394;30.3887996673584;67.5931396484375;92.76148986816406;[1]
(aaaf);1;12:01:10:721;30.3887996673584;67.5626220703125;92.69794464111328;[1]
(aaaf);1;12:01:10:721;30.3887996673584;67.5626220703125;92.69794464111328;[1]
(aaaf);1;12:01:11:49;30.3887996673584;67.5626220703125;92.76148986816406;[1]
(aaaf);1;12:01:11:49;30.3887996673584;67.5626220703125;92.76148986816406;[1]
(aaaf);1;12:01:11:377;30.3887996673584;67.5626220703125;92.69794464111328;[1]
(aaaf);1;12:01:11:377;30.3887996673584;67.5626220703125;92.69794464111328;[1]
(aaaf);1;12:01:11:705;30.3887996673584;67.53973388671875;92.69794464111328;[1]
(aaaf);1;12:01:11:705;30.3887996673584;67.53973388671875;92.69794464111328;[1]
(aaaf);1;12:01:12:33;30.3887996673584;67.53973388671875;92.63440704345703;[1]
(aaaf);1;12:01:12:33;30.3887996673584;67.53973388671875;92.63440704345703;[1]
(aaaf);1;12:01:12:361;30.3887996673584;67.53973388671875;92.76148986816406;[1]
(aaaf);1;12:01:12:361;30.3887996673584;67.53973388671875;92.76148986816406;[1]
(aaaf);1;12:01:12:689;30.3887996673584;67.53973388671875;92.82502746582031;[1]
(aaaf);1;12:01:12:689;30.3887996673584;67.53973388671875;92.82502746582031;[1]
(aaaf);1;12:01:13:16;30.3887996673584;67.47869873046875;92.69794464111328;[1]
(aaaf);1;12:01:13:16;30.3887996673584;67.47869873046875;92.69794464111328;[1]
(aaaf);1;12:01:13:344;30.3887996673584;67.47869873046875;92.69794464111328;[1]
(aaaf);1;12:01:13:344;30.3887996673584;67.47869873046875;92.69794464111328;[1]
(aaaf);1;12:01:13:672;30.3887996673584;67.47869873046875;92.82502746582031;[1]
(aaaf);1;12:01:13:672;30.3887996673584;67.47869873046875;92.82502746582031;[1]
(aaaf);1;12:01:14:0;30.3887996673584;67.455810546875;92.76148986816406;[1]
(aaaf);1;12:01:14:0;30.3887996673584;67.455810546875;92.76148986816406;[1]
(aaaf);1;12:01:14:328;30.3887996673584;67.455810546875;92.69794464111328;[1]
(aaaf);1;12:01:14:328;30.3887996673584;67.455810546875;92.69794464111328;[1]
(aaaf);1;12:01:14:656;30.3887996673584;67.42529296875;92.76148986816406;[1]
(aaaf);1;12:01:14:656;30.3887996673584;67.42529296875;92.76148986816406;[1]
(aaaf);1;12:01:14:983;30.3887996673584;67.42529296875;92.76148986816406;[1]
(aaaf);1;12:01:14:983;30.3887996673584;67.42529296875;92.76148986816406;[1]
(aaaf);1;12:01:15:311;30.3887996673584;67.42529296875;92.69794464111328;[1]
(aaaf);1;12:01:15:311;30.3887996673584;67.42529296875;92.69794464111328;[1]
(aaaf);1;12:01:15:639;30.45119857788085;67.42529296875;92.82502746582031;[1]
(aaaf);1;12:01:15:639;30.45119857788085;67.42529296875;92.82502746582031;[1]
(aaaf);1;12:01:15:966;30.3887996673584;67.42529296875;92.69794464111328;[1]
(aaaf);1;12:01:15:966;30.3887996673584;67.42529296875;92.69794464111328;[1]
(aaaf);1;12:01:16:294;30.3887996673584;67.42529296875;92.69794464111328;[1]
(aaaf);1;12:01:16:294;30.3887996673584;67.42529296875;92.69794464111328;[1]
(aaaf);1;12:01:16:622;30.3887996673584;67.42529296875;92.76148986816406;[1]
(aaaf);1;12:01:16:622;30.3887996673584;67.42529296875;92.76148986816406;[1]
(aaaf);1;12:01:16:950;30.3887996673584;67.42529296875;92.82502746582031;[1]
(aaaf);1;12:01:16:950;30.3887996673584;67.42529296875;92.82502746582031;[1]
(aaaf);1;12:01:17:276;30.3887996673584;67.42529296875;92.69794464111328;[1]
(aaaf);1;12:01:17:276;30.3887996673584;67.42529296875;92.69794464111328;[1]
(aaaf);1;12:01:17:604;30.3887996673584;67.42529296875;92.69794464111328;[1]
(aaaf);1;12:01:17:604;30.3887996673584;67.42529296875;92.69794464111328;[1]
(aaaf);1;12:01:17:931;30.45119857788085;67.42529296875;92.76148986816406;[1]
(aaaf);1;12:01:17:931;30.45119857788085;67.42529296875;92.76148986816406;[1]
(aaaf);1;12:01:18:259;30.3887996673584;67.42529296875;92.82502746582031;[1]
(aaaf);1;12:01:18:259;30.3887996673584;67.42529296875;92.82502746582031;[1]
(aaaf);1;12:01:18:587;30.45119857788085;67.42529296875;92.69794464111328;[1]
(aaaf);1;12:01:18:587;30.45119857788085;67.42529296875;92.69794464111328;[1]
(aaaf);1;12:01:18:913;30.3887996673584;67.42529296875;92.69794464111328;[1]
(aaaf);1;12:01:18:913;30.3887996673584;67.42529296875;92.69794464111328;[1]
(aaaf);1;12:01:19:241;30.3887996673584;67.42529296875;92.82502746582031;[1]
(aaaf);1;12:01:19:241;30.3887996673584;67.42529296875;92.82502746582031;[1]
(aaaf);1;12:01:19:568;30.3887996673584;67.42529296875;92.69794464111328;[1]
(aaaf);1;12:01:19:568;30.3887996673584;67.42529296875;92.69794464111328;[1]
(aaaf);1;12:01:19:896;30.3887996673584;67.42529296875;92.82502746582031;[1]
(aaaf);1;12:01:19:896;30.3887996673584;67.42529296875;92.82502746582031;[1]
(aaaf);1;12:01:20:224;30.3887996673584;67.42529296875;92.63440704345703;[1]
(aaaf);1;12:01:20:224;30.3887996673584;67.42529296875;92.63440704345703;[1]
(aaaf);1;12:01:20:552;30.45119857788085;67.42529296875;92.69794464111328;[1]
(aaaf);1;12:01:20:552;30.45119857788085;67.42529296875;92.69794464111328;[1]
(aaaf);1;12:01:20:880;30.3887996673584;67.42529296875;92.63440704345703;[1]
(aaaf);1;12:01:20:880;30.3887996673584;67.42529296875;92.63440704345703;[1]
(aaaf);1;12:01:21:207;30.3887996673584;67.42529296875;92.63440704345703;[1]
(aaaf);1;12:01:21:207;30.3887996673584;67.42529296875;92.63440704345703;[1]
(aaaf);1;12:01:21:535;30.45119857788085;67.42529296875;92.82502746582031;[1]
(aaaf);1;12:01:21:535;30.45119857788085;67.42529296875;92.82502746582031;[1]
(aaaf);1;12:01:21:863;30.3887996673584;67.42529296875;92.69794464111328;[1]
(aaaf);1;12:01:21:863;30.3887996673584;67.42529296875;92.69794464111328;[1]
(aaaf);1;12:01:22:191;30.3887996673584;67.42529296875;92.82502746582031;[1]
(aaaf);1;12:01:22:191;30.3887996673584;67.42529296875;92.82502746582031;[1]
(aaaf);1;12:01:22:518;30.3887996673584;67.42529296875;92.82502746582031;[1]
(aaaf);1;12:01:22:518;30.3887996673584;67.42529296875;92.82502746582031;[1]
(aaaf);1;12:01:22:846;30.3887996673584;67.42529296875;92.69794464111328;[1]
(aaaf);1;12:01:22:846;30.3887996673584;67.42529296875;92.69794464111328;[1]
(aaaf);1;12:01:23:174;30.45119857788085;67.42529296875;92.63440704345703;[1]
(aaaf);1;12:01:23:174;30.45119857788085;67.42529296875;92.63440704345703;[1]
(aaaf);1;12:01:23:501;30.3887996673584;67.42529296875;92.69794464111328;[1]
(aaaf);1;12:01:23:501;30.3887996673584;67.42529296875;92.69794464111328;[1]
(aaaf);1;12:01:23:829;30.3887996673584;67.42529296875;92.69794464111328;[1]
(aaaf);1;12:01:23:829;30.3887996673584;67.42529296875;92.69794464111328;[1]
(aaaf);1;12:01:24:157;30.3887996673584;67.42529296875;92.82502746582031;[1]
(aaaf);1;12:01:24:157;30.3887996673584;67.42529296875;92.82502746582031;[1]
(aaaf);1;12:01:24:485;30.3887996673584;67.42529296875;92.69794464111328;[1]
(aaaf);1;12:01:24:485;30.3887996673584;67.42529296875;92.69794464111328;[1]
(aaaf);1;12:01:24:812;30.3887996673584;67.42529296875;92.69794464111328;[1]
(aaaf);1;12:01:24:812;30.3887996673584;67.42529296875;92.69794464111328;[1]
(aaaf);1;12:01:25:140;30.3887996673584;67.394775390625;92.69794464111328;[1]
(aaaf);1;12:01:25:140;30.3887996673584;67.394775390625;92.69794464111328;[1]
(aaaf);1;12:01:25:468;30.45119857788085;67.37188720703125;92.69794464111328;[1]
(aaaf);1;12:01:25:468;30.45119857788085;67.37188720703125;92.69794464111328;[1]
(aaaf);1;12:01:25:796;30.45119857788085;67.37188720703125;92.82502746582031;[1]
(aaaf);1;12:01:25:796;30.45119857788085;67.37188720703125;92.82502746582031;[1]
(aaaf);1;12:01:26:124;30.3887996673584;67.34136962890625;92.63440704345703;[1]
(aaaf);1;12:01:26:124;30.3887996673584;67.34136962890625;92.63440704345703;[1]
(aaaf);1;12:01:26:452;30.45119857788085;67.34136962890625;92.82502746582031;[1]
(aaaf);1;12:01:26:452;30.45119857788085;67.34136962890625;92.82502746582031;[1]
(aaaf);1;12:01:26:780;30.45119857788085;67.31085205078125;92.82502746582031;[1]
(aaaf);1;12:01:26:780;30.45119857788085;67.31085205078125;92.82502746582031;[1]
(aaaf);1;12:01:27:108;30.45119857788085;67.31085205078125;92.82502746582031;[1]
(aaaf);1;12:01:27:108;30.45119857788085;67.31085205078125;92.82502746582031;[1]
(aaaf);1;12:01:27:436;30.3887996673584;67.31085205078125;92.82502746582031;[1]
(aaaf);1;12:01:27:436;30.3887996673584;67.31085205078125;92.82502746582031;[1]
(aaaf);1;12:01:27:764;30.3887996673584;67.2879638671875;92.82502746582031;[1]
(aaaf);1;12:01:27:764;30.3887996673584;67.2879638671875;92.82502746582031;[1]
(aaaf);1;12:01:28:92;30.3887996673584;67.3184814453125;92.76148986816406;[1]
(aaaf);1;12:01:28:92;30.3887996673584;67.3184814453125;92.76148986816406;[1]
(aaaf);1;12:01:28:419;30.45119857788085;67.2879638671875;92.69794464111328;[1]
(aaaf);1;12:01:28:419;30.45119857788085;67.2879638671875;92.69794464111328;[1]
(aaaf);1;12:01:28:747;30.45119857788085;67.2879638671875;92.69794464111328;[1]
(aaaf);1;12:01:28:747;30.45119857788085;67.2879638671875;92.69794464111328;[1]
(aaaf);1;12:01:29:75;30.45119857788085;67.2879638671875;92.76148986816406;[1]
(aaaf);1;12:01:29:75;30.45119857788085;67.2879638671875;92.76148986816406;[1]
(aaaf);1;12:01:29:403;30.45119857788085;67.2879638671875;92.69794464111328;[1]
(aaaf);1;12:01:29:403;30.45119857788085;67.2879638671875;92.69794464111328;[1]
(aaaf);1;12:01:29:731;30.45119857788085;67.26507568359375;92.69794464111328;[1]
(aaaf);1;12:01:29:731;30.45119857788085;67.26507568359375;92.69794464111328;[1]
(aaaf);1;12:01:30:59;30.45119857788085;67.2269287109375;92.69794464111328;[1]
(aaaf);1;12:01:30:59;30.45119857788085;67.2269287109375;92.69794464111328;[1]
(aaaf);1;12:01:30:387;30.3887996673584;67.2269287109375;92.69794464111328;[1]
(aaaf);1;12:01:30:387;30.3887996673584;67.2269287109375;92.69794464111328;[1]
(aaaf);1;12:01:30:715;30.45119857788085;67.26507568359375;92.69794464111328;[1]
(aaaf);1;12:01:30:715;30.45119857788085;67.26507568359375;92.69794464111328;[1]
(aaaf);1;12:01:31:43;30.3887996673584;67.2269287109375;92.82502746582031;[1]
(aaaf);1;12:01:31:43;30.3887996673584;67.2269287109375;92.82502746582031;[1]
(aaaf);1;12:01:31:371;30.3887996673584;67.2269287109375;92.69794464111328;[1]
(aaaf);1;12:01:31:371;30.3887996673584;67.2269287109375;92.69794464111328;[1]
(aaaf);1;12:01:31:699;30.3887996673584;67.2879638671875;92.69794464111328;[1]
(aaaf);1;12:01:31:699;30.3887996673584;67.2879638671875;92.69794464111328;[1]
(aaaf);1;12:01:32:27;30.45119857788085;67.2574462890625;92.69794464111328;[1]
(aaaf);1;12:01:32:27;30.45119857788085;67.2574462890625;92.69794464111328;[1]
(aaaf);1;12:01:32:355;30.45119857788085;67.2574462890625;92.69794464111328;[1]
(aaaf);1;12:01:32:355;30.45119857788085;67.2574462890625;92.69794464111328;[1]
(aaaf);1;12:01:32:682;30.3887996673584;67.2879638671875;92.82502746582031;[1]
(aaaf);1;12:01:32:682;30.3887996673584;67.2879638671875;92.82502746582031;[1]
(aaaf);1;12:01:33:10;30.3887996673584;67.3184814453125;92.69794464111328;[1]
(aaaf);1;12:01:33:10;30.3887996673584;67.3184814453125;92.69794464111328;[1]
(aaaf);1;12:01:33:338;30.45119857788085;67.3489990234375;92.82502746582031;[1]
(aaaf);1;12:01:33:338;30.45119857788085;67.3489990234375;92.82502746582031;[1]
(aaaf);1;12:01:33:666;30.3887996673584;67.37188720703125;92.82502746582031;[1]
(aaaf);1;12:01:33:666;30.3887996673584;67.37188720703125;92.82502746582031;[1]
(aaaf);1;12:01:33:994;30.45119857788085;67.40240478515625;92.82502746582031;[1]
(aaaf);1;12:01:33:994;30.45119857788085;67.40240478515625;92.82502746582031;[1]
(aaaf);1;12:01:34:322;30.3887996673584;67.455810546875;92.76148986816406;[1]
(aaaf);1;12:01:34:322;30.3887996673584;67.455810546875;92.76148986816406;[1]
(aaaf);1;12:01:34:650;30.45119857788085;67.455810546875;92.82502746582031;[1]
(aaaf);1;12:01:34:650;30.45119857788085;67.455810546875;92.82502746582031;[1]
(aaaf);1;12:01:34:978;30.45119857788085;67.516845703125;92.69794464111328;[1]
(aaaf);1;12:01:34:978;30.45119857788085;67.516845703125;92.69794464111328;[1]
(aaaf);1;12:01:35:306;30.45119857788085;67.57025146484375;92.82502746582031;[1]
(aaaf);1;12:01:35:306;30.45119857788085;67.57025146484375;92.82502746582031;[1]
(aaaf);1;12:01:35:634;30.45119857788085;67.53973388671875;92.69794464111328;[1]
(aaaf);1;12:01:35:634;30.45119857788085;67.53973388671875;92.69794464111328;[1]
(aaaf);1;12:01:35:962;30.45119857788085;67.60076904296875;92.82502746582031;[1]
(aaaf);1;12:01:35:962;30.45119857788085;67.60076904296875;92.82502746582031;[1]
(aaaf);1;12:01:36:290;30.3887996673584;67.63128662109375;92.69794464111328;[1]
(aaaf);1;12:01:36:290;30.3887996673584;67.63128662109375;92.69794464111328;[1]
(aaaf);1;12:01:36:618;30.3887996673584;67.63128662109375;92.82502746582031;[1]
(aaaf);1;12:01:36:618;30.3887996673584;67.63128662109375;92.82502746582031;[1]
(aaaf);1;12:01:36:946;30.45119857788085;67.6541748046875;92.69794464111328;[1]
(aaaf);1;12:01:36:946;30.45119857788085;67.6541748046875;92.69794464111328;[1]
(aaaf);1;12:01:37:272;30.45119857788085;67.6541748046875;92.69794464111328;[1]
(aaaf);1;12:01:37:272;30.45119857788085;67.6541748046875;92.69794464111328;[1]
(aaaf);1;12:01:37:600;30.45119857788085;67.6846923828125;92.88856506347656;[1]
(aaaf);1;12:01:37:600;30.45119857788085;67.6846923828125;92.88856506347656;[1]
(aaaf);1;12:01:37:928;30.45119857788085;67.6846923828125;92.69794464111328;[1]
(aaaf);1;12:01:37:928;30.45119857788085;67.6846923828125;92.69794464111328;[1]
(aaaf);1;12:01:38:256;30.45119857788085;67.7152099609375;92.76148986816406;[1]
(aaaf);1;12:01:38:256;30.45119857788085;67.7152099609375;92.76148986816406;[1]
(aaaf);1;12:01:38:584;30.45119857788085;67.73809814453125;92.69794464111328;[1]
(aaaf);1;12:01:38:584;30.45119857788085;67.73809814453125;92.69794464111328;[1]
(aaaf);1;12:01:38:912;30.45119857788085;67.73809814453125;92.69794464111328;[1]
(aaaf);1;12:01:38:912;30.45119857788085;67.73809814453125;92.69794464111328;[1]
(aaaf);1;12:01:39:240;30.45119857788085;67.73809814453125;92.69794464111328;[1]
(aaaf);1;12:01:39:240;30.45119857788085;67.73809814453125;92.69794464111328;[1]
(aaaf);1;12:01:39:568;30.45119857788085;67.76861572265625;92.69794464111328;[1]
(aaaf);1;12:01:39:568;30.45119857788085;67.76861572265625;92.69794464111328;[1]
(aaaf);1;12:01:39:896;30.45119857788085;67.76861572265625;92.82502746582031;[1]
(aaaf);1;12:01:39:896;30.45119857788085;67.76861572265625;92.82502746582031;[1]
(aaaf);1;12:01:40:224;30.45119857788085;67.79913330078125;92.69794464111328;[1]
(aaaf);1;12:01:40:224;30.45119857788085;67.79913330078125;92.69794464111328;[1]
(aaaf);1;12:01:40:552;30.45119857788085;67.79913330078125;92.82502746582031;[1]
(aaaf);1;12:01:40:552;30.45119857788085;67.79913330078125;92.82502746582031;[1]
(aaaf);1;12:01:40:880;30.45119857788085;67.82965087890625;92.69794464111328;[1]
(aaaf);1;12:01:40:880;30.45119857788085;67.82965087890625;92.69794464111328;[1]
(aaaf);1;12:01:41:208;30.45119857788085;67.82965087890625;92.82502746582031;[1]
(aaaf);1;12:01:41:208;30.45119857788085;67.82965087890625;92.82502746582031;[1]
(aaaf);1;12:01:41:534;30.45119857788085;67.82965087890625;92.69794464111328;[1]
(aaaf);1;12:01:41:534;30.45119857788085;67.82965087890625;92.69794464111328;[1]
(aaaf);1;12:01:41:862;30.3887996673584;67.8525390625;92.69794464111328;[1]
(aaaf);1;12:01:41:862;30.3887996673584;67.8525390625;92.69794464111328;[1]
(aaaf);1;12:01:42:189;30.45119857788085;67.8525390625;92.69794464111328;[1]
(aaaf);1;12:01:42:189;30.45119857788085;67.8525390625;92.69794464111328;[1]
(aaaf);1;12:01:42:517;30.45119857788085;67.8525390625;92.82502746582031;[1]
(aaaf);1;12:01:42:517;30.45119857788085;67.8525390625;92.82502746582031;[1]
(aaaf);1;12:01:42:840;30.45119857788085;67.91357421875;92.82502746582031;[1]
(aaaf);1;12:01:42:840;30.45119857788085;67.91357421875;92.82502746582031;[1]
(aaaf);1;12:01:43:168;30.45119857788085;67.91357421875;92.82502746582031;[1]
(aaaf);1;12:01:43:168;30.45119857788085;67.91357421875;92.82502746582031;[1]
(aaaf);1;12:01:43:496;30.51359939575195;67.91357421875;92.69794464111328;[1]
(aaaf);1;12:01:43:496;30.51359939575195;67.91357421875;92.69794464111328;[1]
(aaaf);1;12:01:43:824;30.45119857788085;67.91357421875;92.82502746582031;[1]
(aaaf);1;12:01:43:824;30.45119857788085;67.91357421875;92.82502746582031;[1]
(aaaf);1;12:01:44:151;30.45119857788085;67.91357421875;92.69794464111328;[1]
(aaaf);1;12:01:44:151;30.45119857788085;67.91357421875;92.69794464111328;[1]
(aaaf);1;12:01:44:479;30.45119857788085;67.91357421875;92.69794464111328;[1]
(aaaf);1;12:01:44:479;30.45119857788085;67.91357421875;92.69794464111328;[1]
(aaaf);1;12:01:44:807;30.45119857788085;67.91357421875;92.69794464111328;[1]
(aaaf);1;12:01:44:807;30.45119857788085;67.91357421875;92.69794464111328;[1]
(aaaf);1;12:01:45:135;30.45119857788085;67.91357421875;92.76148986816406;[1]
(aaaf);1;12:01:45:135;30.45119857788085;67.91357421875;92.76148986816406;[1]
(aaaf);1;12:01:45:463;30.45119857788085;67.91357421875;92.63440704345703;[1]
(aaaf);1;12:01:45:463;30.45119857788085;67.91357421875;92.63440704345703;[1]
(aaaf);1;12:01:45:790;30.45119857788085;67.8525390625;92.63440704345703;[1]
(aaaf);1;12:01:45:790;30.45119857788085;67.8525390625;92.63440704345703;[1]
(aaaf);1;12:01:46:118;30.45119857788085;67.82965087890625;92.69794464111328;[1]
(aaaf);1;12:01:46:118;30.45119857788085;67.82965087890625;92.69794464111328;[1]
(aaaf);1;12:01:46:446;30.45119857788085;67.82965087890625;92.82502746582031;[1]
(aaaf);1;12:01:46:446;30.45119857788085;67.82965087890625;92.82502746582031;[1]
(aaaf);1;12:01:46:774;30.45119857788085;67.82965087890625;92.82502746582031;[1]
(aaaf);1;12:01:46:774;30.45119857788085;67.82965087890625;92.82502746582031;[1]
(aaaf);1;12:01:47:102;30.45119857788085;67.82965087890625;92.69794464111328;[1]
(aaaf);1;12:01:47:102;30.45119857788085;67.82965087890625;92.69794464111328;[1]
(aaaf);1;12:01:47:430;30.45119857788085;67.82965087890625;92.82502746582031;[1]
(aaaf);1;12:01:47:430;30.45119857788085;67.82965087890625;92.82502746582031;[1]
(aaaf);1;12:01:47:758;30.45119857788085;67.82965087890625;92.69794464111328;[1]
(aaaf);1;12:01:47:758;30.45119857788085;67.82965087890625;92.69794464111328;[1]
(aaaf);1;12:01:48:86;30.45119857788085;67.82965087890625;92.69794464111328;[1]
(aaaf);1;12:01:48:86;30.45119857788085;67.82965087890625;92.69794464111328;[1]
(aaaf);1;12:01:48:414;30.45119857788085;67.82965087890625;92.69794464111328;[1]
(aaaf);1;12:01:48:414;30.45119857788085;67.82965087890625;92.69794464111328;[1]
(aaaf);1;12:01:48:742;30.45119857788085;67.82965087890625;92.69794464111328;[1]
(aaaf);1;12:01:48:742;30.45119857788085;67.82965087890625;92.69794464111328;[1]
(aaaf);1;12:01:49:70;30.45119857788085;67.82965087890625;92.69794464111328;[1]
(aaaf);1;12:01:49:70;30.45119857788085;67.82965087890625;92.69794464111328;[1]
(aaaf);1;12:01:49:398;30.45119857788085;67.82965087890625;92.69794464111328;[1]
(aaaf);1;12:01:49:398;30.45119857788085;67.82965087890625;92.69794464111328;[1]
(aaaf);1;12:01:49:726;30.45119857788085;67.82965087890625;92.69794464111328;[1]
(aaaf);1;12:01:49:726;30.45119857788085;67.82965087890625;92.69794464111328;[1]
(aaaf);1;12:01:50:54;30.45119857788085;67.82965087890625;92.69794464111328;[1]
(aaaf);1;12:01:50:54;30.45119857788085;67.82965087890625;92.69794464111328;[1]
(aaaf);1;12:01:50:382;30.45119857788085;67.82965087890625;92.69794464111328;[1]
(aaaf);1;12:01:50:382;30.45119857788085;67.82965087890625;92.69794464111328;[1]
(aaaf);1;12:01:50:710;30.51359939575195;67.82965087890625;92.63440704345703;[1]
(aaaf);1;12:01:50:710;30.51359939575195;67.82965087890625;92.63440704345703;[1]
(aaaf);1;12:01:51:38;30.45119857788085;67.8525390625;92.69794464111328;[1]
(aaaf);1;12:01:51:38;30.45119857788085;67.8525390625;92.69794464111328;[1]
(aaaf);1;12:01:51:366;30.45119857788085;67.8525390625;92.69794464111328;[1]
(aaaf);1;12:01:51:366;30.45119857788085;67.8525390625;92.69794464111328;[1]
(aaaf);1;12:01:51:693;30.45119857788085;67.8525390625;92.69794464111328;[1]
(aaaf);1;12:01:51:693;30.45119857788085;67.8525390625;92.69794464111328;[1]
(aaaf);1;12:01:52:21;30.45119857788085;67.8525390625;92.69794464111328;[1]
(aaaf);1;12:01:52:21;30.45119857788085;67.8525390625;92.69794464111328;[1]
(aaaf);1;12:01:52:349;30.45119857788085;67.91357421875;92.69794464111328;[1]
(aaaf);1;12:01:52:349;30.45119857788085;67.91357421875;92.69794464111328;[1]
(aaaf);1;12:01:52:676;30.45119857788085;67.91357421875;92.69794464111328;[1]
(aaaf);1;12:01:52:676;30.45119857788085;67.91357421875;92.69794464111328;[1]
(aaaf);1;12:01:53:4;30.45119857788085;67.91357421875;92.82502746582031;[1]
(aaaf);1;12:01:53:4;30.45119857788085;67.91357421875;92.82502746582031;[1]
(aaaf);1;12:01:53:332;30.51359939575195;67.91357421875;92.82502746582031;[1]
(aaaf);1;12:01:53:332;30.51359939575195;67.91357421875;92.82502746582031;[1]
(aaaf);1;12:01:53:660;30.45119857788085;67.93646240234375;92.69794464111328;[1]
(aaaf);1;12:01:53:660;30.45119857788085;67.93646240234375;92.69794464111328;[1]
(aaaf);1;12:01:53:988;30.45119857788085;67.93646240234375;92.63440704345703;[1]
(aaaf);1;12:01:53:988;30.45119857788085;67.93646240234375;92.63440704345703;[1]
(aaaf);1;12:01:54:316;30.51359939575195;67.93646240234375;92.69794464111328;[1]
(aaaf);1;12:01:54:316;30.51359939575195;67.93646240234375;92.69794464111328;[1]
(aaaf);1;12:01:54:644;30.45119857788085;67.93646240234375;92.82502746582031;[1]
(aaaf);1;12:01:54:644;30.45119857788085;67.93646240234375;92.82502746582031;[1]
(aaaf);1;12:01:54:972;30.45119857788085;67.96697998046875;92.82502746582031;[1]
(aaaf);1;12:01:54:972;30.45119857788085;67.96697998046875;92.82502746582031;[1]
(aaaf);1;12:01:55:300;30.51359939575195;67.96697998046875;92.63440704345703;[1]
(aaaf);1;12:01:55:300;30.51359939575195;67.96697998046875;92.63440704345703;[1]
(aaaf);1;12:01:55:627;30.45119857788085;67.96697998046875;92.69794464111328;[1]
(aaaf);1;12:01:55:627;30.45119857788085;67.96697998046875;92.69794464111328;[1]
(aaaf);1;12:01:55:955;30.51359939575195;67.96697998046875;92.69794464111328;[1]
(aaaf);1;12:01:55:955;30.51359939575195;67.96697998046875;92.69794464111328;[1]
(aaaf);1;12:01:56:283;30.45119857788085;67.96697998046875;92.69794464111328;[1]
(aaaf);1;12:01:56:283;30.45119857788085;67.96697998046875;92.69794464111328;[1]
(aaaf);1;12:01:56:611;30.51359939575195;67.96697998046875;92.69794464111328;[1]
(aaaf);1;12:01:56:611;30.51359939575195;67.96697998046875;92.69794464111328;[1]
(aaaf);1;12:01:56:940;30.45119857788085;67.96697998046875;92.69794464111328;[1]
(aaaf);1;12:01:56:940;30.45119857788085;67.96697998046875;92.69794464111328;[1]
(aaaf);1;12:01:57:268;30.45119857788085;67.96697998046875;92.69794464111328;[1]
(aaaf);1;12:01:57:268;30.45119857788085;67.96697998046875;92.69794464111328;[1]
(aaaf);1;12:01:57:596;30.45119857788085;67.96697998046875;92.76148986816406;[1]
(aaaf);1;12:01:57:596;30.45119857788085;67.96697998046875;92.76148986816406;[1]
(aaaf);1;12:01:57:924;30.51359939575195;67.96697998046875;92.69794464111328;[1]
(aaaf);1;12:01:57:924;30.51359939575195;67.96697998046875;92.69794464111328;[1]
(aaaf);1;12:01:58:252;30.51359939575195;67.93646240234375;92.82502746582031;[1]
(aaaf);1;12:01:58:252;30.51359939575195;67.93646240234375;92.82502746582031;[1]
(aaaf);1;12:01:58:580;30.45119857788085;67.93646240234375;92.63440704345703;[1]
(aaaf);1;12:01:58:580;30.45119857788085;67.93646240234375;92.63440704345703;[1]
(aaaf);1;12:01:58:908;30.51359939575195;67.93646240234375;92.69794464111328;[1]
(aaaf);1;12:01:58:908;30.51359939575195;67.93646240234375;92.69794464111328;[1]
(aaaf);1;12:01:59:236;30.45119857788085;67.91357421875;92.82502746582031;[1]
(aaaf);1;12:01:59:236;30.45119857788085;67.91357421875;92.82502746582031;[1]
(aaaf);1;12:01:59:564;30.45119857788085;67.91357421875;92.82502746582031;[1]
(aaaf);1;12:01:59:564;30.45119857788085;67.91357421875;92.82502746582031;[1]
(aaaf);1;12:01:59:891;30.51359939575195;67.91357421875;92.69794464111328;[1]
(aaaf);1;12:01:59:891;30.51359939575195;67.91357421875;92.69794464111328;[1]
(aaaf);1;12:02:00:219;30.45119857788085;67.91357421875;92.82502746582031;[1]
(aaaf);1;12:02:00:219;30.45119857788085;67.91357421875;92.82502746582031;[1]
(aaaf);1;12:02:00:547;30.45119857788085;67.8525390625;92.69794464111328;[1]
(aaaf);1;12:02:00:547;30.45119857788085;67.8525390625;92.69794464111328;[1]
(aaaf);1;12:02:00:875;30.51359939575195;67.8525390625;92.69794464111328;[1]
(aaaf);1;12:02:00:875;30.51359939575195;67.8525390625;92.69794464111328;[1]
(aaaf);1;12:02:01:203;30.45119857788085;67.82965087890625;92.82502746582031;[1]
(aaaf);1;12:02:01:203;30.45119857788085;67.82965087890625;92.82502746582031;[1]
(aaaf);1;12:02:01:530;30.45119857788085;67.82965087890625;92.82502746582031;[1]
(aaaf);1;12:02:01:530;30.45119857788085;67.82965087890625;92.82502746582031;[1]
(aaaf);1;12:02:01:859;30.51359939575195;67.82965087890625;92.82502746582031;[1]
(aaaf);1;12:02:01:859;30.51359939575195;67.82965087890625;92.82502746582031;[1]
(aaaf);1;12:02:02:187;30.45119857788085;67.82965087890625;92.82502746582031;[1]
(aaaf);1;12:02:02:187;30.45119857788085;67.82965087890625;92.82502746582031;[1]
(aaaf);1;12:02:02:515;30.45119857788085;67.82965087890625;92.82502746582031;[1]
(aaaf);1;12:02:02:515;30.45119857788085;67.82965087890625;92.82502746582031;[1]
(aaaf);1;12:02:02:843;30.45119857788085;67.82965087890625;92.63440704345703;[1]
(aaaf);1;12:02:02:843;30.45119857788085;67.82965087890625;92.63440704345703;[1]
(aaaf);1;12:02:03:171;30.45119857788085;67.82965087890625;92.69794464111328;[1]
(aaaf);1;12:02:03:171;30.45119857788085;67.82965087890625;92.69794464111328;[1]
(aaaf);1;12:02:03:499;30.51359939575195;67.79913330078125;92.82502746582031;[1]
(aaaf);1;12:02:03:499;30.51359939575195;67.79913330078125;92.82502746582031;[1]
(aaaf);1;12:02:03:827;30.45119857788085;67.79913330078125;92.69794464111328;[1]
(aaaf);1;12:02:03:827;30.45119857788085;67.79913330078125;92.69794464111328;[1]
(aaaf);1;12:02:04:155;30.51359939575195;67.79913330078125;92.69794464111328;[1]
(aaaf);1;12:02:04:155;30.51359939575195;67.79913330078125;92.69794464111328;[1]
(aaaf);1;12:02:04:483;30.45119857788085;67.79913330078125;92.82502746582031;[1]
(aaaf);1;12:02:04:483;30.45119857788085;67.79913330078125;92.82502746582031;[1]
(aaaf);1;12:02:04:811;30.51359939575195;67.76861572265625;92.69794464111328;[1]
(aaaf);1;12:02:04:811;30.51359939575195;67.76861572265625;92.69794464111328;[1]
(aaaf);1;12:02:05:139;30.51359939575195;67.76861572265625;92.69794464111328;[1]
(aaaf);1;12:02:05:139;30.51359939575195;67.76861572265625;92.69794464111328;[1]
(aaaf);1;12:02:05:467;30.51359939575195;67.76861572265625;92.69794464111328;[1]
(aaaf);1;12:02:05:467;30.51359939575195;67.76861572265625;92.69794464111328;[1]
(aaaf);1;12:02:05:795;30.51359939575195;67.76861572265625;92.69794464111328;[1]
(aaaf);1;12:02:05:795;30.51359939575195;67.76861572265625;92.69794464111328;[1]
(aaaf);1;12:02:06:123;30.51359939575195;67.73809814453125;92.82502746582031;[1]
(aaaf);1;12:02:06:123;30.51359939575195;67.73809814453125;92.82502746582031;[1]
(aaaf);1;12:02:06:451;30.51359939575195;67.73809814453125;92.69794464111328;[1]
(aaaf);1;12:02:06:451;30.51359939575195;67.73809814453125;92.69794464111328;[1]
(aaaf);1;12:02:06:779;30.51359939575195;67.73809814453125;92.69794464111328;[1]
(aaaf);1;12:02:06:779;30.51359939575195;67.73809814453125;92.69794464111328;[1]
(aaaf);1;12:02:07:107;30.51359939575195;67.73809814453125;92.63440704345703;[1]
(aaaf);1;12:02:07:107;30.51359939575195;67.73809814453125;92.63440704345703;[1]
(aaaf);1;12:02:07:435;30.51359939575195;67.7152099609375;92.76148986816406;[1]
(aaaf);1;12:02:07:435;30.51359939575195;67.7152099609375;92.76148986816406;[1]
(aaaf);1;12:02:07:763;30.45119857788085;67.7152099609375;92.69794464111328;[1]
(aaaf);1;12:02:07:763;30.45119857788085;67.7152099609375;92.69794464111328;[1]
(aaaf);1;12:02:08:91;30.51359939575195;67.7152099609375;92.76148986816406;[1]
(aaaf);1;12:02:08:91;30.51359939575195;67.7152099609375;92.76148986816406;[1]
(aaaf);1;12:02:08:419;30.51359939575195;67.6846923828125;92.69794464111328;[1]
(aaaf);1;12:02:08:419;30.51359939575195;67.6846923828125;92.69794464111328;[1]
(aaaf);1;12:02:08:747;30.45119857788085;67.6846923828125;92.69794464111328;[1]
(aaaf);1;12:02:08:747;30.45119857788085;67.6846923828125;92.69794464111328;[1]
(aaaf);1;12:02:09:75;30.51359939575195;67.6846923828125;92.82502746582031;[1]
(aaaf);1;12:02:09:75;30.51359939575195;67.6846923828125;92.82502746582031;[1]
(aaaf);1;12:02:09:403;30.51359939575195;67.6846923828125;92.69794464111328;[1]
(aaaf);1;12:02:09:403;30.51359939575195;67.6846923828125;92.69794464111328;[1]
(aaaf);1;12:02:09:731;30.51359939575195;67.6541748046875;92.69794464111328;[1]
(aaaf);1;12:02:09:731;30.51359939575195;67.6541748046875;92.69794464111328;[1]
(aaaf);1;12:02:10:59;30.51359939575195;67.6541748046875;92.69794464111328;[1]
(aaaf);1;12:02:10:59;30.51359939575195;67.6541748046875;92.69794464111328;[1]
(aaaf);1;12:02:10:386;30.51359939575195;67.6541748046875;92.82502746582031;[1]
(aaaf);1;12:02:10:386;30.51359939575195;67.6541748046875;92.82502746582031;[1]
(aaaf);1;12:02:10:714;30.51359939575195;67.6541748046875;92.82502746582031;[1]
(aaaf);1;12:02:10:714;30.51359939575195;67.6541748046875;92.82502746582031;[1]
(aaaf);1;12:02:11:42;30.51359939575195;67.63128662109375;92.82502746582031;[1]
(aaaf);1;12:02:11:42;30.51359939575195;67.63128662109375;92.82502746582031;[1]
(aaaf);1;12:02:11:370;30.51359939575195;67.63128662109375;92.69794464111328;[1]
(aaaf);1;12:02:11:370;30.51359939575195;67.63128662109375;92.69794464111328;[1]
(aaaf);1;12:02:11:698;30.51359939575195;67.63128662109375;92.69794464111328;[1]
(aaaf);1;12:02:11:698;30.51359939575195;67.63128662109375;92.69794464111328;[1]
(aaaf);1;12:02:12:26;30.51359939575195;67.63128662109375;92.82502746582031;[1]
(aaaf);1;12:02:12:26;30.51359939575195;67.63128662109375;92.82502746582031;[1]
(aaaf);1;12:02:12:354;30.51359939575195;67.60076904296875;92.69794464111328;[1]
(aaaf);1;12:02:12:354;30.51359939575195;67.60076904296875;92.69794464111328;[1]
(aaaf);1;12:02:12:682;30.51359939575195;67.60076904296875;92.82502746582031;[1]
(aaaf);1;12:02:12:682;30.51359939575195;67.60076904296875;92.82502746582031;[1]
(aaaf);1;12:02:13:8;30.51359939575195;67.60076904296875;92.69794464111328;[1]
(aaaf);1;12:02:13:8;30.51359939575195;67.60076904296875;92.69794464111328;[1]
(aaaf);1;12:02:13:336;30.51359939575195;67.60076904296875;92.69794464111328;[1]
(aaaf);1;12:02:13:336;30.51359939575195;67.60076904296875;92.69794464111328;[1]
(aaaf);1;12:02:13:664;30.51359939575195;67.57025146484375;92.82502746582031;[1]
(aaaf);1;12:02:13:664;30.51359939575195;67.57025146484375;92.82502746582031;[1]
(aaaf);1;12:02:13:992;30.51359939575195;67.57025146484375;92.82502746582031;[1]
(aaaf);1;12:02:13:992;30.51359939575195;67.57025146484375;92.82502746582031;[1]
(aaaf);1;12:02:14:320;30.45119857788085;67.57025146484375;92.82502746582031;[1]
(aaaf);1;12:02:14:320;30.45119857788085;67.57025146484375;92.82502746582031;[1]
(aaaf);1;12:02:14:648;30.51359939575195;67.516845703125;92.69794464111328;[1]
(aaaf);1;12:02:14:648;30.51359939575195;67.516845703125;92.69794464111328;[1]
(aaaf);1;12:02:14:976;30.51359939575195;67.516845703125;92.69794464111328;[1]
(aaaf);1;12:02:14:976;30.51359939575195;67.516845703125;92.69794464111328;[1]
(aaaf);1;12:02:15:303;30.51359939575195;67.516845703125;92.69794464111328;[1]
(aaaf);1;12:02:15:303;30.51359939575195;67.516845703125;92.69794464111328;[1]
(aaaf);1;12:02:15:630;30.51359939575195;67.486328125;92.69794464111328;[1]
(aaaf);1;12:02:15:630;30.51359939575195;67.486328125;92.69794464111328;[1]
(aaaf);1;12:02:15:953;30.51359939575195;67.455810546875;92.82502746582031;[1]
(aaaf);1;12:02:15:953;30.51359939575195;67.455810546875;92.82502746582031;[1]
(aaaf);1;12:02:16:281;30.51359939575195;67.455810546875;92.69794464111328;[1]
(aaaf);1;12:02:16:281;30.51359939575195;67.455810546875;92.69794464111328;[1]
(aaaf);1;12:02:16:609;30.51359939575195;67.455810546875;92.69794464111328;[1]
(aaaf);1;12:02:16:609;30.51359939575195;67.455810546875;92.69794464111328;[1]
(aaaf);1;12:02:16:936;30.45119857788085;67.455810546875;92.82502746582031;[1]
(aaaf);1;12:02:16:936;30.45119857788085;67.455810546875;92.82502746582031;[1]
(aaaf);1;12:02:17:265;30.51359939575195;67.455810546875;92.82502746582031;[1]
(aaaf);1;12:02:17:265;30.51359939575195;67.455810546875;92.82502746582031;[1]
(aaaf);1;12:02:17:592;30.51359939575195;67.43292236328125;92.69794464111328;[1]
(aaaf);1;12:02:17:592;30.51359939575195;67.43292236328125;92.69794464111328;[1]
(aaaf);1;12:02:17:921;30.51359939575195;67.40240478515625;92.63440704345703;[1]
(aaaf);1;12:02:17:921;30.51359939575195;67.40240478515625;92.63440704345703;[1]
(aaaf);1;12:02:18:248;30.51359939575195;67.40240478515625;92.82502746582031;[1]
(aaaf);1;12:02:18:248;30.51359939575195;67.40240478515625;92.82502746582031;[1]
(aaaf);1;12:02:18:576;30.51359939575195;67.37188720703125;92.69794464111328;[1]
(aaaf);1;12:02:18:576;30.51359939575195;67.37188720703125;92.69794464111328;[1]
(aaaf);1;12:02:18:905;30.51359939575195;67.37188720703125;92.69794464111328;[1]
(aaaf);1;12:02:18:905;30.51359939575195;67.37188720703125;92.69794464111328;[1]
(aaaf);1;12:02:19:233;30.51359939575195;67.3489990234375;92.82502746582031;[1]
(aaaf);1;12:02:19:233;30.51359939575195;67.3489990234375;92.82502746582031;[1]
(aaaf);1;12:02:19:560;30.51359939575195;67.3489990234375;92.82502746582031;[1]
(aaaf);1;12:02:19:560;30.51359939575195;67.3489990234375;92.82502746582031;[1]
(aaaf);1;12:02:19:888;30.51359939575195;67.3489990234375;92.69794464111328;[1]
(aaaf);1;12:02:19:888;30.51359939575195;67.3489990234375;92.69794464111328;[1]
(aaaf);1;12:02:20:216;30.51359939575195;67.3184814453125;92.69794464111328;[1]
(aaaf);1;12:02:20:216;30.51359939575195;67.3184814453125;92.69794464111328;[1]
(aaaf);1;12:02:20:544;30.51359939575195;67.3184814453125;92.82502746582031;[1]
(aaaf);1;12:02:20:544;30.51359939575195;67.3184814453125;92.82502746582031;[1]
(aaaf);1;12:02:20:872;30.51359939575195;67.2879638671875;92.82502746582031;[1]
(aaaf);1;12:02:20:872;30.51359939575195;67.2879638671875;92.82502746582031;[1]
(aaaf);1;12:02:21:200;30.51359939575195;67.2879638671875;92.69794464111328;[1]
(aaaf);1;12:02:21:200;30.51359939575195;67.2879638671875;92.69794464111328;[1]
(aaaf);1;12:02:21:528;30.51359939575195;67.2879638671875;92.69794464111328;[1]
(aaaf);1;12:02:21:528;30.51359939575195;67.2879638671875;92.69794464111328;[1]
(aaaf);1;12:02:21:856;30.51359939575195;67.26507568359375;92.69794464111328;[1]
(aaaf);1;12:02:21:856;30.51359939575195;67.26507568359375;92.69794464111328;[1]
(aaaf);1;12:02:22:184;30.51359939575195;67.26507568359375;92.82502746582031;[1]
(aaaf);1;12:02:22:184;30.51359939575195;67.26507568359375;92.82502746582031;[1]
(aaaf);1;12:02:22:512;30.51359939575195;67.20404052734375;92.82502746582031;[1]
(aaaf);1;12:02:22:512;30.51359939575195;67.20404052734375;92.82502746582031;[1]
(aaaf);1;12:02:22:840;30.51359939575195;67.20404052734375;92.69794464111328;[1]
(aaaf);1;12:02:22:840;30.51359939575195;67.20404052734375;92.69794464111328;[1]
(aaaf);1;12:02:23:168;30.51359939575195;67.20404052734375;92.69794464111328;[1]
(aaaf);1;12:02:23:168;30.51359939575195;67.20404052734375;92.69794464111328;[1]
(aaaf);1;12:02:23:496;30.51359939575195;67.18115234375;92.82502746582031;[1]
(aaaf);1;12:02:23:496;30.51359939575195;67.18115234375;92.82502746582031;[1]
(aaaf);1;12:02:23:824;30.45119857788085;67.18115234375;92.69794464111328;[1]
(aaaf);1;12:02:23:824;30.45119857788085;67.18115234375;92.69794464111328;[1]
(aaaf);1;12:02:24:152;30.45119857788085;67.18115234375;92.69794464111328;[1]
(aaaf);1;12:02:24:152;30.45119857788085;67.18115234375;92.69794464111328;[1]
(aaaf);1;12:02:24:479;30.51359939575195;67.150634765625;92.82502746582031;[1]
(aaaf);1;12:02:24:479;30.51359939575195;67.150634765625;92.82502746582031;[1]
(aaaf);1;12:02:24:808;30.51359939575195;67.150634765625;92.82502746582031;[1]
(aaaf);1;12:02:24:808;30.51359939575195;67.150634765625;92.82502746582031;[1]
(aaaf);1;12:02:25:135;30.51359939575195;67.150634765625;92.69794464111328;[1]
(aaaf);1;12:02:25:135;30.51359939575195;67.150634765625;92.69794464111328;[1]
(aaaf);1;12:02:25:458;30.51359939575195;67.150634765625;92.69794464111328;[1]
(aaaf);1;12:02:25:458;30.51359939575195;67.150634765625;92.69794464111328;[1]
(aaaf);1;12:02:25:781;30.51359939575195;67.150634765625;92.69794464111328;[1]
(aaaf);1;12:02:25:781;30.51359939575195;67.150634765625;92.69794464111328;[1]
(aaaf);1;12:02:26:104;30.51359939575195;67.1201171875;92.69794464111328;[1]
(aaaf);1;12:02:26:104;30.51359939575195;67.1201171875;92.69794464111328;[1]
(aaaf);1;12:02:26:432;30.57599830627441;67.1201171875;92.63440704345703;[1]
(aaaf);1;12:02:26:432;30.57599830627441;67.1201171875;92.63440704345703;[1]
(aaaf);1;12:02:26:760;30.51359939575195;67.1201171875;92.69794464111328;[1]
(aaaf);1;12:02:26:760;30.51359939575195;67.1201171875;92.69794464111328;[1]
(aaaf);1;12:02:27:82;30.51359939575195;67.09722900390625;92.82502746582031;[1]
(aaaf);1;12:02:27:82;30.51359939575195;67.09722900390625;92.82502746582031;[1]
(aaaf);1;12:02:27:410;30.51359939575195;67.09722900390625;92.69794464111328;[1]
(aaaf);1;12:02:27:410;30.51359939575195;67.09722900390625;92.69794464111328;[1]
(aaaf);1;12:02:27:738;30.51359939575195;67.09722900390625;92.69794464111328;[1]
(aaaf);1;12:02:27:738;30.51359939575195;67.09722900390625;92.69794464111328;[1]
(aaaf);1;12:02:28:66;30.51359939575195;67.09722900390625;92.82502746582031;[1]
(aaaf);1;12:02:28:66;30.51359939575195;67.09722900390625;92.82502746582031;[1]
(aaaf);1;12:02:28:394;30.51359939575195;67.09722900390625;92.69794464111328;[1]
(aaaf);1;12:02:28:394;30.51359939575195;67.09722900390625;92.69794464111328;[1]
(aaaf);1;12:02:28:722;30.57599830627441;67.06671142578125;92.63440704345703;[1]
(aaaf);1;12:02:28:722;30.57599830627441;67.06671142578125;92.63440704345703;[1]
(aaaf);1;12:02:29:50;30.57599830627441;67.06671142578125;92.82502746582031;[1]
(aaaf);1;12:02:29:50;30.57599830627441;67.06671142578125;92.82502746582031;[1]
(aaaf);1;12:02:29:378;30.51359939575195;67.06671142578125;92.69794464111328;[1]
(aaaf);1;12:02:29:378;30.51359939575195;67.06671142578125;92.69794464111328;[1]
(aaaf);1;12:02:29:706;30.51359939575195;67.06671142578125;92.82502746582031;[1]
(aaaf);1;12:02:29:706;30.51359939575195;67.06671142578125;92.82502746582031;[1]
(aaaf);1;12:02:30:34;30.51359939575195;67.06671142578125;92.69794464111328;[1]
(aaaf);1;12:02:30:34;30.51359939575195;67.06671142578125;92.69794464111328;[1]
(aaaf);1;12:02:30:362;30.57599830627441;67.09722900390625;92.82502746582031;[1]
(aaaf);1;12:02:30:362;30.57599830627441;67.09722900390625;92.82502746582031;[1]
(aaaf);1;12:02:30:690;30.51359939575195;67.09722900390625;92.69794464111328;[1]
(aaaf);1;12:02:30:690;30.51359939575195;67.09722900390625;92.69794464111328;[1]
(aaaf);1;12:02:31:18;30.57599830627441;67.09722900390625;92.69794464111328;[1]
(aaaf);1;12:02:31:18;30.57599830627441;67.09722900390625;92.69794464111328;[1]
(aaaf);1;12:02:31:346;30.51359939575195;67.09722900390625;92.69794464111328;[1]
(aaaf);1;12:02:31:346;30.51359939575195;67.09722900390625;92.69794464111328;[1]
(aaaf);1;12:02:31:674;30.51359939575195;67.1201171875;92.69794464111328;[1]
(aaaf);1;12:02:31:674;30.51359939575195;67.1201171875;92.69794464111328;[1]
(aaaf);1;12:02:32:2;30.51359939575195;67.1201171875;92.69794464111328;[1]
(aaaf);1;12:02:32:2;30.51359939575195;67.1201171875;92.69794464111328;[1]
(aaaf);1;12:02:32:329;30.57599830627441;67.1201171875;92.69794464111328;[1]
(aaaf);1;12:02:32:329;30.57599830627441;67.1201171875;92.69794464111328;[1]
(aaaf);1;12:02:32:652;30.51359939575195;67.150634765625;92.69794464111328;[1]
(aaaf);1;12:02:32:652;30.51359939575195;67.150634765625;92.69794464111328;[1]
(aaaf);1;12:02:32:975;30.57599830627441;67.150634765625;92.69794464111328;[1]
(aaaf);1;12:02:32:975;30.57599830627441;67.150634765625;92.69794464111328;[1]
(aaaf);1;12:02:33:303;30.57599830627441;67.150634765625;92.69794464111328;[1]
(aaaf);1;12:02:33:303;30.57599830627441;67.150634765625;92.69794464111328;[1]
(aaaf);1;12:02:33:631;30.57599830627441;67.150634765625;92.69794464111328;[1]
(aaaf);1;12:02:33:631;30.57599830627441;67.150634765625;92.69794464111328;[1]
(aaaf);1;12:02:33:959;30.51359939575195;67.150634765625;92.88856506347656;[1]
(aaaf);1;12:02:33:959;30.51359939575195;67.150634765625;92.88856506347656;[1]
(aaaf);1;12:02:34:287;30.57599830627441;67.150634765625;92.82502746582031;[1]
(aaaf);1;12:02:34:287;30.57599830627441;67.150634765625;92.82502746582031;[1]
(aaaf);1;12:02:34:615;30.57599830627441;67.150634765625;92.82502746582031;[1]
(aaaf);1;12:02:34:615;30.57599830627441;67.150634765625;92.82502746582031;[1]
(aaaf);1;12:02:34:943;30.57599830627441;67.150634765625;92.82502746582031;[1]
(aaaf);1;12:02:34:943;30.57599830627441;67.150634765625;92.82502746582031;[1]
(aaaf);1;12:02:35:271;30.51359939575195;67.150634765625;92.69794464111328;[1]
(aaaf);1;12:02:35:271;30.51359939575195;67.150634765625;92.69794464111328;[1]
(aaaf);1;12:02:35:599;30.51359939575195;67.150634765625;92.69794464111328;[1]
(aaaf);1;12:02:35:599;30.51359939575195;67.150634765625;92.69794464111328;[1]
(aaaf);1;12:02:35:927;30.51359939575195;67.18115234375;92.82502746582031;[1]
(aaaf);1;12:02:35:927;30.51359939575195;67.18115234375;92.82502746582031;[1]
(aaaf);1;12:02:36:255;30.51359939575195;67.18115234375;92.69794464111328;[1]
(aaaf);1;12:02:36:255;30.51359939575195;67.18115234375;92.69794464111328;[1]
(aaaf);1;12:02:36:582;30.57599830627441;67.18115234375;92.69794464111328;[1]
(aaaf);1;12:02:36:582;30.57599830627441;67.18115234375;92.69794464111328;[1]
(aaaf);1;12:02:36:905;30.51359939575195;67.18115234375;92.82502746582031;[1]
(aaaf);1;12:02:36:905;30.51359939575195;67.18115234375;92.82502746582031;[1]
(aaaf);1;12:02:37:228;30.57599830627441;67.18115234375;92.82502746582031;[1]
(aaaf);1;12:02:37:228;30.57599830627441;67.18115234375;92.82502746582031;[1]
(aaaf);1;12:02:37:556;30.57599830627441;67.18115234375;92.82502746582031;[1]
(aaaf);1;12:02:37:556;30.57599830627441;67.18115234375;92.82502746582031;[1]
(aaaf);1;12:02:37:884;30.51359939575195;67.18115234375;92.82502746582031;[1]
(aaaf);1;12:02:37:884;30.51359939575195;67.18115234375;92.82502746582031;[1]
(aaaf);1;12:02:38:212;30.51359939575195;67.18115234375;92.82502746582031;[1]
(aaaf);1;12:02:38:212;30.51359939575195;67.18115234375;92.82502746582031;[1]
(aaaf);1;12:02:38:539;30.57599830627441;67.20404052734375;92.69794464111328;[1]
(aaaf);1;12:02:38:539;30.57599830627441;67.20404052734375;92.69794464111328;[1]
(aaaf);1;12:02:38:868;30.57599830627441;67.20404052734375;92.69794464111328;[1]
(aaaf);1;12:02:38:868;30.57599830627441;67.20404052734375;92.69794464111328;[1]
(aaaf);1;12:02:39:196;30.57599830627441;67.20404052734375;92.69794464111328;[1]
(aaaf);1;12:02:39:196;30.57599830627441;67.20404052734375;92.69794464111328;[1]
(aaaf);1;12:02:39:524;30.57599830627441;67.26507568359375;92.69794464111328;[1]
(aaaf);1;12:02:39:524;30.57599830627441;67.26507568359375;92.69794464111328;[1]
(aaaf);1;12:02:39:851;30.57599830627441;67.26507568359375;92.69794464111328;[1]
(aaaf);1;12:02:39:851;30.57599830627441;67.26507568359375;92.69794464111328;[1]
(aaaf);1;12:02:40:180;30.51359939575195;67.26507568359375;92.69794464111328;[1]
(aaaf);1;12:02:40:180;30.51359939575195;67.26507568359375;92.69794464111328;[1]
(aaaf);1;12:02:40:508;30.57599830627441;67.2879638671875;92.69794464111328;[1]
(aaaf);1;12:02:40:508;30.57599830627441;67.2879638671875;92.69794464111328;[1]
(aaaf);1;12:02:40:836;30.57599830627441;67.2879638671875;92.69794464111328;[1]
(aaaf);1;12:02:40:836;30.57599830627441;67.2879638671875;92.69794464111328;[1]
(aaaf);1;12:02:41:162;30.57599830627441;67.2879638671875;92.69794464111328;[1]
(aaaf);1;12:02:41:162;30.57599830627441;67.2879638671875;92.69794464111328;[1]
(aaaf);1;12:02:41:490;30.51359939575195;67.3184814453125;92.69794464111328;[1]
(aaaf);1;12:02:41:490;30.51359939575195;67.3184814453125;92.69794464111328;[1]
(aaaf);1;12:02:41:818;30.51359939575195;67.3184814453125;92.82502746582031;[1]
(aaaf);1;12:02:41:818;30.51359939575195;67.3184814453125;92.82502746582031;[1]
(aaaf);1;12:02:42:146;30.57599830627441;67.3489990234375;92.69794464111328;[1]
(aaaf);1;12:02:42:146;30.57599830627441;67.3489990234375;92.69794464111328;[1]
(aaaf);1;12:02:42:474;30.57599830627441;67.37188720703125;92.76148986816406;[1]
(aaaf);1;12:02:42:474;30.57599830627441;67.37188720703125;92.76148986816406;[1]
(aaaf);1;12:02:42:802;30.57599830627441;67.40240478515625;92.82502746582031;[1]
(aaaf);1;12:02:42:802;30.57599830627441;67.40240478515625;92.82502746582031;[1]
(aaaf);1;12:02:43:130;30.51359939575195;67.455810546875;92.82502746582031;[1]
(aaaf);1;12:02:43:130;30.51359939575195;67.455810546875;92.82502746582031;[1]
(aaaf);1;12:02:43:458;30.57599830627441;67.455810546875;92.82502746582031;[1]
(aaaf);1;12:02:43:458;30.57599830627441;67.455810546875;92.82502746582031;[1]
(aaaf);1;12:02:43:786;30.51359939575195;67.486328125;92.69794464111328;[1]
(aaaf);1;12:02:43:786;30.51359939575195;67.486328125;92.69794464111328;[1]
(aaaf);1;12:02:44:113;30.57599830627441;67.516845703125;92.82502746582031;[1]
(aaaf);1;12:02:44:113;30.57599830627441;67.516845703125;92.82502746582031;[1]
(aaaf);1;12:02:44:436;30.57599830627441;67.57025146484375;92.69794464111328;[1]
(aaaf);1;12:02:44:436;30.57599830627441;67.57025146484375;92.69794464111328;[1]
(aaaf);1;12:02:44:764;30.57599830627441;67.60076904296875;92.69794464111328;[1]
(aaaf);1;12:02:44:764;30.57599830627441;67.60076904296875;92.69794464111328;[1]
(aaaf);1;12:02:45:92;30.57599830627441;67.60076904296875;92.82502746582031;[1]
(aaaf);1;12:02:45:92;30.57599830627441;67.60076904296875;92.82502746582031;[1]
(aaaf);1;12:02:45:420;30.57599830627441;67.63128662109375;92.82502746582031;[1]
(aaaf);1;12:02:45:420;30.57599830627441;67.63128662109375;92.82502746582031;[1]
(aaaf);1;12:02:45:748;30.57599830627441;67.6541748046875;92.69794464111328;[1]
(aaaf);1;12:02:45:748;30.57599830627441;67.6541748046875;92.69794464111328;[1]
(aaaf);1;12:02:46:76;30.57599830627441;67.6541748046875;92.82502746582031;[1]
(aaaf);1;12:02:46:76;30.57599830627441;67.6541748046875;92.82502746582031;[1]
(aaaf);1;12:02:46:404;30.51359939575195;67.6541748046875;92.69794464111328;[1]
(aaaf);1;12:02:46:404;30.51359939575195;67.6541748046875;92.69794464111328;[1]
(aaaf);1;12:02:46:732;30.57599830627441;67.6541748046875;92.69794464111328;[1]
(aaaf);1;12:02:46:732;30.57599830627441;67.6541748046875;92.69794464111328;[1]
(aaaf);1;12:02:47:60;30.51359939575195;67.6846923828125;92.69794464111328;[1]
(aaaf);1;12:02:47:60;30.51359939575195;67.6846923828125;92.69794464111328;[1]
(aaaf);1;12:02:47:388;30.51359939575195;67.6846923828125;92.82502746582031;[1]
(aaaf);1;12:02:47:388;30.51359939575195;67.6846923828125;92.82502746582031;[1]
(aaaf);1;12:02:47:716;30.57599830627441;67.6846923828125;92.69794464111328;[1]
(aaaf);1;12:02:47:716;30.57599830627441;67.6846923828125;92.69794464111328;[1]
(aaaf);1;12:02:48:44;30.51359939575195;67.6846923828125;92.82502746582031;[1]
(aaaf);1;12:02:48:44;30.51359939575195;67.6846923828125;92.82502746582031;[1]
(aaaf);1;12:02:48:372;30.51359939575195;67.6846923828125;92.69794464111328;[1]
(aaaf);1;12:02:48:372;30.51359939575195;67.6846923828125;92.69794464111328;[1]
(aaaf);1;12:02:48:700;30.57599830627441;67.6846923828125;92.76148986816406;[1]
(aaaf);1;12:02:48:700;30.57599830627441;67.6846923828125;92.76148986816406;[1]
(aaaf);1;12:02:49:28;30.57599830627441;67.6846923828125;92.82502746582031;[1]
(aaaf);1;12:02:49:28;30.57599830627441;67.6846923828125;92.82502746582031;[1]
(aaaf);1;12:02:49:356;30.57599830627441;67.7152099609375;92.69794464111328;[1]
(aaaf);1;12:02:49:356;30.57599830627441;67.7152099609375;92.69794464111328;[1]
(aaaf);1;12:02:49:684;30.51359939575195;67.7152099609375;92.69794464111328;[1]
(aaaf);1;12:02:49:684;30.51359939575195;67.7152099609375;92.69794464111328;[1]
(aaaf);1;12:02:50:12;30.57599830627441;67.7152099609375;92.69794464111328;[1]
(aaaf);1;12:02:50:12;30.57599830627441;67.7152099609375;92.69794464111328;[1]
(aaaf);1;12:02:50:340;30.57599830627441;67.7152099609375;92.69794464111328;[1]
(aaaf);1;12:02:50:340;30.57599830627441;67.7152099609375;92.69794464111328;[1]
(aaaf);1;12:02:50:668;30.57599830627441;67.7152099609375;92.69794464111328;[1]
(aaaf);1;12:02:50:668;30.57599830627441;67.7152099609375;92.69794464111328;[1]
(aaaf);1;12:02:50:996;30.51359939575195;67.7152099609375;92.69794464111328;[1]
(aaaf);1;12:02:50:996;30.51359939575195;67.7152099609375;92.69794464111328;[1]
(aaaf);1;12:02:51:324;30.57599830627441;67.7152099609375;92.82502746582031;[1]
(aaaf);1;12:02:51:324;30.57599830627441;67.7152099609375;92.82502746582031;[1]
(aaaf);1;12:02:51:652;30.57599830627441;67.7152099609375;92.69794464111328;[1]
(aaaf);1;12:02:51:652;30.57599830627441;67.7152099609375;92.69794464111328;[1]
(aaaf);1;12:02:51:980;30.57599830627441;67.7152099609375;92.69794464111328;[1]
(aaaf);1;12:02:51:980;30.57599830627441;67.7152099609375;92.69794464111328;[1]
(aaaf);1;12:02:52:308;30.57599830627441;67.7152099609375;92.69794464111328;[1]
(aaaf);1;12:02:52:308;30.57599830627441;67.7152099609375;92.69794464111328;[1]
(aaaf);1;12:02:52:635;30.57599830627441;67.7152099609375;92.69794464111328;[1]
(aaaf);1;12:02:52:635;30.57599830627441;67.7152099609375;92.69794464111328;[1]
(aaaf);1;12:02:52:963;30.57599830627441;67.7152099609375;92.69794464111328;[1]
(aaaf);1;12:02:52:963;30.57599830627441;67.7152099609375;92.69794464111328;[1]
(aaaf);1;12:02:53:291;30.57599830627441;67.7152099609375;92.82502746582031;[1]
(aaaf);1;12:02:53:291;30.57599830627441;67.7152099609375;92.82502746582031;[1]
(aaaf);1;12:02:53:619;30.57599830627441;67.7152099609375;92.69794464111328;[1]
(aaaf);1;12:02:53:619;30.57599830627441;67.7152099609375;92.69794464111328;[1]
(aaaf);1;12:02:53:947;30.57599830627441;67.7152099609375;92.82502746582031;[1]
(aaaf);1;12:02:53:947;30.57599830627441;67.7152099609375;92.82502746582031;[1]
(aaaf);1;12:02:54:275;30.57599830627441;67.7152099609375;92.69794464111328;[1]
(aaaf);1;12:02:54:275;30.57599830627441;67.7152099609375;92.69794464111328;[1]
(aaaf);1;12:02:54:603;30.51359939575195;67.7152099609375;92.69794464111328;[1]
(aaaf);1;12:02:54:603;30.51359939575195;67.7152099609375;92.69794464111328;[1]
(aaaf);1;12:02:54:931;30.6383991241455;67.6846923828125;92.88856506347656;[1]
(aaaf);1;12:02:54:931;30.6383991241455;67.6846923828125;92.88856506347656;[1]
(aaaf);1;12:02:55:259;30.57599830627441;67.6846923828125;92.69794464111328;[1]
(aaaf);1;12:02:55:259;30.57599830627441;67.6846923828125;92.69794464111328;[1]
(aaaf);1;12:02:55:587;30.57599830627441;67.6846923828125;92.69794464111328;[1]
(aaaf);1;12:02:55:587;30.57599830627441;67.6846923828125;92.69794464111328;[1]
(aaaf);1;12:02:55:915;30.57599830627441;67.6846923828125;92.69794464111328;[1]
(aaaf);1;12:02:55:915;30.57599830627441;67.6846923828125;92.69794464111328;[1]
(aaaf);1;12:02:56:243;30.57599830627441;67.6846923828125;92.69794464111328;[1]
(aaaf);1;12:02:56:243;30.57599830627441;67.6846923828125;92.69794464111328;[1]
(aaaf);1;12:02:56:570;30.57599830627441;67.6846923828125;92.82502746582031;[1]
(aaaf);1;12:02:56:570;30.57599830627441;67.6846923828125;92.82502746582031;[1]
(aaaf);1;12:02:56:898;30.57599830627441;67.6846923828125;92.69794464111328;[1]
(aaaf);1;12:02:56:898;30.57599830627441;67.6846923828125;92.69794464111328;[1]
(aaaf);1;12:02:57:226;30.6383991241455;67.6846923828125;92.69794464111328;[1]
(aaaf);1;12:02:57:226;30.6383991241455;67.6846923828125;92.69794464111328;[1]
(aaaf);1;12:02:57:554;30.57599830627441;67.6846923828125;92.69794464111328;[1]
(aaaf);1;12:02:57:554;30.57599830627441;67.6846923828125;92.69794464111328;[1]
(aaaf);1;12:02:57:882;30.57599830627441;67.6541748046875;92.88856506347656;[1]
(aaaf);1;12:02:57:882;30.57599830627441;67.6541748046875;92.88856506347656;[1]
(aaaf);1;12:02:58:210;30.57599830627441;67.6541748046875;92.69794464111328;[1]
(aaaf);1;12:02:58:210;30.57599830627441;67.6541748046875;92.69794464111328;[1]
(aaaf);1;12:02:58:538;30.57599830627441;67.6541748046875;92.69794464111328;[1]
(aaaf);1;12:02:58:538;30.57599830627441;67.6541748046875;92.69794464111328;[1]
(aaaf);1;12:02:58:866;30.57599830627441;67.6541748046875;92.88856506347656;[1]
(aaaf);1;12:02:58:866;30.57599830627441;67.6541748046875;92.88856506347656;[1]
(aaaf);1;12:02:59:194;30.57599830627441;67.6541748046875;92.69794464111328;[1]
(aaaf);1;12:02:59:194;30.57599830627441;67.6541748046875;92.69794464111328;[1]
(aaaf);1;12:02:59:522;30.57599830627441;67.6846923828125;92.82502746582031;[1]
(aaaf);1;12:02:59:522;30.57599830627441;67.6846923828125;92.82502746582031;[1]
(aaaf);1;12:02:59:850;30.57599830627441;67.6846923828125;92.69794464111328;[1]
(aaaf);1;12:02:59:850;30.57599830627441;67.6846923828125;92.69794464111328;[1]
(aaaf);1;12:03:00:178;30.57599830627441;67.6846923828125;92.69794464111328;[1]
(aaaf);1;12:03:00:178;30.57599830627441;67.6846923828125;92.69794464111328;[1]
(aaaf);1;12:03:00:506;30.57599830627441;67.6846923828125;92.69794464111328;[1]
(aaaf);1;12:03:00:506;30.57599830627441;67.6846923828125;92.69794464111328;[1]
(aaaf);1;12:03:00:834;30.57599830627441;67.6846923828125;92.69794464111328;[1]
(aaaf);1;12:03:00:834;30.57599830627441;67.6846923828125;92.69794464111328;[1]
(aaaf);1;12:03:01:162;30.57599830627441;67.7152099609375;92.69794464111328;[1]
(aaaf);1;12:03:01:162;30.57599830627441;67.7152099609375;92.69794464111328;[1]
(aaaf);1;12:03:01:490;30.57599830627441;67.7152099609375;92.76148986816406;[1]
(aaaf);1;12:03:01:490;30.57599830627441;67.7152099609375;92.76148986816406;[1]
(aaaf);1;12:03:01:818;30.57599830627441;67.7152099609375;92.88856506347656;[1]
(aaaf);1;12:03:01:818;30.57599830627441;67.7152099609375;92.88856506347656;[1]
(aaaf);1;12:03:02:146;30.57599830627441;67.7152099609375;92.76148986816406;[1]
(aaaf);1;12:03:02:146;30.57599830627441;67.7152099609375;92.76148986816406;[1]
(aaaf);1;12:03:02:474;30.57599830627441;67.7152099609375;92.69794464111328;[1]
(aaaf);1;12:03:02:474;30.57599830627441;67.7152099609375;92.69794464111328;[1]
(aaaf);1;12:03:02:802;30.57599830627441;67.7152099609375;92.69794464111328;[1]
(aaaf);1;12:03:02:802;30.57599830627441;67.7152099609375;92.69794464111328;[1]
(aaaf);1;12:03:03:130;30.57599830627441;67.73809814453125;92.88856506347656;[1]
(aaaf);1;12:03:03:130;30.57599830627441;67.73809814453125;92.88856506347656;[1]
(aaaf);1;12:03:03:458;30.57599830627441;67.73809814453125;92.69794464111328;[1]
(aaaf);1;12:03:03:458;30.57599830627441;67.73809814453125;92.69794464111328;[1]
(aaaf);1;12:03:03:786;30.57599830627441;67.73809814453125;92.69794464111328;[1]
(aaaf);1;12:03:03:786;30.57599830627441;67.73809814453125;92.69794464111328;[1]
(aaaf);1;12:03:04:114;30.57599830627441;67.73809814453125;92.88856506347656;[1]
(aaaf);1;12:03:04:114;30.57599830627441;67.73809814453125;92.88856506347656;[1]
(aaaf);1;12:03:04:442;30.57599830627441;67.73809814453125;92.69794464111328;[1]
(aaaf);1;12:03:04:442;30.57599830627441;67.73809814453125;92.69794464111328;[1]
(aaaf);1;12:03:04:770;30.57599830627441;67.73809814453125;92.82502746582031;[1]
(aaaf);1;12:03:04:770;30.57599830627441;67.73809814453125;92.82502746582031;[1]
(aaaf);1;12:03:05:98;30.57599830627441;67.73809814453125;92.69794464111328;[1]
(aaaf);1;12:03:05:98;30.57599830627441;67.73809814453125;92.69794464111328;[1]
(aaaf);1;12:03:05:426;30.57599830627441;67.7152099609375;92.69794464111328;[1]
(aaaf);1;12:03:05:426;30.57599830627441;67.7152099609375;92.69794464111328;[1]
(aaaf);1;12:03:05:754;30.57599830627441;67.7152099609375;92.69794464111328;[1]
(aaaf);1;12:03:05:754;30.57599830627441;67.7152099609375;92.69794464111328;[1]
(aaaf);1;12:03:06:82;30.57599830627441;67.7152099609375;92.69794464111328;[1]
(aaaf);1;12:03:06:82;30.57599830627441;67.7152099609375;92.69794464111328;[1]
(aaaf);1;12:03:06:409;30.57599830627441;67.6846923828125;92.82502746582031;[1]
(aaaf);1;12:03:06:409;30.57599830627441;67.6846923828125;92.82502746582031;[1]
(aaaf);1;12:03:06:737;30.57599830627441;67.6846923828125;92.82502746582031;[1]
(aaaf);1;12:03:06:737;30.57599830627441;67.6846923828125;92.82502746582031;[1]
(aaaf);1;12:03:07:65;30.57599830627441;67.6541748046875;92.88856506347656;[1]
(aaaf);1;12:03:07:65;30.57599830627441;67.6541748046875;92.88856506347656;[1]
(aaaf);1;12:03:07:393;30.6383991241455;67.6541748046875;92.69794464111328;[1]
(aaaf);1;12:03:07:393;30.6383991241455;67.6541748046875;92.69794464111328;[1]
(aaaf);1;12:03:07:721;30.57599830627441;67.63128662109375;92.69794464111328;[1]
(aaaf);1;12:03:07:721;30.57599830627441;67.63128662109375;92.69794464111328;[1]
(aaaf);1;12:03:08:49;30.57599830627441;67.60076904296875;92.76148986816406;[0]
