(cacf);1;12:00:03:58;28.2047996520996;63.5343017578125;92.82502746582031;[1]
(aaaf);3;12:00:05:927;29.20319938659667;64.159912109375;92.88856506347656;[1]
(cacf);2;12:00:08:227;28.2047996520996;63.5953369140625;92.82502746582031;[1]
(aaaf);4;12:00:11:100;29.26559829711914;64.220947265625;92.63440704345703;[1]
(cacf);3;12:00:08:479;28.2047996520996;63.5953369140625;92.82502746582031;[1]
(aaaf);5;12:00:11:351;29.26559829711914;64.220947265625;92.82502746582031;[1]
(cacf);4;12:00:08:728;28.14239883422851;63.5953369140625;92.82502746582031;[1]
(aaaf);6;12:00:11:600;29.20319938659667;64.220947265625;92.82502746582031;[1]
(cacf);5;12:00:08:976;28.2047996520996;63.5953369140625;92.82502746582031;[1]
(aaaf);7;12:00:11:848;29.20319938659667;64.220947265625;92.82502746582031;[1]
(aaaf);8;12:00:12:97;29.20319938659667;64.220947265625;92.88856506347656;[1]
(cacf);6;12:00:09:224;28.2047996520996;63.5953369140625;92.82502746582031;[1]
(aaaf);9;12:00:12:342;29.26559829711914;64.220947265625;92.69794464111328;[1]
(cacf);7;12:00:09:488;28.2047996520996;63.5953369140625;92.82502746582031;[1]
(aaaf);10;12:00:12:585;29.26559829711914;64.220947265625;92.69794464111328;[1]
(cacf);8;12:00:09:736;28.2047996520996;63.5953369140625;92.82502746582031;[1]
(aaaf);11;12:00:12:835;29.26559829711914;64.220947265625;92.82502746582031;[1]
(cacf);9;12:00:09:986;28.2047996520996;63.5953369140625;92.82502746582031;[1]
(aaaf);12;12:00:13:83;29.20319938659667;64.25146484375;92.82502746582031;[1]
(cacf);10;12:00:10:235;28.2047996520996;63.5953369140625;92.69794464111328;[1]
(aaaf);13;12:00:13:333;29.20319938659667;64.25146484375;92.82502746582031;[1]
(cacf);11;12:00:10:485;28.2047996520996;63.5953369140625;92.82502746582031;[1]
(aaaf);14;12:00:13:581;29.20319938659667;64.25146484375;92.82502746582031;[1]
(cacf);12;12:00:10:733;28.2047996520996;63.5953369140625;92.82502746582031;[1]
(aaaf);15;12:00:13:834;29.20319938659667;64.25146484375;92.82502746582031;[1]
(cacf);13;12:00:10:982;28.14239883422851;63.5953369140625;92.82502746582031;[1]
(aaaf);16;12:00:14:80;29.26559829711914;64.25146484375;92.82502746582031;[1]
(cacf);14;12:00:11:235;28.2047996520996;63.5953369140625;92.82502746582031;[1]
(aaaf);17;12:00:14:323;29.20319938659667;64.281982421875;92.82502746582031;[1]
(cacf);15;12:00:11:484;28.2047996520996;63.5953369140625;92.95210266113281;[1]
(aaaf);18;12:00:14:571;29.20319938659667;64.25146484375;92.69794464111328;[1]
(cacf);16;12:00:11:733;28.2047996520996;63.5953369140625;92.76148986816406;[1]
(aaaf);19;12:00:14:819;29.20319938659667;64.25146484375;92.82502746582031;[1]
(cacf);17;12:00:11:982;28.2047996520996;63.5953369140625;92.82502746582031;[1]
(aaaf);20;12:00:15:68;29.20319938659667;64.25146484375;92.88856506347656;[1]
(cacf);18;12:00:12:232;28.2047996520996;63.5953369140625;92.82502746582031;[1]
(aaaf);21;12:00:15:317;29.20319938659667;64.281982421875;92.82502746582031;[1]
(cacf);19;12:00:12:480;28.2047996520996;63.5953369140625;92.82502746582031;[1]
(aaaf);22;12:00:15:572;29.26559829711914;64.281982421875;92.82502746582031;[1]
(cacf);20;12:00:12:729;28.2047996520996;63.5648193359375;92.76148986816406;[1]
(aaaf);23;12:00:15:821;29.26559829711914;64.25146484375;92.76148986816406;[1]
(cacf);21;12:00:12:982;28.2047996520996;63.5648193359375;92.82502746582031;[1]
(aaaf);24;12:00:16:65;29.20319938659667;64.281982421875;92.82502746582031;[1]
(cacf);22;12:00:13:231;28.2047996520996;63.5648193359375;92.82502746582031;[1]
(aaaf);25;12:00:16:313;29.20319938659667;64.281982421875;92.82502746582031;[1]
(cacf);23;12:00:13:481;28.2047996520996;63.5648193359375;93.01564025878906;[1]
(aaaf);26;12:00:16:562;29.20319938659667;64.281982421875;92.88856506347656;[1]
(cacf);24;12:00:13:729;28.2047996520996;63.5648193359375;92.82502746582031;[1]
(aaaf);27;12:00:16:811;29.26559829711914;64.281982421875;92.88856506347656;[1]
(cacf);25;12:00:13:978;28.2047996520996;63.5648193359375;92.88856506347656;[1]
(aaaf);28;12:00:17:61;29.20319938659667;64.281982421875;92.82502746582031;[1]
(cacf);26;12:00:14:227;28.2047996520996;63.5648193359375;92.82502746582031;[1]
(aaaf);29;12:00:17:314;29.20319938659667;64.281982421875;92.69794464111328;[1]
(cacf);27;12:00:14:477;28.2047996520996;63.5648193359375;92.82502746582031;[1]
(aaaf);30;12:00:17:562;29.20319938659667;64.281982421875;92.82502746582031;[1]
(cacf);28;12:00:14:730;28.14239883422851;63.5648193359375;92.82502746582031;[1]
(aaaf);31;12:00:17:806;29.14079856872558;64.25146484375;92.82502746582031;[1]
(cacf);29;12:00:14:979;28.2047996520996;63.5648193359375;92.82502746582031;[1]
(aaaf);32;12:00:18:56;29.20319938659667;64.281982421875;92.82502746582031;[1]
(cacf);30;12:00:15:228;28.2047996520996;63.5648193359375;92.82502746582031;[1]
(aaaf);33;12:00:18:310;29.20319938659667;64.281982421875;92.82502746582031;[1]
(cacf);31;12:00:15:478;28.2047996520996;63.5648193359375;92.69794464111328;[1]
(aaaf);34;12:00:18:558;29.20319938659667;64.281982421875;92.82502746582031;[1]
(cacf);32;12:00:15:726;28.2047996520996;63.5648193359375;92.82502746582031;[1]
(aaaf);35;12:00:18:806;29.20319938659667;64.281982421875;92.82502746582031;[1]
(cacf);33;12:00:15:976;28.14239883422851;63.5343017578125;92.82502746582031;[1]
(aaaf);36;12:00:19:60;29.20319938659667;64.281982421875;92.82502746582031;[1]
(cacf);34;12:00:16:224;28.2047996520996;63.5343017578125;92.95210266113281;[1]
(aaaf);37;12:00:19:309;29.20319938659667;64.281982421875;92.82502746582031;[1]
(cacf);35;12:00:16:479;28.2047996520996;63.5343017578125;92.82502746582031;[1]
(aaaf);38;12:00:19:560;29.20319938659667;64.281982421875;92.69794464111328;[1]
(cacf);36;12:00:16:732;28.14239883422851;63.5343017578125;92.82502746582031;[1]
(aaaf);39;12:00:19:803;29.26559829711914;64.281982421875;92.82502746582031;[1]
(cacf);37;12:00:16:980;28.2047996520996;63.5343017578125;92.82502746582031;[1]
(aaaf);40;12:00:20:52;29.20319938659667;64.281982421875;92.82502746582031;[1]
(cacf);38;12:00:17:230;28.14239883422851;63.5343017578125;92.95210266113281;[1]
(aaaf);41;12:00:20:306;29.20319938659667;64.25146484375;92.82502746582031;[1]
(cacf);39;12:00:17:478;28.2047996520996;63.5343017578125;92.82502746582031;[1]
(aaaf);42;12:00:20:554;29.20319938659667;64.281982421875;92.69794464111328;[1]
(cacf);40;12:00:17:728;28.2047996520996;63.5343017578125;92.82502746582031;[1]
(aaaf);43;12:00:20:808;29.20319938659667;64.281982421875;92.82502746582031;[1]
(cacf);41;12:00:17:975;28.14239883422851;63.5343017578125;92.82502746582031;[1]
(aaaf);44;12:00:21:57;29.20319938659667;64.281982421875;92.82502746582031;[1]
(cacf);42;12:00:18:229;28.2047996520996;63.5343017578125;92.82502746582031;[1]
(aaaf);45;12:00:21:306;29.20319938659667;64.281982421875;92.82502746582031;[1]
(cacf);43;12:00:18:478;28.2047996520996;63.5343017578125;92.95210266113281;[1]
(aaaf);46;12:00:21:554;29.20319938659667;64.281982421875;92.82502746582031;[1]
(cacf);44;12:00:18:728;28.14239883422851;63.5343017578125;92.95210266113281;[1]
(aaaf);47;12:00:21:804;29.20319938659667;64.281982421875;92.82502746582031;[1]
(cacf);45;12:00:18:978;28.2047996520996;63.5343017578125;92.95210266113281;[1]
(aaaf);48;12:00:22:47;29.20319938659667;64.281982421875;92.82502746582031;[1]
(cacf);46;12:00:19:226;28.2047996520996;63.5343017578125;92.82502746582031;[1]
(aaaf);49;12:00:22:295;29.20319938659667;64.281982421875;92.82502746582031;[1]
(cacf);47;12:00:19:473;28.2047996520996;63.5343017578125;92.95210266113281;[1]
(aaaf);50;12:00:22:549;29.20319938659667;64.281982421875;92.82502746582031;[1]
(cacf);48;12:00:19:722;28.2047996520996;63.5343017578125;92.82502746582031;[1]
(aaaf);51;12:00:22:798;29.20319938659667;64.281982421875;92.69794464111328;[1]
(cacf);49;12:00:19:977;28.14239883422851;63.5343017578125;92.95210266113281;[1]
(aaaf);52;12:00:23:48;29.20319938659667;64.281982421875;92.82502746582031;[1]
(cacf);50;12:00:20:226;28.2047996520996;63.5343017578125;92.82502746582031;[1]
(aaaf);53;12:00:23:296;29.20319938659667;64.281982421875;92.82502746582031;[1]
(cacf);51;12:00:20:475;28.2047996520996;63.5343017578125;92.82502746582031;[1]
(aaaf);54;12:00:23:546;29.20319938659667;64.281982421875;92.88856506347656;[1]
(cacf);52;12:00:20:723;28.2047996520996;63.5343017578125;92.82502746582031;[1]
(aaaf);55;12:00:23:800;29.20319938659667;64.281982421875;92.69794464111328;[1]
(cacf);53;12:00:20:973;28.2047996520996;63.5343017578125;92.82502746582031;[1]
(aaaf);56;12:00:24:43;29.20319938659667;64.281982421875;92.69794464111328;[1]
(cacf);54;12:00:21:223;28.2047996520996;63.5343017578125;92.95210266113281;[1]
(aaaf);57;12:00:24:294;29.20319938659667;64.281982421875;92.82502746582031;[1]
(cacf);55;12:00:21:472;28.2047996520996;63.5343017578125;92.82502746582031;[1]
(aaaf);58;12:00:24:547;29.20319938659667;64.281982421875;92.82502746582031;[1]
(cacf);56;12:00:21:730;28.2047996520996;63.5343017578125;92.82502746582031;[1]
(aaaf);59;12:00:24:796;29.20319938659667;64.281982421875;92.69794464111328;[1]
(cacf);57;12:00:21:979;28.2047996520996;63.5343017578125;92.82502746582031;[1]
(aaaf);60;12:00:25:43;29.20319938659667;64.281982421875;92.82502746582031;[1]
(cacf);58;12:00:22:226;28.2047996520996;63.5343017578125;92.82502746582031;[1]
(aaaf);61;12:00:25:293;29.14079856872558;64.281982421875;92.69794464111328;[1]
(cacf);59;12:00:22:476;28.2047996520996;63.5343017578125;92.76148986816406;[1]
(aaaf);62;12:00:25:541;29.20319938659667;64.281982421875;92.82502746582031;[1]
(cacf);60;12:00:22:726;28.2047996520996;63.5343017578125;92.82502746582031;[1]
(aaaf);63;12:00:25:790;29.20319938659667;64.281982421875;92.82502746582031;[1]
(cacf);61;12:00:22:974;28.2047996520996;63.5343017578125;92.82502746582031;[1]
(aaaf);64;12:00:26:40;29.20319938659667;64.281982421875;92.69794464111328;[1]
(cacf);62;12:00:23:224;28.2047996520996;63.5343017578125;92.76148986816406;[1]
(aaaf);65;12:00:26:289;29.20319938659667;64.281982421875;92.82502746582031;[1]
(cacf);63;12:00:23:483;28.14239883422851;63.5343017578125;92.76148986816406;[1]
(aaaf);66;12:00:26:537;29.20319938659667;64.281982421875;92.82502746582031;[1]
(cacf);64;12:00:23:736;28.2047996520996;63.5343017578125;92.82502746582031;[1]
(aaaf);67;12:00:26:786;29.20319938659667;64.281982421875;92.88856506347656;[1]
(cacf);65;12:00:23:984;28.2047996520996;63.5343017578125;92.82502746582031;[1]
(aaaf);68;12:00:27:34;29.20319938659667;64.3125;92.82502746582031;[1]
(cacf);66;12:00:24:233;28.14239883422851;63.5343017578125;92.95210266113281;[1]
(aaaf);69;12:00:27:278;29.20319938659667;64.3125;92.82502746582031;[1]
(cacf);67;12:00:24:484;28.2047996520996;63.5343017578125;92.82502746582031;[1]
(aaaf);70;12:00:27:521;29.20319938659667;64.3125;92.82502746582031;[1]
(cacf);68;12:00:24:737;28.2047996520996;63.5343017578125;92.82502746582031;[1]
(aaaf);71;12:00:27:771;29.20319938659667;64.3125;92.76148986816406;[1]
(cacf);69;12:00:24:985;28.2047996520996;63.5343017578125;92.76148986816406;[1]
(aaaf);72;12:00:28:16;29.20319938659667;64.3125;92.82502746582031;[1]
(cacf);70;12:00:25:239;28.2047996520996;63.5343017578125;92.82502746582031;[1]
(aaaf);73;12:00:28:260;29.20319938659667;64.3125;92.69794464111328;[1]
(cacf);71;12:00:25:487;28.2047996520996;63.5343017578125;92.82502746582031;[1]
(aaaf);74;12:00:28:504;29.20319938659667;64.3125;92.82502746582031;[1]
(cacf);72;12:00:25:737;28.14239883422851;63.5343017578125;92.82502746582031;[1]
(aaaf);75;12:00:28:747;29.14079856872558;64.3125;92.82502746582031;[1]
(cacf);73;12:00:25:985;28.2047996520996;63.5343017578125;92.95210266113281;[1]
(aaaf);76;12:00:28:990;29.20319938659667;64.3125;92.82502746582031;[1]
(cacf);74;12:00:26:236;28.2047996520996;63.5343017578125;92.82502746582031;[1]
(aaaf);77;12:00:29:233;29.20319938659667;64.3125;92.82502746582031;[1]
(cacf);75;12:00:26:489;28.2047996520996;63.5343017578125;92.82502746582031;[1]
(aaaf);78;12:00:29:482;29.20319938659667;64.3125;92.82502746582031;[1]
(cacf);76;12:00:26:743;28.2047996520996;63.5343017578125;92.82502746582031;[1]
(aaaf);79;12:00:29:727;29.20319938659667;64.3125;92.82502746582031;[1]
(cacf);77;12:00:26:997;28.2047996520996;63.5343017578125;92.95210266113281;[1]
(aaaf);80;12:00:29:972;29.20319938659667;64.3125;92.69794464111328;[1]
(cacf);78;12:00:27:250;28.14239883422851;63.5343017578125;92.82502746582031;[1]
(aaaf);81;12:00:30:216;29.20319938659667;64.343017578125;92.82502746582031;[1]
(cacf);79;12:00:27:500;28.2047996520996;63.5343017578125;92.82502746582031;[1]
(aaaf);82;12:00:30:465;29.20319938659667;64.3125;92.82502746582031;[1]
(cacf);80;12:00:27:754;28.14239883422851;63.5343017578125;92.69794464111328;[1]
(aaaf);83;12:00:30:707;29.20319938659667;64.343017578125;92.82502746582031;[1]
(cacf);81;12:00:28:2;28.2047996520996;63.5343017578125;92.82502746582031;[1]
(aaaf);84;12:00:30:957;29.14079856872558;64.343017578125;92.82502746582031;[1]
(cacf);82;12:00:28:250;28.2047996520996;63.5343017578125;92.82502746582031;[1]
(aaaf);85;12:00:31:207;29.20319938659667;64.343017578125;92.82502746582031;[1]
(cacf);83;12:00:28:499;28.2047996520996;63.5343017578125;92.82502746582031;[1]
(aaaf);86;12:00:31:460;29.20319938659667;64.343017578125;92.82502746582031;[1]
(cacf);84;12:00:28:754;28.2047996520996;63.5343017578125;92.82502746582031;[1]
(aaaf);87;12:00:31:708;29.20319938659667;64.343017578125;92.69794464111328;[1]
(cacf);85;12:00:29:2;28.14239883422851;63.5343017578125;92.76148986816406;[1]
(aaaf);88;12:00:31:958;29.20319938659667;64.343017578125;92.82502746582031;[1]
(cacf);86;12:00:29:251;28.2047996520996;63.5343017578125;92.76148986816406;[1]
(aaaf);89;12:00:32:208;29.20319938659667;64.343017578125;92.82502746582031;[1]
(cacf);87;12:00:29:501;28.2047996520996;63.5343017578125;92.95210266113281;[1]
(aaaf);90;12:00:32:456;29.20319938659667;64.343017578125;92.82502746582031;[1]
(cacf);88;12:00:29:749;28.2047996520996;63.5343017578125;92.82502746582031;[1]
(aaaf);91;12:00:32:704;29.20319938659667;64.343017578125;92.82502746582031;[1]
(aaaf);91;12:00:32:704;29.20319938659667;64.343017578125;92.82502746582031;[1]
(cacf);89;12:00:29:998;28.2047996520996;63.5343017578125;92.82502746582031;[1]
(aaaf);92;12:00:32:960;29.20319938659667;64.343017578125;92.82502746582031;[1]
(cacf);90;12:00:30:247;28.2047996520996;63.5343017578125;92.76148986816406;[1]
(aaaf);93;12:00:33:218;29.20319938659667;64.343017578125;92.82502746582031;[1]
(cacf);91;12:00:30:501;28.2047996520996;63.5343017578125;92.76148986816406;[1]
(aaaf);94;12:00:33:472;29.20319938659667;64.343017578125;92.69794464111328;[1]
(cacf);92;12:00:30:750;28.2047996520996;63.5343017578125;92.82502746582031;[1]
(aaaf);95;12:00:33:726;29.20319938659667;64.343017578125;92.82502746582031;[1]
(cacf);93;12:00:30:999;28.2047996520996;63.5343017578125;92.69794464111328;[1]
(aaaf);96;12:00:33:975;29.20319938659667;64.343017578125;92.82502746582031;[1]
(cacf);94;12:00:31:247;28.2047996520996;63.5343017578125;92.76148986816406;[1]
(aaaf);97;12:00:34:229;29.20319938659667;64.343017578125;92.82502746582031;[1]
(cacf);95;12:00:31:497;28.2047996520996;63.5343017578125;92.76148986816406;[1]
(aaaf);98;12:00:34:482;29.20319938659667;64.343017578125;92.82502746582031;[1]
(cacf);96;12:00:31:745;28.2047996520996;63.5343017578125;92.95210266113281;[1]
(aaaf);99;12:00:34:731;29.20319938659667;64.3125;92.88856506347656;[1]
(cacf);97;12:00:31:993;28.2047996520996;63.5343017578125;92.82502746582031;[1]
(aaaf);100;12:00:34:979;29.20319938659667;64.3125;92.82502746582031;[1]
(cacf);98;12:00:32:247;28.2047996520996;63.5343017578125;92.82502746582031;[1]
(aaaf);101;12:00:35:223;29.20319938659667;64.3125;92.82502746582031;[1]
(cacf);99;12:00:32:496;28.2047996520996;63.5343017578125;92.82502746582031;[1]
(aaaf);102;12:00:35:466;29.20319938659667;64.3125;92.69794464111328;[1]
(cacf);100;12:00:32:745;28.2047996520996;63.5343017578125;92.82502746582031;[1]
(aaaf);103;12:00:35:709;29.20319938659667;64.3125;92.82502746582031;[1]
(cacf);101;12:00:32:995;28.2047996520996;63.5343017578125;92.82502746582031;[1]
(aaaf);104;12:00:35:953;29.20319938659667;64.3125;92.82502746582031;[1]
(cacf);102;12:00:33:243;28.2047996520996;63.5343017578125;92.82502746582031;[1]
(aaaf);105;12:00:36:197;29.20319938659667;64.3125;92.82502746582031;[1]
(cacf);103;12:00:33:498;28.2047996520996;63.5343017578125;92.95210266113281;[1]
(aaaf);106;12:00:36:441;29.20319938659667;64.343017578125;92.76148986816406;[1]
(cacf);104;12:00:33:748;28.2047996520996;63.5343017578125;92.82502746582031;[1]
(aaaf);107;12:00:36:696;29.20319938659667;64.3125;92.82502746582031;[1]
(cacf);105;12:00:34:1;28.2047996520996;63.5343017578125;92.82502746582031;[1]
(aaaf);108;12:00:36:940;29.20319938659667;64.343017578125;92.88856506347656;[1]
(cacf);106;12:00:34:254;28.14239883422851;63.5343017578125;92.88856506347656;[1]
(aaaf);109;12:00:37:190;29.20319938659667;64.343017578125;92.88856506347656;[1]
(cacf);107;12:00:34:502;28.14239883422851;63.5343017578125;92.76148986816406;[1]
(aaaf);110;12:00:37:437;29.20319938659667;64.343017578125;92.69794464111328;[1]
(cacf);108;12:00:34:751;28.2047996520996;63.5343017578125;92.76148986816406;[1]
(aaaf);111;12:00:37:687;29.20319938659667;64.343017578125;92.82502746582031;[1]
(cacf);109;12:00:35:1;28.2047996520996;63.5343017578125;92.82502746582031;[1]
(aaaf);112;12:00:37:936;29.20319938659667;64.343017578125;92.82502746582031;[1]
(cacf);110;12:00:35:249;28.2047996520996;63.5343017578125;92.82502746582031;[1]
(aaaf);113;12:00:38:184;29.20319938659667;64.343017578125;92.69794464111328;[1]
(cacf);111;12:00:35:498;28.2047996520996;63.5343017578125;92.82502746582031;[1]
(aaaf);114;12:00:38:438;29.20319938659667;64.343017578125;92.82502746582031;[1]
(cacf);112;12:00:35:747;28.2047996520996;63.5343017578125;92.82502746582031;[1]
(aaaf);115;12:00:38:687;29.20319938659667;64.343017578125;92.82502746582031;[1]
(cacf);113;12:00:36:1;28.2047996520996;63.5343017578125;92.82502746582031;[1]
(aaaf);116;12:00:38:936;29.20319938659667;64.343017578125;92.82502746582031;[1]
(cacf);114;12:00:36:251;28.2047996520996;63.5343017578125;92.82502746582031;[1]
(aaaf);117;12:00:39:185;29.20319938659667;64.343017578125;92.88856506347656;[1]
(cacf);115;12:00:36:499;28.2047996520996;63.5343017578125;92.69794464111328;[1]
(aaaf);118;12:00:39:435;29.20319938659667;64.37353515625;92.82502746582031;[1]
(cacf);116;12:00:36:749;28.2047996520996;63.5343017578125;92.82502746582031;[1]
(aaaf);119;12:00:39:683;29.20319938659667;64.37353515625;92.82502746582031;[1]
(cacf);117;12:00:37:3;28.14239883422851;63.5343017578125;92.82502746582031;[1]
(aaaf);120;12:00:39:933;29.20319938659667;64.37353515625;92.69794464111328;[1]
(cacf);118;12:00:37:251;28.2047996520996;63.5343017578125;92.82502746582031;[1]
(aaaf);121;12:00:40:187;29.20319938659667;64.37353515625;92.76148986816406;[1]
(cacf);119;12:00:37:499;28.2047996520996;63.5343017578125;92.95210266113281;[1]
(aaaf);122;12:00:40:434;29.20319938659667;64.37353515625;92.82502746582031;[1]
(cacf);120;12:00:37:754;28.2047996520996;63.5343017578125;92.82502746582031;[1]
(aaaf);123;12:00:40:684;29.26559829711914;64.37353515625;92.69794464111328;[1]
(cacf);121;12:00:38:2;28.2047996520996;63.5343017578125;92.82502746582031;[1]
(aaaf);124;12:00:40:932;29.20319938659667;64.37353515625;92.82502746582031;[1]
(cacf);122;12:00:38:251;28.2047996520996;63.5343017578125;92.82502746582031;[1]
(aaaf);125;12:00:41:181;29.26559829711914;64.37353515625;92.82502746582031;[1]
(cacf);123;12:00:38:500;28.2047996520996;63.5343017578125;92.82502746582031;[1]
(aaaf);126;12:00:41:430;29.26559829711914;64.37353515625;92.82502746582031;[1]
(cacf);124;12:00:38:748;28.2047996520996;63.5343017578125;92.82502746582031;[1]
(aaaf);127;12:00:41:680;29.20319938659667;64.37353515625;92.69794464111328;[1]
(cacf);125;12:00:38:997;28.14239883422851;63.5343017578125;92.95210266113281;[1]
(aaaf);128;12:00:41:933;29.20319938659667;64.37353515625;92.82502746582031;[1]
(cacf);126;12:00:39:248;28.2047996520996;63.5648193359375;92.82502746582031;[1]
(aaaf);129;12:00:42:182;29.20319938659667;64.404052734375;92.82502746582031;[1]
(cacf);127;12:00:39:500;28.2047996520996;63.5648193359375;92.95210266113281;[1]
(aaaf);130;12:00:42:432;29.26559829711914;64.404052734375;92.82502746582031;[1]
(cacf);128;12:00:39:750;28.14239883422851;63.5648193359375;92.82502746582031;[1]
(aaaf);131;12:00:42:680;29.20319938659667;64.404052734375;92.88856506347656;[1]
(cacf);129;12:00:39:998;28.2047996520996;63.5648193359375;92.82502746582031;[1]
(aaaf);132;12:00:42:928;29.20319938659667;64.404052734375;92.82502746582031;[1]
(cacf);130;12:00:40:247;28.2047996520996;63.5648193359375;92.95210266113281;[1]
(aaaf);133;12:00:43:177;29.20319938659667;64.404052734375;92.82502746582031;[1]
(cacf);131;12:00:40:497;28.2047996520996;63.5648193359375;92.95210266113281;[1]
(aaaf);134;12:00:43:427;29.20319938659667;64.404052734375;92.82502746582031;[1]
(cacf);132;12:00:40:751;28.2047996520996;63.5648193359375;92.82502746582031;[1]
(aaaf);135;12:00:43:680;29.20319938659667;64.404052734375;92.82502746582031;[1]
(cacf);133;12:00:40:999;28.2047996520996;63.5648193359375;93.01564025878906;[1]
(aaaf);136;12:00:43:930;29.20319938659667;64.404052734375;92.82502746582031;[1]
(cacf);134;12:00:41:253;28.2047996520996;63.5648193359375;92.88856506347656;[1]
(aaaf);137;12:00:44:178;29.20319938659667;64.404052734375;92.63440704345703;[1]
(cacf);135;12:00:41:502;28.2047996520996;63.5648193359375;92.82502746582031;[1]
(aaaf);138;12:00:44:428;29.20319938659667;64.404052734375;92.82502746582031;[1]
(cacf);136;12:00:41:750;28.2047996520996;63.5648193359375;92.63440704345703;[1]
(aaaf);139;12:00:44:682;29.20319938659667;64.404052734375;92.88856506347656;[1]
(cacf);137;12:00:41:999;28.2047996520996;63.5648193359375;92.82502746582031;[1]
(aaaf);140;12:00:44:936;29.20319938659667;64.404052734375;92.63440704345703;[1]
(cacf);138;12:00:42:248;28.2047996520996;63.5648193359375;92.82502746582031;[1]
(aaaf);141;12:00:45:190;29.20319938659667;64.404052734375;92.82502746582031;[1]
(cacf);139;12:00:42:499;28.2047996520996;63.5648193359375;92.82502746582031;[1]
(aaaf);142;12:00:45:445;29.26559829711914;64.4345703125;92.88856506347656;[1]
(cacf);140;12:00:42:753;28.2047996520996;63.5648193359375;92.76148986816406;[1]
(aaaf);143;12:00:45:697;29.20319938659667;64.404052734375;92.88856506347656;[1]
(cacf);141;12:00:43:11;28.2047996520996;63.5648193359375;92.82502746582031;[1]
(aaaf);144;12:00:45:945;29.20319938659667;64.4345703125;92.88856506347656;[1]
(cacf);142;12:00:43:265;28.2047996520996;63.5648193359375;92.82502746582031;[1]
(aaaf);145;12:00:46:193;29.26559829711914;64.4345703125;92.82502746582031;[1]
(cacf);143;12:00:43:513;28.2047996520996;63.5648193359375;92.76148986816406;[1]
(aaaf);146;12:00:46:443;29.26559829711914;64.4345703125;92.69794464111328;[1]
(cacf);144;12:00:43:763;28.2047996520996;63.5648193359375;92.76148986816406;[1]
(aaaf);147;12:00:46:692;29.26559829711914;64.4345703125;92.69794464111328;[1]
(cacf);145;12:00:44:17;28.2047996520996;63.5648193359375;92.82502746582031;[1]
(aaaf);148;12:00:46:941;29.20319938659667;64.4345703125;92.82502746582031;[1]
(cacf);146;12:00:44:265;28.2047996520996;63.5648193359375;92.82502746582031;[1]
(aaaf);149;12:00:47:194;29.26559829711914;64.4345703125;92.82502746582031;[1]
(cacf);147;12:00:44:514;28.2047996520996;63.5648193359375;92.82502746582031;[1]
(aaaf);150;12:00:47:443;29.20319938659667;64.4345703125;92.69794464111328;[1]
(cacf);148;12:00:44:769;28.2047996520996;63.5648193359375;92.82502746582031;[1]
(aaaf);151;12:00:47:692;29.26559829711914;64.4345703125;92.82502746582031;[1]
(cacf);149;12:00:45:22;28.2047996520996;63.5648193359375;92.82502746582031;[1]
(aaaf);152;12:00:47:942;29.26559829711914;64.4345703125;92.69794464111328;[1]
(cacf);150;12:00:45:270;28.2047996520996;63.5648193359375;92.82502746582031;[1]
(aaaf);153;12:00:48:191;29.26559829711914;64.4345703125;92.82502746582031;[1]
(cacf);151;12:00:45:519;28.2047996520996;63.5648193359375;93.07917785644531;[1]
(aaaf);154;12:00:48:440;29.26559829711914;64.4345703125;92.82502746582031;[1]
(cacf);152;12:00:45:768;28.2047996520996;63.5648193359375;92.95210266113281;[1]
(aaaf);155;12:00:48:688;29.26559829711914;64.4345703125;92.82502746582031;[1]
(cacf);153;12:00:46:17;28.2047996520996;63.5648193359375;92.69794464111328;[1]
(aaaf);156;12:00:48:943;29.26559829711914;64.404052734375;92.82502746582031;[1]
(cacf);154;12:00:46:267;28.14239883422851;63.5648193359375;92.82502746582031;[1]
(aaaf);157;12:00:49:192;29.26559829711914;64.404052734375;92.82502746582031;[1]
(cacf);155;12:00:46:520;28.2047996520996;63.5648193359375;92.76148986816406;[1]
(aaaf);158;12:00:49:440;29.26559829711914;64.404052734375;92.88856506347656;[1]
(cacf);156;12:00:46:769;28.2047996520996;63.5648193359375;92.82502746582031;[1]
(aaaf);159;12:00:49:689;29.26559829711914;64.404052734375;92.76148986816406;[1]
(cacf);157;12:00:47:18;28.2047996520996;63.5648193359375;92.82502746582031;[1]
(aaaf);160;12:00:49:937;29.20319938659667;64.404052734375;92.82502746582031;[1]
(cacf);158;12:00:47:268;28.2047996520996;63.5648193359375;92.82502746582031;[1]
(aaaf);161;12:00:50:187;29.26559829711914;64.404052734375;92.69794464111328;[1]
(cacf);159;12:00:47:522;28.2047996520996;63.5648193359375;92.82502746582031;[1]
(aaaf);162;12:00:50:437;29.26559829711914;64.404052734375;92.88856506347656;[1]
(cacf);160;12:00:47:775;28.2047996520996;63.5648193359375;92.82502746582031;[1]
(aaaf);163;12:00:50:697;29.20319938659667;64.404052734375;92.69794464111328;[1]
(cacf);161;12:00:48:28;28.2047996520996;63.5648193359375;92.95210266113281;[1]
(aaaf);164;12:00:50:950;29.26559829711914;64.37353515625;92.88856506347656;[1]
(cacf);162;12:00:48:281;28.14239883422851;63.5648193359375;92.82502746582031;[1]
(aaaf);165;12:00:51:203;29.26559829711914;64.37353515625;92.82502746582031;[1]
(cacf);163;12:00:48:530;28.2047996520996;63.5648193359375;92.82502746582031;[1]
(aaaf);166;12:00:51:451;29.26559829711914;64.37353515625;92.82502746582031;[1]
(cacf);164;12:00:48:779;28.2047996520996;63.5648193359375;92.82502746582031;[1]
(aaaf);167;12:00:51:699;29.26559829711914;64.37353515625;92.76148986816406;[1]
(cacf);165;12:00:49:28;28.2047996520996;63.5648193359375;92.82502746582031;[1]
(aaaf);168;12:00:51:948;29.26559829711914;64.37353515625;92.82502746582031;[1]
(cacf);166;12:00:49:277;28.2047996520996;63.5648193359375;92.82502746582031;[1]
(aaaf);169;12:00:52:198;29.26559829711914;64.37353515625;92.88856506347656;[1]
(cacf);167;12:00:49:526;28.2047996520996;63.5648193359375;92.95210266113281;[1]
(aaaf);170;12:00:52:454;29.26559829711914;64.37353515625;92.82502746582031;[1]
(cacf);168;12:00:49:776;28.2047996520996;63.5648193359375;92.88856506347656;[1]
(aaaf);171;12:00:52:706;29.26559829711914;64.37353515625;92.76148986816406;[1]
(cacf);169;12:00:50:30;28.2047996520996;63.5648193359375;92.82502746582031;[1]
(aaaf);172;12:00:52:960;29.26559829711914;64.37353515625;92.88856506347656;[1]
(cacf);170;12:00:50:278;28.2047996520996;63.5648193359375;92.76148986816406;[1]
(aaaf);173;12:00:53:207;29.26559829711914;64.37353515625;92.69794464111328;[1]
(cacf);171;12:00:50:528;28.2047996520996;63.5648193359375;92.82502746582031;[1]
(aaaf);174;12:00:53:456;29.26559829711914;64.37353515625;92.69794464111328;[1]
(cacf);172;12:00:50:776;28.2047996520996;63.5648193359375;92.82502746582031;[1]
(aaaf);175;12:00:53:706;29.26559829711914;64.37353515625;92.69794464111328;[1]
(cacf);173;12:00:51:24;28.2047996520996;63.5648193359375;92.82502746582031;[1]
(aaaf);176;12:00:53:956;29.26559829711914;64.37353515625;92.69794464111328;[1]
(cacf);174;12:00:51:273;28.2047996520996;63.5648193359375;92.82502746582031;[1]
(aaaf);177;12:00:54:209;29.26559829711914;64.37353515625;92.82502746582031;[1]
(cacf);175;12:00:51:522;28.26719856262207;63.5648193359375;92.82502746582031;[1]
(aaaf);178;12:00:54:458;29.26559829711914;64.37353515625;92.69794464111328;[1]
(cacf);176;12:00:51:777;28.2047996520996;63.5648193359375;92.76148986816406;[1]
(aaaf);179;12:00:54:707;29.26559829711914;64.37353515625;92.69794464111328;[1]
(cacf);177;12:00:52:26;28.2047996520996;63.5648193359375;92.82502746582031;[1]
(aaaf);180;12:00:54:956;29.26559829711914;64.37353515625;92.88856506347656;[1]
(cacf);178;12:00:52:275;28.26719856262207;63.5648193359375;92.69794464111328;[1]
(aaaf);181;12:00:55:204;29.26559829711914;64.37353515625;92.69794464111328;[1]
(cacf);179;12:00:52:525;28.26719856262207;63.5648193359375;92.95210266113281;[1]
(aaaf);182;12:00:55:454;29.26559829711914;64.37353515625;92.82502746582031;[1]
(cacf);180;12:00:52:779;28.2047996520996;63.5648193359375;92.82502746582031;[1]
(aaaf);183;12:00:55:703;29.26559829711914;64.404052734375;92.82502746582031;[1]
(cacf);181;12:00:53:33;28.2047996520996;63.5648193359375;92.82502746582031;[1]
(aaaf);184;12:00:55:955;29.26559829711914;64.404052734375;92.69794464111328;[1]
(cacf);182;12:00:53:286;28.26719856262207;63.5953369140625;92.95210266113281;[1]
(aaaf);185;12:00:56:206;29.26559829711914;64.404052734375;92.82502746582031;[1]
(cacf);183;12:00:53:540;28.2047996520996;63.5953369140625;92.82502746582031;[1]
(aaaf);186;12:00:56:459;29.32799911499023;64.404052734375;92.82502746582031;[1]
(cacf);184;12:00:53:792;28.2047996520996;63.5953369140625;92.95210266113281;[1]
(aaaf);187;12:00:56:713;29.26559829711914;64.404052734375;92.82502746582031;[1]
(cacf);185;12:00:54:42;28.2047996520996;63.5953369140625;92.88856506347656;[1]
(aaaf);188;12:00:56:961;29.26559829711914;64.404052734375;92.88856506347656;[1]
(cacf);186;12:00:54:291;28.2047996520996;63.5953369140625;92.95210266113281;[1]
(aaaf);189;12:00:57:211;29.26559829711914;64.404052734375;92.82502746582031;[1]
(cacf);187;12:00:54:539;28.26719856262207;63.5953369140625;92.88856506347656;[1]
(aaaf);190;12:00:57:465;29.26559829711914;64.404052734375;92.82502746582031;[1]
(cacf);188;12:00:54:788;28.26719856262207;63.5953369140625;92.82502746582031;[1]
(aaaf);191;12:00:57:717;29.26559829711914;64.404052734375;92.82502746582031;[1]
(cacf);189;12:00:55:38;28.2047996520996;63.5953369140625;92.76148986816406;[1]
(aaaf);192;12:00:57:968;29.32799911499023;64.404052734375;92.82502746582031;[1]
(cacf);190;12:00:55:291;28.2047996520996;63.5953369140625;92.82502746582031;[1]
(aaaf);193;12:00:58:216;29.26559829711914;64.4345703125;92.76148986816406;[1]
(cacf);191;12:00:55:540;28.26719856262207;63.5953369140625;92.76148986816406;[1]
(aaaf);194;12:00:58:464;29.26559829711914;64.404052734375;92.82502746582031;[1]
(cacf);192;12:00:55:789;28.2047996520996;63.5953369140625;92.76148986816406;[1]
(aaaf);195;12:00:58:714;29.26559829711914;64.404052734375;92.82502746582031;[1]
(cacf);193;12:00:56:39;28.2047996520996;63.6258544921875;92.82502746582031;[1]
(aaaf);196;12:00:58:962;29.32799911499023;64.4345703125;92.88856506347656;[1]
(cacf);194;12:00:56:293;28.2047996520996;63.6258544921875;92.82502746582031;[1]
(aaaf);197;12:00:59:212;29.26559829711914;64.4345703125;92.88856506347656;[1]
(cacf);195;12:00:56:542;28.26719856262207;63.6258544921875;92.82502746582031;[1]
(aaaf);198;12:00:59:460;29.26559829711914;64.4345703125;92.88856506347656;[1]
(cacf);196;12:00:56:790;28.2047996520996;63.6258544921875;92.95210266113281;[1]
(aaaf);199;12:00:59:715;29.32799911499023;64.4345703125;92.82502746582031;[1]
(cacf);197;12:00:57:46;28.26719856262207;63.6258544921875;92.76148986816406;[1]
(aaaf);200;12:00:59:963;29.32799911499023;64.4345703125;92.82502746582031;[1]
(cacf);198;12:00:57:298;28.26719856262207;63.6258544921875;92.95210266113281;[1]
(aaaf);201;12:01:00:211;29.32799911499023;64.4345703125;92.82502746582031;[1]
(cacf);199;12:00:57:546;28.2047996520996;63.6258544921875;92.82502746582031;[1]
(aaaf);202;12:01:00:461;29.32799911499023;64.4345703125;92.76148986816406;[1]
(cacf);200;12:00:57:796;28.26719856262207;63.6258544921875;92.88856506347656;[1]
(aaaf);203;12:01:00:710;29.32799911499023;64.4345703125;92.88856506347656;[1]
(cacf);201;12:00:58:44;28.26719856262207;63.6258544921875;92.95210266113281;[1]
(aaaf);204;12:01:00:957;29.32799911499023;64.4345703125;92.82502746582031;[1]
(cacf);202;12:00:58:294;28.26719856262207;63.6258544921875;92.82502746582031;[1]
(aaaf);205;12:01:01:206;29.32799911499023;64.4345703125;92.69794464111328;[1]
(cacf);203;12:00:58:548;28.26719856262207;63.6258544921875;92.82502746582031;[1]
(aaaf);206;12:01:01:460;29.32799911499023;64.4345703125;92.82502746582031;[1]
(cacf);204;12:00:58:801;28.26719856262207;63.6258544921875;92.82502746582031;[1]
(aaaf);207;12:01:01:709;29.32799911499023;64.4345703125;92.69794464111328;[1]
(cacf);205;12:00:59:51;28.26719856262207;63.6258544921875;92.82502746582031;[1]
(aaaf);208;12:01:01:959;29.32799911499023;64.4345703125;92.82502746582031;[1]
(cacf);206;12:00:59:299;28.26719856262207;63.6258544921875;92.82502746582031;[1]
(aaaf);209;12:01:02:208;29.32799911499023;64.4345703125;92.88856506347656;[1]
(cacf);207;12:00:59:549;28.26719856262207;63.6258544921875;92.82502746582031;[1]
(aaaf);210;12:01:02:462;29.26559829711914;64.404052734375;92.76148986816406;[1]
(cacf);208;12:00:59:797;28.26719856262207;63.6258544921875;92.82502746582031;[1]
(aaaf);211;12:01:02:710;29.32799911499023;64.404052734375;92.69794464111328;[1]
(cacf);209;12:01:00:45;28.26719856262207;63.6258544921875;92.82502746582031;[1]
(aaaf);212;12:01:02:960;29.32799911499023;64.404052734375;92.88856506347656;[1]
(cacf);210;12:01:00:294;28.2047996520996;63.6258544921875;92.82502746582031;[1]
(aaaf);213;12:01:03:219;29.32799911499023;64.404052734375;92.82502746582031;[1]
(cacf);211;12:01:00:549;28.2047996520996;63.6258544921875;92.95210266113281;[1]
(aaaf);214;12:01:03:472;29.32799911499023;64.404052734375;92.88856506347656;[1]
(cacf);212;12:01:00:803;28.26719856262207;63.6258544921875;92.82502746582031;[1]
(aaaf);215;12:01:03:720;29.32799911499023;64.404052734375;92.88856506347656;[1]
(cacf);213;12:01:01:56;28.2047996520996;63.6258544921875;92.82502746582031;[1]
(aaaf);216;12:01:03:969;29.32799911499023;64.404052734375;92.82502746582031;[1]
(cacf);214;12:01:01:304;28.26719856262207;63.6258544921875;92.82502746582031;[1]
(aaaf);217;12:01:04:219;29.32799911499023;64.37353515625;92.88856506347656;[1]
(cacf);215;12:01:01:553;28.26719856262207;63.6258544921875;92.76148986816406;[1]
(aaaf);218;12:01:04:469;29.26559829711914;64.37353515625;92.69794464111328;[1]
(cacf);216;12:01:01:803;28.2047996520996;63.6258544921875;92.82502746582031;[1]
(aaaf);219;12:01:04:722;29.32799911499023;64.37353515625;92.82502746582031;[1]
(cacf);217;12:01:02:53;28.2047996520996;63.6258544921875;92.76148986816406;[1]
(aaaf);220;12:01:04:976;29.32799911499023;64.37353515625;92.82502746582031;[1]
(cacf);218;12:01:02:312;28.2047996520996;63.6258544921875;92.88856506347656;[1]
(aaaf);221;12:01:05:224;29.32799911499023;64.37353515625;92.76148986816406;[1]
(cacf);219;12:01:02:565;28.26719856262207;63.6258544921875;92.82502746582031;[1]
(aaaf);222;12:01:05:473;29.32799911499023;64.37353515625;92.63440704345703;[1]
(cacf);220;12:01:02:813;28.26719856262207;63.6258544921875;92.95210266113281;[1]
(aaaf);223;12:01:05:722;29.32799911499023;64.37353515625;92.88856506347656;[1]
(cacf);221;12:01:03:64;28.2047996520996;63.6258544921875;92.82502746582031;[1]
(aaaf);224;12:01:05:972;29.32799911499023;64.37353515625;92.69794464111328;[1]
(cacf);222;12:01:03:317;28.26719856262207;63.6258544921875;92.82502746582031;[1]
(aaaf);225;12:01:06:220;29.32799911499023;64.343017578125;92.69794464111328;[1]
(cacf);223;12:01:03:571;28.26719856262207;63.6258544921875;92.95210266113281;[1]
(aaaf);226;12:01:06:468;29.32799911499023;64.343017578125;92.76148986816406;[1]
(cacf);224;12:01:03:820;28.26719856262207;63.6258544921875;92.69794464111328;[1]
(aaaf);227;12:01:06:723;29.32799911499023;64.343017578125;92.82502746582031;[1]
(cacf);225;12:01:04:73;28.26719856262207;63.6258544921875;92.82502746582031;[1]
(aaaf);228;12:01:06:977;29.32799911499023;64.343017578125;92.76148986816406;[1]
(cacf);226;12:01:04:323;28.2047996520996;63.6258544921875;92.82502746582031;[1]
(aaaf);229;12:01:07:225;29.32799911499023;64.343017578125;92.82502746582031;[1]
(cacf);227;12:01:04:571;28.2047996520996;63.6258544921875;92.82502746582031;[1]
(aaaf);230;12:01:07:474;29.39039993286132;64.3125;92.82502746582031;[1]
(cacf);228;12:01:04:819;28.26719856262207;63.6258544921875;92.82502746582031;[1]
(aaaf);231;12:01:07:716;29.39039993286132;64.3125;92.82502746582031;[1]
(cacf);229;12:01:05:69;28.26719856262207;63.6258544921875;92.82502746582031;[1]
(aaaf);232;12:01:07:961;29.32799911499023;64.3125;92.82502746582031;[1]
(cacf);230;12:01:05:317;28.26719856262207;63.6258544921875;92.76148986816406;[1]
(aaaf);233;12:01:08:205;29.39039993286132;64.3125;92.88856506347656;[1]
(cacf);231;12:01:05:566;28.26719856262207;63.6258544921875;92.82502746582031;[1]
(aaaf);234;12:01:08:455;29.39039993286132;64.3125;92.69794464111328;[1]
(cacf);232;12:01:05:820;28.26719856262207;63.5953369140625;92.82502746582031;[1]
(aaaf);235;12:01:08:704;29.32799911499023;64.3125;92.76148986816406;[1]
(cacf);233;12:01:06:69;28.26719856262207;63.5953369140625;92.95210266113281;[1]
(aaaf);236;12:01:08:947;29.32799911499023;64.3125;92.88856506347656;[1]
(cacf);234;12:01:06:319;28.26719856262207;63.5953369140625;92.82502746582031;[1]
(aaaf);237;12:01:09:192;29.32799911499023;64.3125;92.88856506347656;[1]
(aaaf);238;12:01:09:435;29.32799911499023;64.3125;92.76148986816406;[1]
(cacf);235;12:01:06:567;28.2047996520996;63.5953369140625;92.82502746582031;[1]
(aaaf);239;12:01:09:678;29.32799911499023;64.3125;92.69794464111328;[1]
(cacf);236;12:01:06:821;28.26719856262207;63.5953369140625;92.69794464111328;[1]
(aaaf);240;12:01:09:922;29.32799911499023;64.3125;92.69794464111328;[1]
(cacf);237;12:01:07:69;28.26719856262207;63.5953369140625;92.82502746582031;[1]
(aaaf);241;12:01:10:171;29.39039993286132;64.281982421875;92.69794464111328;[1]
(cacf);238;12:01:07:317;28.26719856262207;63.5953369140625;92.82502746582031;[1]
(aaaf);242;12:01:10:421;29.39039993286132;64.281982421875;92.88856506347656;[1]
(cacf);239;12:01:07:572;28.26719856262207;63.5953369140625;92.82502746582031;[1]
(aaaf);243;12:01:10:671;29.32799911499023;64.281982421875;92.76148986816406;[1]
(cacf);240;12:01:07:821;28.26719856262207;63.5953369140625;92.82502746582031;[1]
(aaaf);244;12:01:10:924;29.39039993286132;64.281982421875;92.82502746582031;[1]
(cacf);241;12:01:08:71;28.26719856262207;63.5953369140625;92.82502746582031;[1]
(aaaf);245;12:01:11:178;29.39039993286132;64.281982421875;92.69794464111328;[1]
(cacf);242;12:01:08:324;28.26719856262207;63.5953369140625;92.82502746582031;[1]
(aaaf);246;12:01:11:421;29.32799911499023;64.281982421875;92.82502746582031;[1]
(cacf);243;12:01:08:572;28.26719856262207;63.5953369140625;92.76148986816406;[1]
(aaaf);247;12:01:11:671;29.32799911499023;64.281982421875;92.88856506347656;[1]
(cacf);244;12:01:08:822;28.26719856262207;63.5953369140625;92.82502746582031;[1]
(aaaf);248;12:01:11:930;29.32799911499023;64.281982421875;92.63440704345703;[1]
(cacf);245;12:01:09:72;28.26719856262207;63.5953369140625;92.82502746582031;[1]
(aaaf);249;12:01:12:179;29.32799911499023;64.281982421875;92.82502746582031;[1]
(cacf);246;12:01:09:331;28.26719856262207;63.5953369140625;92.82502746582031;[1]
(aaaf);250;12:01:12:427;29.39039993286132;64.281982421875;92.88856506347656;[1]
(cacf);247;12:01:09:584;28.26719856262207;63.5953369140625;92.82502746582031;[1]
(aaaf);251;12:01:12:675;29.39039993286132;64.281982421875;92.82502746582031;[1]
(cacf);248;12:01:09:832;28.26719856262207;63.5953369140625;92.82502746582031;[1]
(aaaf);252;12:01:12:924;29.32799911499023;64.281982421875;92.69794464111328;[1]
(cacf);249;12:01:10:81;28.26719856262207;63.5953369140625;92.88856506347656;[1]
(aaaf);253;12:01:13:174;29.39039993286132;64.281982421875;92.88856506347656;[0]
