(aadc);1;27.9552001953125;54.089111328125;92.31671142578125
(aadc);2;27.8927993774414;54.089111328125;92.31671142578125
(aadc);3;27.8927993774414;53.9365234375;92.253173828125
(aadc);4;27.8927993774414;53.85260009765625;92.31671142578125
(aadc);5;27.8927993774414;53.85260009765625;92.31671142578125
(aadc);6;27.8927993774414;53.82208251953125;92.31671142578125
(aadc);7;27.8927993774414;53.82208251953125;92.253173828125
(aadc);8;27.8927993774414;53.82208251953125;92.31671142578125
(aadc);9;27.8927993774414;53.79156494140625;92.18963623046875
(aadc);10;27.8927993774414;53.76104736328125;92.18963623046875
(aadc);11;27.8927993774414;53.76104736328125;92.31671142578125
(aadc);12;27.8927993774414;53.66949462890625;92.253173828125
(aadc);13;27.8927993774414;53.6160888671875;92.1260986328125
(aadc);14;27.8927993774414;53.5550537109375;92.18963623046875
(aadc);15;27.83039855957031;53.5550537109375;92.1260986328125
(aadc);16;27.83039855957031;53.5245361328125;92.253173828125
(aadc);17;27.83039855957031;53.4940185546875;92.18963623046875
(aadc);18;27.83039855957031;53.4635009765625;92.253173828125
(aadc);19;27.8927993774414;53.4635009765625;92.1260986328125
(aadc);20;27.83039855957031;53.4329833984375;92.253173828125
(aadc);21;27.83039855957031;53.4635009765625;92.253173828125
(aadc);22;27.83039855957031;53.4635009765625;92.3802490234375
(aadc);23;27.8927993774414;53.4329833984375;92.18963623046875
(aadc);24;27.83039855957031;53.4329833984375;92.253173828125
(aadc);25;27.8927993774414;53.4329833984375;92.31671142578125
(aadc);26;27.83039855957031;53.41009521484375;92.253173828125
(aadc);27;27.8927993774414;53.41009521484375;92.31671142578125
(aadc);28;27.8927993774414;53.41009521484375;92.18963623046875
(aadc);29;27.8927993774414;53.34906005859375;92.18963623046875
(aadc);30;27.83039855957031;53.34906005859375;92.18963623046875
(aadc);31;27.8927993774414;53.31854248046875;92.31671142578125
(aadc);32;27.8927993774414;53.41009521484375;92.31671142578125
(aadc);33;27.8927993774414;53.4329833984375;92.1260986328125
(aadc);34;27.8927993774414;53.4329833984375;92.31671142578125
(aadc);35;27.8927993774414;53.4329833984375;92.1260986328125
(aadc);36;27.8927993774414;53.41009521484375;92.31671142578125
(aadc);37;27.8927993774414;53.41009521484375;92.31671142578125
(aadc);38;27.8927993774414;53.4329833984375;92.253173828125
(aadc);39;27.8927993774414;53.5245361328125;92.31671142578125
(aadc);40;27.8927993774414;53.5550537109375;92.31671142578125
(aadc);41;27.8927993774414;53.4940185546875;92.31671142578125
(aadc);42;27.8927993774414;53.41009521484375;92.18963623046875
(aadc);43;27.9552001953125;53.31854248046875;92.18963623046875
(aadc);44;27.8927993774414;53.25750732421875;92.253173828125
(aadc);45;27.8927993774414;53.19647216796875;92.18963623046875
(aadc);46;27.8927993774414;53.173583984375;92.31671142578125
(aadc);47;27.9552001953125;53.14306640625;92.31671142578125
(aadc);48;27.8927993774414;53.14306640625;92.31671142578125
(aadc);49;27.8927993774414;53.112548828125;92.18963623046875
(aadc);50;27.8927993774414;53.08203125;92.31671142578125
(aadc);51;27.8927993774414;53.08203125;92.31671142578125
(aadc);52;27.8927993774414;53.08203125;92.1260986328125
(aadc);53;27.8927993774414;53.112548828125;92.253173828125
(aadc);54;27.8927993774414;53.112548828125;92.18963623046875
(aadc);55;27.9552001953125;53.112548828125;92.18963623046875
(aadc);56;27.8927993774414;53.112548828125;92.18963623046875
(aadc);57;27.9552001953125;53.08203125;92.3802490234375
(aadc);58;27.9552001953125;53.02099609375;92.31671142578125
(aadc);59;27.8927993774414;52.9599609375;92.31671142578125
(aadc);60;27.8927993774414;52.93707275390625;92.31671142578125
(aadc);61;27.8927993774414;52.90655517578125;92.253173828125
(aadc);62;27.9552001953125;52.90655517578125;92.31671142578125
(aadc);63;27.9552001953125;52.90655517578125;92.253173828125
(aadc);64;27.8927993774414;52.90655517578125;92.31671142578125
(aadc);65;27.9552001953125;52.90655517578125;92.31671142578125
(aadc);66;27.9552001953125;52.87603759765625;92.18963623046875
(aadc);67;27.8927993774414;52.84552001953125;92.253173828125
(aadc);68;27.8927993774414;52.84552001953125;92.31671142578125
(aadc);69;27.9552001953125;52.87603759765625;92.253173828125
(aadc);70;27.8927993774414;52.87603759765625;92.31671142578125
(aadc);71;27.9552001953125;52.87603759765625;92.31671142578125
(aadc);72;27.8927993774414;52.87603759765625;92.31671142578125
(aadc);73;27.9552001953125;52.87603759765625;92.18963623046875
(aadc);74;27.8927993774414;52.90655517578125;92.18963623046875
(aadc);75;27.9552001953125;52.90655517578125;92.31671142578125
(aadc);76;27.9552001953125;52.90655517578125;92.31671142578125
(aadc);77;27.9552001953125;52.90655517578125;92.31671142578125
(aadc);78;27.9552001953125;52.90655517578125;92.253173828125
(aadc);79;27.9552001953125;52.90655517578125;92.253173828125
(aadc);80;27.9552001953125;52.90655517578125;92.3802490234375
(aadc);81;27.9552001953125;52.90655517578125;92.253173828125
(aadc);82;27.9552001953125;52.90655517578125;92.253173828125
(aadc);83;27.9552001953125;52.90655517578125;92.31671142578125
(aadc);84;27.9552001953125;52.90655517578125;92.253173828125
(aadc);85;27.9552001953125;52.90655517578125;92.31671142578125
(aadc);86;27.8927993774414;52.90655517578125;92.31671142578125
(aadc);87;27.9552001953125;52.90655517578125;92.31671142578125
(aadc);88;27.8927993774414;52.90655517578125;92.31671142578125
(aadc);89;27.8927993774414;52.90655517578125;92.31671142578125
(aadc);90;27.8927993774414;52.90655517578125;92.31671142578125
(aadc);91;27.8927993774414;52.90655517578125;92.31671142578125
(aadc);92;27.9552001953125;52.87603759765625;92.31671142578125
(aadc);93;27.9552001953125;52.87603759765625;92.31671142578125
(aadc);94;27.8927993774414;52.93707275390625;92.31671142578125
(aadc);95;27.8927993774414;52.990478515625;92.18963623046875
(aadc);96;27.8927993774414;53.08203125;92.18963623046875
(aadc);97;27.9552001953125;53.08203125;92.31671142578125
(aadc);98;27.8927993774414;53.02099609375;92.31671142578125
(aadc);99;27.8927993774414;52.990478515625;92.3802490234375
(aadc);100;27.8927993774414;52.9599609375;92.31671142578125
(aadc);101;27.9552001953125;52.9599609375;92.31671142578125
(aadc);102;27.8927993774414;52.93707275390625;92.18963623046875
(aadc);103;27.9552001953125;52.90655517578125;92.31671142578125
(aadc);104;27.8927993774414;52.93707275390625;92.31671142578125
(aadc);105;27.8927993774414;53.112548828125;92.253173828125
