(aaaf);1;12:00:03:59;30.0143985748291;64.8160400390625;92.82502746582031;[1]
(aaaf);1;12:00:03:59;30.0143985748291;64.8160400390625;92.82502746582031;[1]
(aaaf);1;12:00:03:386;30.0143985748291;64.8160400390625;92.95210266113281;[1]
(aaaf);1;12:00:03:386;30.0143985748291;64.8160400390625;92.95210266113281;[1]
(aaaf);1;12:00:03:714;30.0143985748291;64.7550048828125;92.95210266113281;[1]
(aaaf);1;12:00:03:714;30.0143985748291;64.7550048828125;92.95210266113281;[1]
(aaaf);1;12:00:04:42;30.0143985748291;64.7550048828125;92.82502746582031;[1]
(aaaf);1;12:00:04:42;30.0143985748291;64.7550048828125;92.82502746582031;[1]
(aaaf);1;12:00:04:370;30.0143985748291;64.7550048828125;92.95210266113281;[1]
(aaaf);1;12:00:04:370;30.0143985748291;64.7550048828125;92.95210266113281;[1]
(aaaf);1;12:00:04:698;30.0767993927002;64.8160400390625;92.82502746582031;[1]
(aaaf);1;12:00:04:698;30.0767993927002;64.8160400390625;92.82502746582031;[1]
(aaaf);1;12:00:05:26;30.0143985748291;64.8160400390625;92.82502746582031;[1]
(aaaf);1;12:00:05:26;30.0143985748291;64.8160400390625;92.82502746582031;[1]
(aaaf);1;12:00:05:353;30.0767993927002;64.8160400390625;92.95210266113281;[1]
(aaaf);1;12:00:05:353;30.0767993927002;64.8160400390625;92.95210266113281;[1]
(aaaf);1;12:00:05:681;30.0143985748291;64.8160400390625;92.82502746582031;[1]
(aaaf);1;12:00:05:681;30.0143985748291;64.8160400390625;92.82502746582031;[1]
(aaaf);1;12:00:06:9;30.0767993927002;64.8160400390625;92.95210266113281;[1]
(aaaf);1;12:00:06:9;30.0767993927002;64.8160400390625;92.95210266113281;[1]
(aaaf);1;12:00:06:337;30.0143985748291;64.8160400390625;92.82502746582031;[1]
(aaaf);1;12:00:06:337;30.0143985748291;64.8160400390625;92.82502746582031;[1]
(aaaf);1;12:00:06:665;30.0143985748291;64.8160400390625;92.82502746582031;[1]
(aaaf);1;12:00:06:665;30.0143985748291;64.8160400390625;92.82502746582031;[1]
(aaaf);1;12:00:06:993;30.0767993927002;64.7550048828125;92.95210266113281;[1]
(aaaf);1;12:00:06:993;30.0767993927002;64.7550048828125;92.95210266113281;[1]
(aaaf);1;12:00:07:321;30.0143985748291;64.7550048828125;92.95210266113281;[1]
(aaaf);1;12:00:07:321;30.0143985748291;64.7550048828125;92.95210266113281;[1]
(aaaf);1;12:00:07:649;30.0143985748291;64.7550048828125;92.82502746582031;[1]
(aaaf);1;12:00:07:649;30.0143985748291;64.7550048828125;92.82502746582031;[1]
(aaaf);1;12:00:07:977;30.0143985748291;64.73211669921875;92.95210266113281;[1]
(aaaf);1;12:00:07:977;30.0143985748291;64.73211669921875;92.95210266113281;[1]
(aaaf);1;12:00:08:305;30.0143985748291;64.73211669921875;92.95210266113281;[1]
(aaaf);1;12:00:08:305;30.0143985748291;64.73211669921875;92.95210266113281;[1]
(aaaf);1;12:00:08:633;30.0767993927002;64.70159912109375;92.95210266113281;[1]
(aaaf);1;12:00:08:633;30.0767993927002;64.70159912109375;92.95210266113281;[1]
(aaaf);1;12:00:08:961;30.0143985748291;64.67108154296875;92.82502746582031;[1]
(aaaf);1;12:00:08:961;30.0143985748291;64.67108154296875;92.82502746582031;[1]
(aaaf);1;12:00:09:289;30.0143985748291;64.67108154296875;92.82502746582031;[1]
(aaaf);1;12:00:09:289;30.0143985748291;64.67108154296875;92.82502746582031;[1]
(aaaf);1;12:00:09:617;30.0143985748291;64.64056396484375;92.95210266113281;[1]
(aaaf);1;12:00:09:617;30.0143985748291;64.64056396484375;92.95210266113281;[1]
(aaaf);1;12:00:09:945;30.0143985748291;64.64056396484375;92.82502746582031;[1]
(aaaf);1;12:00:09:945;30.0143985748291;64.64056396484375;92.82502746582031;[1]
(aaaf);1;12:00:10:273;30.0143985748291;64.61004638671875;92.82502746582031;[1]
(aaaf);1;12:00:10:273;30.0143985748291;64.61004638671875;92.82502746582031;[1]
(aaaf);1;12:00:10:601;30.0143985748291;64.61004638671875;93.07917785644531;[1]
(aaaf);1;12:00:10:601;30.0143985748291;64.61004638671875;93.07917785644531;[1]
(aaaf);1;12:00:10:928;30.0767993927002;64.57952880859375;93.07917785644531;[1]
(aaaf);1;12:00:10:928;30.0767993927002;64.57952880859375;93.07917785644531;[1]
(aaaf);1;12:00:11:256;30.0767993927002;64.57952880859375;92.95210266113281;[1]
(aaaf);1;12:00:11:256;30.0767993927002;64.57952880859375;92.95210266113281;[1]
(aaaf);1;12:00:11:584;30.0767993927002;64.57952880859375;92.95210266113281;[1]
(aaaf);1;12:00:11:584;30.0767993927002;64.57952880859375;92.95210266113281;[1]
(aaaf);1;12:00:11:912;30.0143985748291;64.54901123046875;93.01564025878906;[1]
(aaaf);1;12:00:11:912;30.0143985748291;64.54901123046875;93.01564025878906;[1]
(aaaf);1;12:00:12:237;30.0143985748291;64.54901123046875;92.95210266113281;[1]
(aaaf);1;12:00:12:237;30.0143985748291;64.54901123046875;92.95210266113281;[1]
(aaaf);1;12:00:12:565;30.0767993927002;64.51849365234375;92.95210266113281;[1]
(aaaf);1;12:00:12:565;30.0767993927002;64.51849365234375;92.95210266113281;[1]
(aaaf);1;12:00:12:894;30.0143985748291;64.51849365234375;92.95210266113281;[1]
(aaaf);1;12:00:12:894;30.0143985748291;64.51849365234375;92.95210266113281;[1]
(aaaf);1;12:00:13:222;30.0767993927002;64.48797607421875;92.95210266113281;[1]
(aaaf);1;12:00:13:222;30.0767993927002;64.48797607421875;92.95210266113281;[1]
(aaaf);1;12:00:13:550;30.0143985748291;64.48797607421875;92.95210266113281;[1]
(aaaf);1;12:00:13:550;30.0143985748291;64.48797607421875;92.95210266113281;[1]
(aaaf);1;12:00:13:878;30.0143985748291;64.42694091796875;92.82502746582031;[1]
(aaaf);1;12:00:13:878;30.0143985748291;64.42694091796875;92.82502746582031;[1]
(aaaf);1;12:00:14:206;30.0767993927002;64.39642333984375;92.95210266113281;[1]
(aaaf);1;12:00:14:206;30.0767993927002;64.39642333984375;92.95210266113281;[1]
(aaaf);1;12:00:14:534;30.0143985748291;64.37353515625;92.95210266113281;[1]
(aaaf);1;12:00:14:534;30.0143985748291;64.37353515625;92.95210266113281;[1]
(aaaf);1;12:00:14:862;30.0143985748291;64.37353515625;93.07917785644531;[1]
(aaaf);1;12:00:14:862;30.0143985748291;64.37353515625;93.07917785644531;[1]
(aaaf);1;12:00:15:189;30.0143985748291;64.343017578125;92.95210266113281;[1]
(aaaf);1;12:00:15:189;30.0143985748291;64.343017578125;92.95210266113281;[1]
(aaaf);1;12:00:15:517;30.0767993927002;64.3125;93.07917785644531;[1]
(aaaf);1;12:00:15:517;30.0767993927002;64.3125;93.07917785644531;[1]
(aaaf);1;12:00:15:839;30.0767993927002;64.281982421875;92.95210266113281;[1]
(aaaf);1;12:00:15:839;30.0767993927002;64.281982421875;92.95210266113281;[1]
(aaaf);1;12:00:16:167;30.0767993927002;64.281982421875;92.95210266113281;[1]
(aaaf);1;12:00:16:167;30.0767993927002;64.281982421875;92.95210266113281;[1]
(aaaf);1;12:00:16:495;30.0767993927002;64.25146484375;92.82502746582031;[1]
(aaaf);1;12:00:16:495;30.0767993927002;64.25146484375;92.82502746582031;[1]
(aaaf);1;12:00:16:823;30.0143985748291;64.220947265625;92.95210266113281;[1]
(aaaf);1;12:00:16:823;30.0143985748291;64.220947265625;92.95210266113281;[1]
(aaaf);1;12:00:17:146;30.0767993927002;64.220947265625;92.95210266113281;[1]
(aaaf);1;12:00:17:146;30.0767993927002;64.220947265625;92.95210266113281;[1]
(aaaf);1;12:00:17:469;30.0143985748291;64.1904296875;92.82502746582031;[1]
(aaaf);1;12:00:17:469;30.0143985748291;64.1904296875;92.82502746582031;[1]
(aaaf);1;12:00:17:797;30.0143985748291;64.1904296875;93.07917785644531;[1]
(aaaf);1;12:00:17:797;30.0143985748291;64.1904296875;93.07917785644531;[1]
(aaaf);1;12:00:18:123;30.0143985748291;64.159912109375;93.01564025878906;[1]
(aaaf);1;12:00:18:123;30.0143985748291;64.159912109375;93.01564025878906;[1]
(aaaf);1;12:00:18:446;30.0143985748291;64.159912109375;92.82502746582031;[1]
(aaaf);1;12:00:18:446;30.0143985748291;64.159912109375;92.82502746582031;[1]
(aaaf);1;12:00:18:769;30.0143985748291;64.098876953125;92.95210266113281;[1]
(aaaf);1;12:00:18:769;30.0143985748291;64.098876953125;92.95210266113281;[1]
(aaaf);1;12:00:19:97;30.0767993927002;64.098876953125;92.82502746582031;[1]
(aaaf);1;12:00:19:97;30.0767993927002;64.098876953125;92.82502746582031;[1]
(aaaf);1;12:00:19:425;30.0143985748291;64.098876953125;92.82502746582031;[1]
(aaaf);1;12:00:19:425;30.0143985748291;64.098876953125;92.82502746582031;[1]
(aaaf);1;12:00:19:751;30.0143985748291;64.07598876953125;92.82502746582031;[1]
(aaaf);1;12:00:19:751;30.0143985748291;64.07598876953125;92.82502746582031;[1]
(aaaf);1;12:00:20:80;30.0143985748291;64.07598876953125;92.82502746582031;[1]
(aaaf);1;12:00:20:80;30.0143985748291;64.07598876953125;92.82502746582031;[1]
(aaaf);1;12:00:20:408;30.0143985748291;64.07598876953125;92.82502746582031;[1]
(aaaf);1;12:00:20:408;30.0143985748291;64.07598876953125;92.82502746582031;[1]
(aaaf);1;12:00:20:736;30.0767993927002;64.04547119140625;92.95210266113281;[1]
(aaaf);1;12:00:20:736;30.0767993927002;64.04547119140625;92.95210266113281;[1]
(aaaf);1;12:00:21:64;30.0143985748291;64.04547119140625;92.82502746582031;[1]
(aaaf);1;12:00:21:64;30.0143985748291;64.04547119140625;92.82502746582031;[1]
(aaaf);1;12:00:21:392;30.0143985748291;64.04547119140625;93.07917785644531;[1]
(aaaf);1;12:00:21:392;30.0143985748291;64.04547119140625;93.07917785644531;[1]
(aaaf);1;12:00:21:720;30.0143985748291;64.04547119140625;92.95210266113281;[1]
(aaaf);1;12:00:21:720;30.0143985748291;64.04547119140625;92.95210266113281;[1]
(aaaf);1;12:00:22:48;30.0767993927002;64.04547119140625;92.95210266113281;[1]
(aaaf);1;12:00:22:48;30.0767993927002;64.04547119140625;92.95210266113281;[1]
(aaaf);1;12:00:22:376;30.0767993927002;64.04547119140625;92.95210266113281;[1]
(aaaf);1;12:00:22:376;30.0767993927002;64.04547119140625;92.95210266113281;[1]
(aaaf);1;12:00:22:704;30.0143985748291;64.01495361328125;92.95210266113281;[1]
(aaaf);1;12:00:22:704;30.0143985748291;64.01495361328125;92.95210266113281;[1]
(aaaf);1;12:00:23:32;30.0143985748291;64.01495361328125;92.95210266113281;[1]
(aaaf);1;12:00:23:32;30.0143985748291;64.01495361328125;92.95210266113281;[1]
(aaaf);1;12:00:23:360;30.0143985748291;64.01495361328125;93.07917785644531;[1]
(aaaf);1;12:00:23:360;30.0143985748291;64.01495361328125;93.07917785644531;[1]
(aaaf);1;12:00:23:687;30.0143985748291;64.01495361328125;92.95210266113281;[1]
(aaaf);1;12:00:23:687;30.0143985748291;64.01495361328125;92.95210266113281;[1]
(aaaf);1;12:00:24:15;30.0143985748291;64.01495361328125;92.95210266113281;[1]
(aaaf);1;12:00:24:15;30.0143985748291;64.01495361328125;92.95210266113281;[1]
(aaaf);1;12:00:24:344;30.0143985748291;63.98443603515625;92.95210266113281;[1]
(aaaf);1;12:00:24:344;30.0143985748291;63.98443603515625;92.95210266113281;[1]
(aaaf);1;12:00:24:671;30.0143985748291;63.98443603515625;92.95210266113281;[1]
(aaaf);1;12:00:24:671;30.0143985748291;63.98443603515625;92.95210266113281;[1]
(aaaf);1;12:00:25:0;30.0143985748291;63.98443603515625;92.82502746582031;[1]
(aaaf);1;12:00:25:0;30.0143985748291;63.98443603515625;92.82502746582031;[1]
(aaaf);1;12:00:25:328;30.0143985748291;63.98443603515625;92.95210266113281;[1]
(aaaf);1;12:00:25:328;30.0143985748291;63.98443603515625;92.95210266113281;[1]
(aaaf);1;12:00:25:656;30.0143985748291;63.98443603515625;92.95210266113281;[1]
(aaaf);1;12:00:25:656;30.0143985748291;63.98443603515625;92.95210266113281;[1]
(aaaf);1;12:00:25:984;30.0767993927002;63.95391845703125;92.95210266113281;[1]
(aaaf);1;12:00:25:984;30.0767993927002;63.95391845703125;92.95210266113281;[1]
(aaaf);1;12:00:26:312;30.0143985748291;63.95391845703125;92.95210266113281;[1]
(aaaf);1;12:00:26:312;30.0143985748291;63.95391845703125;92.95210266113281;[1]
(aaaf);1;12:00:26:640;30.0767993927002;63.95391845703125;92.82502746582031;[1]
(aaaf);1;12:00:26:640;30.0767993927002;63.95391845703125;92.82502746582031;[1]
(aaaf);1;12:00:26:968;30.0143985748291;63.95391845703125;93.07917785644531;[1]
(aaaf);1;12:00:26:968;30.0143985748291;63.95391845703125;93.07917785644531;[1]
(aaaf);1;12:00:27:295;30.0143985748291;63.92340087890625;92.82502746582031;[1]
(aaaf);1;12:00:27:295;30.0143985748291;63.92340087890625;92.82502746582031;[1]
(aaaf);1;12:00:27:623;30.0143985748291;63.92340087890625;92.95210266113281;[1]
(aaaf);1;12:00:27:623;30.0143985748291;63.92340087890625;92.95210266113281;[1]
(aaaf);1;12:00:27:951;30.0143985748291;63.92340087890625;92.95210266113281;[1]
(aaaf);1;12:00:27:951;30.0143985748291;63.92340087890625;92.95210266113281;[1]
(aaaf);1;12:00:28:279;30.0143985748291;63.92340087890625;92.95210266113281;[1]
(aaaf);1;12:00:28:279;30.0143985748291;63.92340087890625;92.95210266113281;[1]
(aaaf);1;12:00:28:607;30.0143985748291;63.89288330078125;92.95210266113281;[1]
(aaaf);1;12:00:28:607;30.0143985748291;63.89288330078125;92.95210266113281;[1]
(aaaf);1;12:00:28:935;30.0143985748291;63.89288330078125;92.95210266113281;[1]
(aaaf);1;12:00:28:935;30.0143985748291;63.89288330078125;92.95210266113281;[1]
(aaaf);1;12:00:29:264;30.0143985748291;63.89288330078125;92.95210266113281;[1]
(aaaf);1;12:00:29:264;30.0143985748291;63.89288330078125;92.95210266113281;[1]
(aaaf);1;12:00:29:592;30.0143985748291;63.89288330078125;92.95210266113281;[1]
(aaaf);1;12:00:29:592;30.0143985748291;63.89288330078125;92.95210266113281;[1]
(aaaf);1;12:00:29:920;30.0143985748291;63.89288330078125;92.95210266113281;[1]
(aaaf);1;12:00:29:920;30.0143985748291;63.89288330078125;92.95210266113281;[1]
(aaaf);1;12:00:30:248;30.0143985748291;63.89288330078125;93.07917785644531;[1]
(aaaf);1;12:00:30:248;30.0143985748291;63.89288330078125;93.07917785644531;[1]
(aaaf);1;12:00:30:576;30.0143985748291;63.89288330078125;93.07917785644531;[1]
(aaaf);1;12:00:30:576;30.0143985748291;63.89288330078125;93.07917785644531;[1]
(aaaf);1;12:00:30:903;30.0143985748291;63.89288330078125;92.95210266113281;[1]
(aaaf);1;12:00:30:903;30.0143985748291;63.89288330078125;92.95210266113281;[1]
(aaaf);1;12:00:31:231;30.0143985748291;63.89288330078125;92.82502746582031;[1]
(aaaf);1;12:00:31:231;30.0143985748291;63.89288330078125;92.82502746582031;[1]
(aaaf);1;12:00:31:559;30.0143985748291;63.86236572265625;92.95210266113281;[1]
(aaaf);1;12:00:31:559;30.0143985748291;63.86236572265625;92.95210266113281;[1]
(aaaf);1;12:00:31:887;30.0143985748291;63.86236572265625;93.07917785644531;[1]
(aaaf);1;12:00:31:887;30.0143985748291;63.86236572265625;93.07917785644531;[1]
(aaaf);1;12:00:32:215;30.0143985748291;63.86236572265625;92.95210266113281;[1]
(aaaf);1;12:00:32:215;30.0143985748291;63.86236572265625;92.95210266113281;[1]
(aaaf);1;12:00:32:543;30.0143985748291;63.86236572265625;92.95210266113281;[1]
(aaaf);1;12:00:32:543;30.0143985748291;63.86236572265625;92.95210266113281;[1]
(aaaf);1;12:00:32:871;30.0143985748291;63.86236572265625;92.82502746582031;[1]
(aaaf);1;12:00:32:871;30.0143985748291;63.86236572265625;92.82502746582031;[1]
(aaaf);1;12:00:33:199;30.0143985748291;63.86236572265625;92.95210266113281;[1]
(aaaf);1;12:00:33:199;30.0143985748291;63.86236572265625;92.95210266113281;[1]
(aaaf);1;12:00:33:527;30.0143985748291;63.83184814453125;92.95210266113281;[1]
(aaaf);1;12:00:33:527;30.0143985748291;63.83184814453125;92.95210266113281;[1]
(aaaf);1;12:00:33:855;30.0143985748291;63.83184814453125;92.95210266113281;[1]
(aaaf);1;12:00:33:855;30.0143985748291;63.83184814453125;92.95210266113281;[1]
(aaaf);1;12:00:34:183;30.0767993927002;63.83184814453125;92.82502746582031;[1]
(aaaf);1;12:00:34:183;30.0767993927002;63.83184814453125;92.82502746582031;[1]
(aaaf);1;12:00:34:511;30.0143985748291;63.83184814453125;92.82502746582031;[1]
(aaaf);1;12:00:34:511;30.0143985748291;63.83184814453125;92.82502746582031;[1]
(aaaf);1;12:00:34:839;30.0143985748291;63.83184814453125;92.82502746582031;[1]
(aaaf);1;12:00:34:839;30.0143985748291;63.83184814453125;92.82502746582031;[1]
(aaaf);1;12:00:35:167;30.0143985748291;63.83184814453125;92.95210266113281;[1]
(aaaf);1;12:00:35:167;30.0143985748291;63.83184814453125;92.95210266113281;[1]
(aaaf);1;12:00:35:495;30.0143985748291;63.80133056640625;92.95210266113281;[1]
(aaaf);1;12:00:35:495;30.0143985748291;63.80133056640625;92.95210266113281;[1]
(aaaf);1;12:00:35:823;30.0143985748291;63.83184814453125;92.95210266113281;[1]
(aaaf);1;12:00:35:823;30.0143985748291;63.83184814453125;92.95210266113281;[1]
(aaaf);1;12:00:36:151;30.0143985748291;63.80133056640625;92.95210266113281;[1]
(aaaf);1;12:00:36:151;30.0143985748291;63.80133056640625;92.95210266113281;[1]
(aaaf);1;12:00:36:479;30.0143985748291;63.80133056640625;92.95210266113281;[1]
(aaaf);1;12:00:36:479;30.0143985748291;63.80133056640625;92.95210266113281;[1]
(aaaf);1;12:00:36:807;30.0143985748291;63.80133056640625;92.95210266113281;[1]
(aaaf);1;12:00:36:807;30.0143985748291;63.80133056640625;92.95210266113281;[1]
(aaaf);1;12:00:37:135;30.0143985748291;63.80133056640625;92.95210266113281;[1]
(aaaf);1;12:00:37:135;30.0143985748291;63.80133056640625;92.95210266113281;[1]
(aaaf);1;12:00:37:464;30.0143985748291;63.80133056640625;92.95210266113281;[1]
(aaaf);1;12:00:37:464;30.0143985748291;63.80133056640625;92.95210266113281;[1]
(aaaf);1;12:00:37:792;30.0143985748291;63.80133056640625;92.95210266113281;[1]
(aaaf);1;12:00:37:792;30.0143985748291;63.80133056640625;92.95210266113281;[1]
(aaaf);1;12:00:38:118;30.0767993927002;63.80133056640625;92.95210266113281;[1]
(aaaf);1;12:00:38:118;30.0767993927002;63.80133056640625;92.95210266113281;[1]
(aaaf);1;12:00:38:446;30.0143985748291;63.80133056640625;92.95210266113281;[1]
(aaaf);1;12:00:38:446;30.0143985748291;63.80133056640625;92.95210266113281;[1]
(aaaf);1;12:00:38:774;30.0143985748291;63.80133056640625;92.82502746582031;[1]
(aaaf);1;12:00:38:774;30.0143985748291;63.80133056640625;92.82502746582031;[1]
(aaaf);1;12:00:39:102;30.0143985748291;63.80133056640625;92.82502746582031;[1]
(aaaf);1;12:00:39:102;30.0143985748291;63.80133056640625;92.82502746582031;[1]
(aaaf);1;12:00:39:430;30.0143985748291;63.80133056640625;92.95210266113281;[1]
(aaaf);1;12:00:39:430;30.0143985748291;63.80133056640625;92.95210266113281;[1]
(aaaf);1;12:00:39:758;30.0143985748291;63.80133056640625;92.82502746582031;[1]
(aaaf);1;12:00:39:758;30.0143985748291;63.80133056640625;92.82502746582031;[1]
(aaaf);1;12:00:40:86;30.0143985748291;63.80133056640625;92.95210266113281;[1]
(aaaf);1;12:00:40:86;30.0143985748291;63.80133056640625;92.95210266113281;[1]
(aaaf);1;12:00:40:414;30.0143985748291;63.80133056640625;92.95210266113281;[1]
(aaaf);1;12:00:40:414;30.0143985748291;63.80133056640625;92.95210266113281;[1]
(aaaf);1;12:00:40:742;30.0143985748291;63.80133056640625;92.95210266113281;[1]
(aaaf);1;12:00:40:742;30.0143985748291;63.80133056640625;92.95210266113281;[1]
(aaaf);1;12:00:41:70;29.95199966430664;63.80133056640625;92.95210266113281;[1]
(aaaf);1;12:00:41:70;29.95199966430664;63.80133056640625;92.95210266113281;[1]
(aaaf);1;12:00:41:398;30.0767993927002;63.80133056640625;92.95210266113281;[1]
(aaaf);1;12:00:41:398;30.0767993927002;63.80133056640625;92.95210266113281;[1]
(aaaf);1;12:00:41:726;30.0143985748291;63.80133056640625;92.95210266113281;[1]
(aaaf);1;12:00:41:726;30.0143985748291;63.80133056640625;92.95210266113281;[1]
(aaaf);1;12:00:42:54;30.0143985748291;63.80133056640625;92.95210266113281;[1]
(aaaf);1;12:00:42:54;30.0143985748291;63.80133056640625;92.95210266113281;[1]
(aaaf);1;12:00:42:382;30.0143985748291;63.80133056640625;92.95210266113281;[1]
(aaaf);1;12:00:42:382;30.0143985748291;63.80133056640625;92.95210266113281;[1]
(aaaf);1;12:00:42:711;30.0143985748291;63.80133056640625;92.95210266113281;[1]
(aaaf);1;12:00:42:711;30.0143985748291;63.80133056640625;92.95210266113281;[1]
(aaaf);1;12:00:43:39;30.0143985748291;63.80133056640625;92.95210266113281;[1]
(aaaf);1;12:00:43:39;30.0143985748291;63.80133056640625;92.95210266113281;[1]
(aaaf);1;12:00:43:367;29.95199966430664;63.80133056640625;92.95210266113281;[1]
(aaaf);1;12:00:43:367;29.95199966430664;63.80133056640625;92.95210266113281;[1]
(aaaf);1;12:00:43:695;30.0143985748291;63.80133056640625;93.07917785644531;[1]
(aaaf);1;12:00:43:695;30.0143985748291;63.80133056640625;93.07917785644531;[1]
(aaaf);1;12:00:44:22;30.0143985748291;63.80133056640625;92.95210266113281;[1]
(aaaf);1;12:00:44:22;30.0143985748291;63.80133056640625;92.95210266113281;[1]
(aaaf);1;12:00:44:350;30.0143985748291;63.80133056640625;92.95210266113281;[1]
(aaaf);1;12:00:44:350;30.0143985748291;63.80133056640625;92.95210266113281;[1]
(aaaf);1;12:00:44:678;30.0143985748291;63.83184814453125;92.95210266113281;[1]
(aaaf);1;12:00:44:678;30.0143985748291;63.83184814453125;92.95210266113281;[1]
(aaaf);1;12:00:45:7;29.95199966430664;63.83184814453125;92.82502746582031;[1]
(aaaf);1;12:00:45:7;29.95199966430664;63.83184814453125;92.82502746582031;[1]
(aaaf);1;12:00:45:334;30.0143985748291;63.83184814453125;92.95210266113281;[1]
(aaaf);1;12:00:45:334;30.0143985748291;63.83184814453125;92.95210266113281;[1]
(aaaf);1;12:00:45:662;30.0143985748291;63.83184814453125;93.20625305175781;[1]
(aaaf);1;12:00:45:662;30.0143985748291;63.83184814453125;93.20625305175781;[1]
(aaaf);1;12:00:45:990;30.0143985748291;63.83184814453125;92.82502746582031;[1]
(aaaf);1;12:00:45:990;30.0143985748291;63.83184814453125;92.82502746582031;[1]
(aaaf);1;12:00:46:318;30.0767993927002;63.83184814453125;92.95210266113281;[1]
(aaaf);1;12:00:46:318;30.0767993927002;63.83184814453125;92.95210266113281;[1]
(aaaf);1;12:00:46:646;29.95199966430664;63.86236572265625;92.95210266113281;[1]
(aaaf);1;12:00:46:646;29.95199966430664;63.86236572265625;92.95210266113281;[1]
(aaaf);1;12:00:46:974;30.0143985748291;63.89288330078125;92.95210266113281;[1]
(aaaf);1;12:00:46:974;30.0143985748291;63.89288330078125;92.95210266113281;[1]
(aaaf);1;12:00:47:302;30.0143985748291;63.95391845703125;93.07917785644531;[1]
(aaaf);1;12:00:47:302;30.0143985748291;63.95391845703125;93.07917785644531;[1]
(aaaf);1;12:00:47:630;30.0143985748291;63.98443603515625;92.95210266113281;[1]
(aaaf);1;12:00:47:630;30.0143985748291;63.98443603515625;92.95210266113281;[1]
(aaaf);1;12:00:47:958;30.0143985748291;64.01495361328125;92.95210266113281;[1]
(aaaf);1;12:00:47:958;30.0143985748291;64.01495361328125;92.95210266113281;[1]
(aaaf);1;12:00:48:286;29.95199966430664;64.07598876953125;93.01564025878906;[1]
(aaaf);1;12:00:48:286;29.95199966430664;64.07598876953125;93.01564025878906;[1]
(aaaf);1;12:00:48:613;30.0143985748291;64.159912109375;92.95210266113281;[1]
(aaaf);1;12:00:48:613;30.0143985748291;64.159912109375;92.95210266113281;[1]
(aaaf);1;12:00:48:936;30.0143985748291;64.25146484375;92.82502746582031;[1]
(aaaf);1;12:00:48:936;30.0143985748291;64.25146484375;92.82502746582031;[1]
(aaaf);1;12:00:49:259;29.95199966430664;64.37353515625;92.82502746582031;[1]
(aaaf);1;12:00:49:259;29.95199966430664;64.37353515625;92.82502746582031;[1]
(aaaf);1;12:00:49:587;30.0143985748291;64.48797607421875;92.95210266113281;[1]
(aaaf);1;12:00:49:587;30.0143985748291;64.48797607421875;92.95210266113281;[1]
(aaaf);1;12:00:49:915;30.0143985748291;64.61004638671875;92.95210266113281;[1]
(aaaf);1;12:00:49:915;30.0143985748291;64.61004638671875;92.95210266113281;[1]
(aaaf);1;12:00:50:243;29.95199966430664;64.70159912109375;92.95210266113281;[1]
(aaaf);1;12:00:50:243;29.95199966430664;64.70159912109375;92.95210266113281;[1]
(aaaf);1;12:00:50:571;29.95199966430664;64.8160400390625;92.95210266113281;[1]
(aaaf);1;12:00:50:571;29.95199966430664;64.8160400390625;92.95210266113281;[1]
(aaaf);1;12:00:50:899;30.0143985748291;64.8770751953125;93.07917785644531;[1]
(aaaf);1;12:00:50:899;30.0143985748291;64.8770751953125;93.07917785644531;[1]
(aaaf);1;12:00:51:227;29.95199966430664;64.9381103515625;92.95210266113281;[1]
(aaaf);1;12:00:51:227;29.95199966430664;64.9381103515625;92.95210266113281;[1]
(aaaf);1;12:00:51:555;30.0143985748291;64.9991455078125;92.95210266113281;[1]
(aaaf);1;12:00:51:555;30.0143985748291;64.9991455078125;92.95210266113281;[1]
(aaaf);1;12:00:51:883;29.95199966430664;65.05255126953125;92.95210266113281;[1]
(aaaf);1;12:00:51:883;29.95199966430664;65.05255126953125;92.95210266113281;[1]
(aaaf);1;12:00:52:211;30.0143985748291;65.08306884765625;92.95210266113281;[1]
(aaaf);1;12:00:52:211;30.0143985748291;65.08306884765625;92.95210266113281;[1]
(aaaf);1;12:00:52:539;30.0143985748291;65.11358642578125;92.95210266113281;[1]
(aaaf);1;12:00:52:539;30.0143985748291;65.11358642578125;92.95210266113281;[1]
(aaaf);1;12:00:52:867;29.95199966430664;65.20513916015625;92.88856506347656;[1]
(aaaf);1;12:00:52:867;29.95199966430664;65.20513916015625;92.88856506347656;[1]
(aaaf);1;12:00:53:195;29.95199966430664;65.23565673828125;92.95210266113281;[1]
(aaaf);1;12:00:53:195;29.95199966430664;65.23565673828125;92.95210266113281;[1]
(aaaf);1;12:00:53:523;29.95199966430664;65.26617431640625;92.82502746582031;[1]
(aaaf);1;12:00:53:523;29.95199966430664;65.26617431640625;92.82502746582031;[1]
(aaaf);1;12:00:53:851;30.0143985748291;65.26617431640625;92.95210266113281;[1]
(aaaf);1;12:00:53:851;30.0143985748291;65.26617431640625;92.95210266113281;[1]
(aaaf);1;12:00:54:179;29.95199966430664;65.26617431640625;92.95210266113281;[1]
(aaaf);1;12:00:54:179;29.95199966430664;65.26617431640625;92.95210266113281;[1]
(aaaf);1;12:00:54:507;30.0143985748291;65.26617431640625;92.95210266113281;[1]
(aaaf);1;12:00:54:507;30.0143985748291;65.26617431640625;92.95210266113281;[1]
(aaaf);1;12:00:54:835;30.0143985748291;65.26617431640625;92.82502746582031;[1]
(aaaf);1;12:00:54:835;30.0143985748291;65.26617431640625;92.82502746582031;[1]
(aaaf);1;12:00:55:163;29.95199966430664;65.26617431640625;92.82502746582031;[1]
(aaaf);1;12:00:55:163;29.95199966430664;65.26617431640625;92.82502746582031;[1]
(aaaf);1;12:00:55:491;30.0143985748291;65.26617431640625;92.95210266113281;[1]
(aaaf);1;12:00:55:491;30.0143985748291;65.26617431640625;92.95210266113281;[1]
(aaaf);1;12:00:55:819;30.0143985748291;65.26617431640625;92.95210266113281;[1]
(aaaf);1;12:00:55:819;30.0143985748291;65.26617431640625;92.95210266113281;[1]
(aaaf);1;12:00:56:147;29.95199966430664;65.23565673828125;92.95210266113281;[1]
(aaaf);1;12:00:56:147;29.95199966430664;65.23565673828125;92.95210266113281;[1]
(aaaf);1;12:00:56:475;29.95199966430664;65.20513916015625;92.95210266113281;[1]
(aaaf);1;12:00:56:475;29.95199966430664;65.20513916015625;92.95210266113281;[1]
(aaaf);1;12:00:56:803;30.0143985748291;65.20513916015625;92.95210266113281;[1]
(aaaf);1;12:00:56:803;30.0143985748291;65.20513916015625;92.95210266113281;[1]
(aaaf);1;12:00:57:131;29.95199966430664;65.17462158203125;92.82502746582031;[1]
(aaaf);1;12:00:57:131;29.95199966430664;65.17462158203125;92.82502746582031;[1]
(aaaf);1;12:00:57:459;30.0143985748291;65.11358642578125;92.95210266113281;[1]
(aaaf);1;12:00:57:459;30.0143985748291;65.11358642578125;92.95210266113281;[1]
(aaaf);1;12:00:57:787;30.0143985748291;65.11358642578125;92.95210266113281;[1]
(aaaf);1;12:00:57:787;30.0143985748291;65.11358642578125;92.95210266113281;[1]
(aaaf);1;12:00:58:116;30.0143985748291;65.08306884765625;92.95210266113281;[1]
(aaaf);1;12:00:58:116;30.0143985748291;65.08306884765625;92.95210266113281;[1]
(aaaf);1;12:00:58:444;30.0143985748291;65.05255126953125;92.82502746582031;[1]
(aaaf);1;12:00:58:444;30.0143985748291;65.05255126953125;92.82502746582031;[1]
(aaaf);1;12:00:58:771;29.95199966430664;65.05255126953125;92.95210266113281;[1]
(aaaf);1;12:00:58:771;29.95199966430664;65.05255126953125;92.95210266113281;[1]
(aaaf);1;12:00:59:100;30.0143985748291;65.05255126953125;92.95210266113281;[1]
(aaaf);1;12:00:59:100;30.0143985748291;65.05255126953125;92.95210266113281;[1]
(aaaf);1;12:00:59:428;30.0143985748291;65.0296630859375;92.95210266113281;[1]
(aaaf);1;12:00:59:428;30.0143985748291;65.0296630859375;92.95210266113281;[1]
(aaaf);1;12:00:59:751;30.0143985748291;65.0296630859375;93.07917785644531;[1]
(aaaf);1;12:00:59:751;30.0143985748291;65.0296630859375;93.07917785644531;[1]
(aaaf);1;12:01:00:73;30.0143985748291;64.9991455078125;92.82502746582031;[1]
(aaaf);1;12:01:00:73;30.0143985748291;64.9991455078125;92.82502746582031;[1]
(aaaf);1;12:01:00:401;29.95199966430664;64.9991455078125;92.82502746582031;[1]
(aaaf);1;12:01:00:401;29.95199966430664;64.9991455078125;92.82502746582031;[1]
(aaaf);1;12:01:00:729;30.0143985748291;65.0296630859375;92.95210266113281;[1]
(aaaf);1;12:01:00:729;30.0143985748291;65.0296630859375;92.95210266113281;[1]
(aaaf);1;12:01:01:57;30.0143985748291;65.0296630859375;92.95210266113281;[1]
(aaaf);1;12:01:01:57;30.0143985748291;65.0296630859375;92.95210266113281;[1]
(aaaf);1;12:01:01:385;29.95199966430664;65.0296630859375;92.95210266113281;[1]
(aaaf);1;12:01:01:385;29.95199966430664;65.0296630859375;92.95210266113281;[1]
(aaaf);1;12:01:01:713;30.0143985748291;65.05255126953125;92.95210266113281;[1]
(aaaf);1;12:01:01:713;30.0143985748291;65.05255126953125;92.95210266113281;[1]
(aaaf);1;12:01:02:41;29.95199966430664;65.05255126953125;92.95210266113281;[1]
(aaaf);1;12:01:02:41;29.95199966430664;65.05255126953125;92.95210266113281;[1]
(aaaf);1;12:01:02:369;29.95199966430664;65.05255126953125;92.95210266113281;[1]
(aaaf);1;12:01:02:369;29.95199966430664;65.05255126953125;92.95210266113281;[1]
(aaaf);1;12:01:02:697;29.95199966430664;65.05255126953125;92.95210266113281;[1]
(aaaf);1;12:01:02:697;29.95199966430664;65.05255126953125;92.95210266113281;[1]
(aaaf);1;12:01:03:25;30.0143985748291;65.05255126953125;92.95210266113281;[1]
(aaaf);1;12:01:03:25;30.0143985748291;65.05255126953125;92.95210266113281;[1]
(aaaf);1;12:01:03:353;29.95199966430664;65.05255126953125;92.95210266113281;[1]
(aaaf);1;12:01:03:353;29.95199966430664;65.05255126953125;92.95210266113281;[1]
(aaaf);1;12:01:03:682;30.0143985748291;65.05255126953125;92.95210266113281;[1]
(aaaf);1;12:01:03:682;30.0143985748291;65.05255126953125;92.95210266113281;[1]
(aaaf);1;12:01:04:10;30.0143985748291;65.05255126953125;92.95210266113281;[1]
(aaaf);1;12:01:04:10;30.0143985748291;65.05255126953125;92.95210266113281;[1]
(aaaf);1;12:01:04:338;29.95199966430664;65.05255126953125;92.95210266113281;[1]
(aaaf);1;12:01:04:338;29.95199966430664;65.05255126953125;92.95210266113281;[1]
(aaaf);1;12:01:04:666;30.0143985748291;65.05255126953125;92.95210266113281;[1]
(aaaf);1;12:01:04:666;30.0143985748291;65.05255126953125;92.95210266113281;[1]
(aaaf);1;12:01:04:994;29.95199966430664;65.05255126953125;92.82502746582031;[1]
(aaaf);1;12:01:04:994;29.95199966430664;65.05255126953125;92.82502746582031;[1]
(aaaf);1;12:01:05:322;29.95199966430664;65.0296630859375;92.82502746582031;[1]
(aaaf);1;12:01:05:322;29.95199966430664;65.0296630859375;92.82502746582031;[1]
(aaaf);1;12:01:05:650;30.0143985748291;65.0296630859375;92.95210266113281;[1]
(aaaf);1;12:01:05:650;30.0143985748291;65.0296630859375;92.95210266113281;[1]
(aaaf);1;12:01:05:978;29.95199966430664;65.0296630859375;92.95210266113281;[1]
(aaaf);1;12:01:05:978;29.95199966430664;65.0296630859375;92.95210266113281;[1]
(aaaf);1;12:01:06:306;29.95199966430664;65.05255126953125;92.95210266113281;[1]
(aaaf);1;12:01:06:306;29.95199966430664;65.05255126953125;92.95210266113281;[1]
(aaaf);1;12:01:06:634;29.95199966430664;65.05255126953125;92.95210266113281;[1]
(aaaf);1;12:01:06:634;29.95199966430664;65.05255126953125;92.95210266113281;[1]
(aaaf);1;12:01:06:962;29.95199966430664;65.05255126953125;92.95210266113281;[1]
(aaaf);1;12:01:06:962;29.95199966430664;65.05255126953125;92.95210266113281;[1]
(aaaf);1;12:01:07:290;29.95199966430664;65.08306884765625;92.82502746582031;[1]
(aaaf);1;12:01:07:290;29.95199966430664;65.08306884765625;92.82502746582031;[1]
(aaaf);1;12:01:07:618;30.0143985748291;65.08306884765625;92.95210266113281;[1]
(aaaf);1;12:01:07:618;30.0143985748291;65.08306884765625;92.95210266113281;[1]
(aaaf);1;12:01:07:946;29.95199966430664;65.08306884765625;92.95210266113281;[1]
(aaaf);1;12:01:07:946;29.95199966430664;65.08306884765625;92.95210266113281;[1]
(aaaf);1;12:01:08:275;29.95199966430664;65.08306884765625;92.95210266113281;[1]
(aaaf);1;12:01:08:275;29.95199966430664;65.08306884765625;92.95210266113281;[1]
(aaaf);1;12:01:08:603;29.95199966430664;65.08306884765625;92.95210266113281;[1]
(aaaf);1;12:01:08:603;29.95199966430664;65.08306884765625;92.95210266113281;[1]
(aaaf);1;12:01:08:931;30.0143985748291;65.11358642578125;92.95210266113281;[1]
(aaaf);1;12:01:08:931;30.0143985748291;65.11358642578125;92.95210266113281;[1]
(aaaf);1;12:01:09:259;29.95199966430664;65.11358642578125;93.07917785644531;[1]
(aaaf);1;12:01:09:259;29.95199966430664;65.11358642578125;93.07917785644531;[1]
(aaaf);1;12:01:09:587;29.95199966430664;65.08306884765625;92.95210266113281;[1]
(aaaf);1;12:01:09:587;29.95199966430664;65.08306884765625;92.95210266113281;[1]
(aaaf);1;12:01:09:915;29.95199966430664;65.08306884765625;92.95210266113281;[1]
(aaaf);1;12:01:09:915;29.95199966430664;65.08306884765625;92.95210266113281;[1]
(aaaf);1;12:01:10:243;30.0143985748291;65.08306884765625;92.95210266113281;[1]
(aaaf);1;12:01:10:243;30.0143985748291;65.08306884765625;92.95210266113281;[1]
(aaaf);1;12:01:10:571;29.95199966430664;65.05255126953125;92.82502746582031;[1]
(aaaf);1;12:01:10:571;29.95199966430664;65.05255126953125;92.82502746582031;[1]
(aaaf);1;12:01:10:899;30.0143985748291;65.05255126953125;92.95210266113281;[1]
(aaaf);1;12:01:10:899;30.0143985748291;65.05255126953125;92.95210266113281;[1]
(aaaf);1;12:01:11:227;30.0143985748291;65.05255126953125;92.95210266113281;[1]
(aaaf);1;12:01:11:227;30.0143985748291;65.05255126953125;92.95210266113281;[1]
(aaaf);1;12:01:11:555;29.95199966430664;65.0296630859375;92.82502746582031;[1]
(aaaf);1;12:01:11:555;29.95199966430664;65.0296630859375;92.82502746582031;[1]
(aaaf);1;12:01:11:883;29.95199966430664;65.0296630859375;93.07917785644531;[1]
(aaaf);1;12:01:11:883;29.95199966430664;65.0296630859375;93.07917785644531;[1]
(aaaf);1;12:01:12:210;29.95199966430664;64.9991455078125;92.95210266113281;[1]
(aaaf);1;12:01:12:210;29.95199966430664;64.9991455078125;92.95210266113281;[1]
(aaaf);1;12:01:12:539;29.95199966430664;64.9991455078125;92.95210266113281;[1]
(aaaf);1;12:01:12:539;29.95199966430664;64.9991455078125;92.95210266113281;[1]
(aaaf);1;12:01:12:867;29.95199966430664;64.9991455078125;93.14271545410156;[1]
(aaaf);1;12:01:12:867;29.95199966430664;64.9991455078125;93.14271545410156;[1]
(aaaf);1;12:01:13:194;29.95199966430664;64.9686279296875;92.82502746582031;[1]
(aaaf);1;12:01:13:194;29.95199966430664;64.9686279296875;92.82502746582031;[1]
(aaaf);1;12:01:13:522;29.95199966430664;64.9686279296875;92.95210266113281;[1]
(aaaf);1;12:01:13:522;29.95199966430664;64.9686279296875;92.95210266113281;[1]
(aaaf);1;12:01:13:850;29.95199966430664;64.9686279296875;92.95210266113281;[1]
(aaaf);1;12:01:13:850;29.95199966430664;64.9686279296875;92.95210266113281;[1]
(aaaf);1;12:01:14:178;30.0143985748291;64.9381103515625;92.95210266113281;[1]
(aaaf);1;12:01:14:178;30.0143985748291;64.9381103515625;92.95210266113281;[1]
(aaaf);1;12:01:14:506;30.0143985748291;64.9381103515625;92.82502746582031;[1]
(aaaf);1;12:01:14:506;30.0143985748291;64.9381103515625;92.82502746582031;[1]
(aaaf);1;12:01:14:834;29.95199966430664;64.9381103515625;92.95210266113281;[1]
(aaaf);1;12:01:14:834;29.95199966430664;64.9381103515625;92.95210266113281;[1]
(aaaf);1;12:01:15:162;29.95199966430664;64.9381103515625;92.82502746582031;[1]
(aaaf);1;12:01:15:162;29.95199966430664;64.9381103515625;92.82502746582031;[1]
(aaaf);1;12:01:15:490;29.95199966430664;64.9686279296875;92.82502746582031;[1]
(aaaf);1;12:01:15:490;29.95199966430664;64.9686279296875;92.82502746582031;[1]
(aaaf);1;12:01:15:818;29.95199966430664;64.9686279296875;92.82502746582031;[1]
(aaaf);1;12:01:15:818;29.95199966430664;64.9686279296875;92.82502746582031;[1]
(aaaf);1;12:01:16:146;29.95199966430664;64.9991455078125;92.95210266113281;[1]
(aaaf);1;12:01:16:146;29.95199966430664;64.9991455078125;92.95210266113281;[1]
(aaaf);1;12:01:16:474;29.95199966430664;65.05255126953125;93.07917785644531;[1]
(aaaf);1;12:01:16:474;29.95199966430664;65.05255126953125;93.07917785644531;[1]
(aaaf);1;12:01:16:802;30.0143985748291;65.11358642578125;92.95210266113281;[1]
(aaaf);1;12:01:16:802;30.0143985748291;65.11358642578125;92.95210266113281;[1]
(aaaf);1;12:01:17:130;29.95199966430664;65.20513916015625;92.95210266113281;[1]
(aaaf);1;12:01:17:130;29.95199966430664;65.20513916015625;92.95210266113281;[1]
(aaaf);1;12:01:17:458;30.0143985748291;65.26617431640625;92.82502746582031;[1]
(aaaf);1;12:01:17:458;30.0143985748291;65.26617431640625;92.82502746582031;[1]
(aaaf);1;12:01:17:786;29.95199966430664;65.29669189453125;92.95210266113281;[1]
(aaaf);1;12:01:17:786;29.95199966430664;65.29669189453125;92.95210266113281;[1]
(aaaf);1;12:01:18:114;29.95199966430664;65.29669189453125;92.82502746582031;[1]
(aaaf);1;12:01:18:114;29.95199966430664;65.29669189453125;92.82502746582031;[1]
(aaaf);1;12:01:18:442;30.0143985748291;65.29669189453125;92.95210266113281;[1]
(aaaf);1;12:01:18:442;30.0143985748291;65.29669189453125;92.95210266113281;[1]
(aaaf);1;12:01:18:770;29.95199966430664;65.29669189453125;92.82502746582031;[1]
(aaaf);1;12:01:18:770;29.95199966430664;65.29669189453125;92.82502746582031;[1]
(aaaf);1;12:01:19:98;29.95199966430664;65.29669189453125;92.95210266113281;[1]
(aaaf);1;12:01:19:98;29.95199966430664;65.29669189453125;92.95210266113281;[1]
(aaaf);1;12:01:19:426;29.95199966430664;65.29669189453125;92.82502746582031;[1]
(aaaf);1;12:01:19:426;29.95199966430664;65.29669189453125;92.82502746582031;[1]
(aaaf);1;12:01:19:754;29.95199966430664;65.29669189453125;93.07917785644531;[1]
(aaaf);1;12:01:19:754;29.95199966430664;65.29669189453125;93.07917785644531;[1]
(aaaf);1;12:01:20:82;29.95199966430664;65.29669189453125;92.95210266113281;[1]
(aaaf);1;12:01:20:82;29.95199966430664;65.29669189453125;92.95210266113281;[1]
(aaaf);1;12:01:20:410;29.95199966430664;65.29669189453125;92.95210266113281;[1]
(aaaf);1;12:01:20:410;29.95199966430664;65.29669189453125;92.95210266113281;[1]
(aaaf);1;12:01:20:738;29.88959884643554;65.26617431640625;92.95210266113281;[1]
(aaaf);1;12:01:20:738;29.88959884643554;65.26617431640625;92.95210266113281;[1]
(aaaf);1;12:01:21:66;30.0143985748291;65.26617431640625;92.95210266113281;[1]
(aaaf);1;12:01:21:66;30.0143985748291;65.26617431640625;92.95210266113281;[1]
(aaaf);1;12:01:21:394;29.88959884643554;65.20513916015625;92.82502746582031;[1]
(aaaf);1;12:01:21:394;29.88959884643554;65.20513916015625;92.82502746582031;[1]
(aaaf);1;12:01:21:722;29.95199966430664;65.17462158203125;92.82502746582031;[1]
(aaaf);1;12:01:21:722;29.95199966430664;65.17462158203125;92.82502746582031;[1]
(aaaf);1;12:01:22:50;29.95199966430664;65.11358642578125;92.95210266113281;[1]
(aaaf);1;12:01:22:50;29.95199966430664;65.11358642578125;92.95210266113281;[1]
(aaaf);1;12:01:22:378;29.95199966430664;65.05255126953125;92.95210266113281;[1]
(aaaf);1;12:01:22:378;29.95199966430664;65.05255126953125;92.95210266113281;[1]
(aaaf);1;12:01:22:706;29.95199966430664;65.0296630859375;92.88856506347656;[1]
(aaaf);1;12:01:22:706;29.95199966430664;65.0296630859375;92.88856506347656;[1]
(aaaf);1;12:01:23:29;29.88959884643554;64.9991455078125;92.82502746582031;[1]
(aaaf);1;12:01:23:29;29.88959884643554;64.9991455078125;92.82502746582031;[1]
(aaaf);1;12:01:23:357;29.95199966430664;64.9381103515625;92.95210266113281;[1]
(aaaf);1;12:01:23:357;29.95199966430664;64.9381103515625;92.95210266113281;[1]
(aaaf);1;12:01:23:685;29.95199966430664;64.9075927734375;92.82502746582031;[1]
(aaaf);1;12:01:23:685;29.95199966430664;64.9075927734375;92.82502746582031;[1]
(aaaf);1;12:01:24:13;29.95199966430664;64.8770751953125;92.82502746582031;[1]
(aaaf);1;12:01:24:13;29.95199966430664;64.8770751953125;92.82502746582031;[1]
(aaaf);1;12:01:24:341;30.0143985748291;64.8160400390625;92.95210266113281;[1]
(aaaf);1;12:01:24:341;30.0143985748291;64.8160400390625;92.95210266113281;[1]
(aaaf);1;12:01:24:669;29.95199966430664;64.7550048828125;92.95210266113281;[1]
(aaaf);1;12:01:24:669;29.95199966430664;64.7550048828125;92.95210266113281;[1]
(aaaf);1;12:01:24:997;29.95199966430664;64.73211669921875;92.95210266113281;[1]
(aaaf);1;12:01:24:997;29.95199966430664;64.73211669921875;92.95210266113281;[1]
(aaaf);1;12:01:25:325;29.95199966430664;64.70159912109375;92.95210266113281;[1]
(aaaf);1;12:01:25:325;29.95199966430664;64.70159912109375;92.95210266113281;[1]
(aaaf);1;12:01:25:653;29.95199966430664;64.67108154296875;92.95210266113281;[1]
(aaaf);1;12:01:25:653;29.95199966430664;64.67108154296875;92.95210266113281;[1]
(aaaf);1;12:01:25:982;29.95199966430664;64.64056396484375;92.95210266113281;[1]
(aaaf);1;12:01:25:982;29.95199966430664;64.64056396484375;92.95210266113281;[1]
(aaaf);1;12:01:26:310;29.95199966430664;64.61004638671875;92.82502746582031;[1]
(aaaf);1;12:01:26:310;29.95199966430664;64.61004638671875;92.82502746582031;[1]
(aaaf);1;12:01:26:638;29.95199966430664;64.61004638671875;92.95210266113281;[1]
(aaaf);1;12:01:26:638;29.95199966430664;64.61004638671875;92.95210266113281;[1]
(aaaf);1;12:01:26:966;30.0143985748291;64.57952880859375;92.95210266113281;[1]
(aaaf);1;12:01:26:966;30.0143985748291;64.57952880859375;92.95210266113281;[1]
(aaaf);1;12:01:27:294;29.95199966430664;64.57952880859375;92.95210266113281;[1]
(aaaf);1;12:01:27:294;29.95199966430664;64.57952880859375;92.95210266113281;[1]
(aaaf);1;12:01:27:622;29.95199966430664;64.57952880859375;92.95210266113281;[1]
(aaaf);1;12:01:27:622;29.95199966430664;64.57952880859375;92.95210266113281;[1]
(aaaf);1;12:01:27:950;29.95199966430664;64.61004638671875;92.95210266113281;[1]
(aaaf);1;12:01:27:950;29.95199966430664;64.61004638671875;92.95210266113281;[1]
(aaaf);1;12:01:28:279;29.95199966430664;64.64056396484375;92.82502746582031;[1]
(aaaf);1;12:01:28:279;29.95199966430664;64.64056396484375;92.82502746582031;[1]
(aaaf);1;12:01:28:607;29.95199966430664;64.67108154296875;92.95210266113281;[1]
(aaaf);1;12:01:28:607;29.95199966430664;64.67108154296875;92.95210266113281;[1]
(aaaf);1;12:01:28:935;29.95199966430664;64.70159912109375;92.95210266113281;[1]
(aaaf);1;12:01:28:935;29.95199966430664;64.70159912109375;92.95210266113281;[1]
(aaaf);1;12:01:29:263;29.95199966430664;64.70159912109375;92.95210266113281;[1]
(aaaf);1;12:01:29:263;29.95199966430664;64.70159912109375;92.95210266113281;[1]
(aaaf);1;12:01:29:591;29.95199966430664;64.73211669921875;92.95210266113281;[1]
(aaaf);1;12:01:29:591;29.95199966430664;64.73211669921875;92.95210266113281;[1]
(aaaf);1;12:01:29:919;29.95199966430664;64.73211669921875;92.95210266113281;[1]
(aaaf);1;12:01:29:919;29.95199966430664;64.73211669921875;92.95210266113281;[1]
(aaaf);1;12:01:30:247;29.95199966430664;64.7550048828125;93.01564025878906;[1]
(aaaf);1;12:01:30:247;29.95199966430664;64.7550048828125;93.01564025878906;[1]
(aaaf);1;12:01:30:574;29.95199966430664;64.7550048828125;92.82502746582031;[1]
(aaaf);1;12:01:30:574;29.95199966430664;64.7550048828125;92.82502746582031;[1]
(aaaf);1;12:01:30:902;29.95199966430664;64.8160400390625;92.95210266113281;[1]
(aaaf);1;12:01:30:902;29.95199966430664;64.8160400390625;92.95210266113281;[1]
(aaaf);1;12:01:31:230;29.95199966430664;64.8160400390625;92.95210266113281;[1]
(aaaf);1;12:01:31:230;29.95199966430664;64.8160400390625;92.95210266113281;[1]
(aaaf);1;12:01:31:558;29.95199966430664;64.8160400390625;92.95210266113281;[1]
(aaaf);1;12:01:31:558;29.95199966430664;64.8160400390625;92.95210266113281;[1]
(aaaf);1;12:01:31:885;29.95199966430664;64.8160400390625;92.95210266113281;[1]
(aaaf);1;12:01:31:885;29.95199966430664;64.8160400390625;92.95210266113281;[1]
(aaaf);1;12:01:32:213;29.95199966430664;64.8465576171875;92.82502746582031;[1]
(aaaf);1;12:01:32:213;29.95199966430664;64.8465576171875;92.82502746582031;[1]
(aaaf);1;12:01:32:541;29.95199966430664;64.8465576171875;92.82502746582031;[1]
(aaaf);1;12:01:32:541;29.95199966430664;64.8465576171875;92.82502746582031;[1]
(aaaf);1;12:01:32:868;29.95199966430664;64.8465576171875;92.95210266113281;[1]
(aaaf);1;12:01:32:868;29.95199966430664;64.8465576171875;92.95210266113281;[1]
(aaaf);1;12:01:33:196;29.95199966430664;64.8465576171875;92.95210266113281;[1]
(aaaf);1;12:01:33:196;29.95199966430664;64.8465576171875;92.95210266113281;[1]
(aaaf);1;12:01:33:524;29.95199966430664;64.8770751953125;92.95210266113281;[1]
(aaaf);1;12:01:33:524;29.95199966430664;64.8770751953125;92.95210266113281;[1]
(aaaf);1;12:01:33:853;29.95199966430664;64.8465576171875;93.20625305175781;[1]
(aaaf);1;12:01:33:853;29.95199966430664;64.8465576171875;93.20625305175781;[1]
(aaaf);1;12:01:34:180;29.95199966430664;64.8770751953125;92.95210266113281;[1]
(aaaf);1;12:01:34:180;29.95199966430664;64.8770751953125;92.95210266113281;[1]
(aaaf);1;12:01:34:507;29.95199966430664;64.8770751953125;93.01564025878906;[1]
(aaaf);1;12:01:34:507;29.95199966430664;64.8770751953125;93.01564025878906;[1]
(aaaf);1;12:01:34:834;29.88959884643554;64.8770751953125;92.95210266113281;[1]
(aaaf);1;12:01:34:834;29.88959884643554;64.8770751953125;92.95210266113281;[1]
(aaaf);1;12:01:35:162;29.95199966430664;64.8770751953125;92.82502746582031;[1]
(aaaf);1;12:01:35:162;29.95199966430664;64.8770751953125;92.82502746582031;[1]
(aaaf);1;12:01:35:490;29.95199966430664;64.9075927734375;92.82502746582031;[1]
(aaaf);1;12:01:35:490;29.95199966430664;64.9075927734375;92.82502746582031;[1]
(aaaf);1;12:01:35:818;29.95199966430664;64.9075927734375;92.95210266113281;[1]
(aaaf);1;12:01:35:818;29.95199966430664;64.9075927734375;92.95210266113281;[1]
(aaaf);1;12:01:36:146;29.95199966430664;64.9381103515625;92.95210266113281;[1]
(aaaf);1;12:01:36:146;29.95199966430664;64.9381103515625;92.95210266113281;[1]
(aaaf);1;12:01:36:474;29.88959884643554;64.9381103515625;92.82502746582031;[1]
(aaaf);1;12:01:36:474;29.88959884643554;64.9381103515625;92.82502746582031;[1]
(aaaf);1;12:01:36:802;29.95199966430664;64.9381103515625;93.07917785644531;[1]
(aaaf);1;12:01:36:802;29.95199966430664;64.9381103515625;93.07917785644531;[1]
(aaaf);1;12:01:37:130;29.95199966430664;64.9381103515625;93.07917785644531;[1]
(aaaf);1;12:01:37:130;29.95199966430664;64.9381103515625;93.07917785644531;[1]
(aaaf);1;12:01:37:457;29.95199966430664;64.9381103515625;92.82502746582031;[1]
(aaaf);1;12:01:37:457;29.95199966430664;64.9381103515625;92.82502746582031;[1]
(aaaf);1;12:01:37:785;29.95199966430664;64.9381103515625;92.95210266113281;[1]
(aaaf);1;12:01:37:785;29.95199966430664;64.9381103515625;92.95210266113281;[1]
(aaaf);1;12:01:38:113;29.95199966430664;64.9381103515625;93.07917785644531;[1]
(aaaf);1;12:01:38:113;29.95199966430664;64.9381103515625;93.07917785644531;[1]
(aaaf);1;12:01:38:441;29.95199966430664;64.9381103515625;92.82502746582031;[1]
(aaaf);1;12:01:38:441;29.95199966430664;64.9381103515625;92.82502746582031;[1]
(aaaf);1;12:01:38:769;29.95199966430664;64.9381103515625;92.95210266113281;[1]
(aaaf);1;12:01:38:769;29.95199966430664;64.9381103515625;92.95210266113281;[1]
(aaaf);1;12:01:39:97;29.95199966430664;64.9381103515625;92.95210266113281;[1]
(aaaf);1;12:01:39:97;29.95199966430664;64.9381103515625;92.95210266113281;[1]
(aaaf);1;12:01:39:425;29.95199966430664;64.9381103515625;92.95210266113281;[1]
(aaaf);1;12:01:39:425;29.95199966430664;64.9381103515625;92.95210266113281;[1]
(aaaf);1;12:01:39:753;29.95199966430664;64.9381103515625;92.82502746582031;[1]
(aaaf);1;12:01:39:753;29.95199966430664;64.9381103515625;92.82502746582031;[1]
(aaaf);1;12:01:40:81;30.0143985748291;64.9381103515625;92.95210266113281;[1]
(aaaf);1;12:01:40:81;30.0143985748291;64.9381103515625;92.95210266113281;[1]
(aaaf);1;12:01:40:409;29.95199966430664;64.9381103515625;92.88856506347656;[1]
(aaaf);1;12:01:40:409;29.95199966430664;64.9381103515625;92.88856506347656;[1]
(aaaf);1;12:01:40:737;29.95199966430664;64.9381103515625;93.07917785644531;[1]
(aaaf);1;12:01:40:737;29.95199966430664;64.9381103515625;93.07917785644531;[1]
(aaaf);1;12:01:41:65;29.95199966430664;64.9381103515625;92.95210266113281;[1]
(aaaf);1;12:01:41:65;29.95199966430664;64.9381103515625;92.95210266113281;[1]
(aaaf);1;12:01:41:393;29.95199966430664;64.9381103515625;92.95210266113281;[0]
