(CACF);12:00:30;33.2592;32.4480;33.1098;62.3746;61.7109;61.8716;93.2063;92.9521;93.0580;[0];
(CACF);12:01:00;34.1952;33.2592;33.7288;61.6804;60.8182;61.4149;93.2063;92.9521;93.0765;[0];
(CACF);12:01:30;34.6320;34.1328;34.3743;60.7877;59.6815;60.2209;93.2063;92.8886;93.0745;[0];
(CACF);12:02:00;35.0064;34.5696;34.8005;59.7120;58.6210;59.0935;93.2063;92.9521;93.0623;[0];
(CACF);12:02:30;35.6304;35.0064;35.2890;59.0177;58.1174;58.6603;93.2063;92.9521;93.0823;[0];
(CACF);12:03:00;36.3792;35.6304;36.0000;58.0564;57.3545;57.6647;93.2698;92.8250;93.0652;[0];
(CACF);12:03:30;37.0656;36.3168;36.7166;57.3240;55.8134;56.5345;93.2063;92.8886;93.0652;[0];
(CACF);12:04:00;37.6896;37.0656;37.3696;56.2940;54.5927;55.7035;93.2063;92.8250;93.0732;[0];
(CACF);12:04:30;38.3760;37.6896;38.0102;54.5927;53.3796;53.8514;93.2063;92.8886;93.0544;[0];
(CACF);12:05:00;38.7504;38.3136;38.5584;53.4025;52.7616;53.0863;93.2063;92.8250;93.0770;[0];
(CACF);12:05:30;39.1872;38.6256;38.9072;53.7534;51.5943;52.8106;93.2698;92.8886;93.0229;[0];
(CACF);12:06:00;39.6240;39.1872;39.3446;51.8613;51.2968;51.5924;93.1427;92.9521;93.0497;[0];
(CACF);12:06:30;40.3104;39.6240;39.9437;51.2586;49.3131;50.0976;93.2698;92.9521;93.0929;[0];
(CACF);12:07:00;41.1216;40.3104;40.7077;49.7632;48.6951;49.4093;93.2698;92.8886;93.0488;[0];
(CACF);12:07:30;41.7456;41.0592;41.4077;48.6570;47.4668;47.8568;93.2063;92.8886;93.0843;[0];
(CACF);12:08:00;42.3072;41.7456;42.0128;47.7949;46.4979;47.0980;93.2698;92.9521;93.0623;[0];
(CACF);12:08:30;42.7440;42.2448;42.4934;47.0396;46.0477;46.6311;93.2698;92.9521;93.0843;[0];
(CACF);12:09:00;43.1808;42.7440;42.9576;46.0859;45.6815;45.9248;93.2063;93.0156;93.1443;[0];
(CACF);12:09:30;43.6800;43.1184;43.3827;45.7426;45.2314;45.4925;93.2698;92.8250;93.1184;[0];
(CACF);12:10:00;43.9296;43.6176;43.7696;45.2314;44.6973;44.8754;93.3333;92.8886;93.0890;[0];
(CACF);12:10:30;44.1168;43.8672;44.0316;44.7355;43.3317;44.0098;93.2698;92.9521;93.0983;[0];
(CACF);12:11:00;44.5536;44.0544;44.3199;43.4156;42.6755;43.1054;93.3333;92.8886;93.1018;[0];
(CACF);12:11:30;44.8032;44.4912;44.6505;42.8358;42.5992;42.7296;93.2698;92.9521;93.0472;[0];
(CACF);12:12:00;45.0528;44.7408;44.8992;42.6450;42.0881;42.2378;93.2698;93.0156;93.0520;[0];
(CACF);12:12:30;45.3648;45.0528;45.1898;42.3780;41.3709;42.0178;93.1427;93.0156;93.1014;[0];
(CACF);12:13:00;45.6144;45.3024;45.4378;41.3862;41.0734;41.2015;93.2063;93.0156;93.1341;[0];
(CACF);12:13:30;45.7392;45.5520;45.6474;41.6151;40.9589;41.2651;93.2063;93.0156;93.1458;[0];
(CACF);12:14:00;45.9264;45.7392;45.8144;41.0810;40.7377;40.8182;93.2698;92.9521;93.1449;[0];
(CACF);12:14:30;46.1136;45.8640;45.9929;41.1039;40.5088;40.7283;93.2698;92.9521;93.1190;[0];
(CACF);12:15:00;46.2384;46.0512;46.1525;41.1573;40.6003;40.8463;93.2698;92.8886;93.0922;[0];
(CACF);12:15:30;46.4256;46.1760;46.3160;40.6690;40.2036;40.4389;93.2698;92.8886;93.0854;[0];
(CACF);12:16:00;46.4880;46.3632;46.4018;40.2036;39.9061;40.0976;93.2698;92.9521;93.0819;[0];
(CACF);12:16:30;46.6128;46.4256;46.5266;39.9442;39.5627;39.7498;93.2698;92.9521;93.0745;[0];
(CACF);12:17:00;46.8000;46.6128;46.7099;39.7840;38.7617;39.0955;93.2698;93.0156;93.0803;[0];
(CACF);12:17:30;46.8624;46.7376;46.8127;39.3873;38.6548;38.8951;93.3333;92.8886;93.0880;[0];
(CACF);12:18:00;46.9248;46.8000;46.8747;39.5780;39.3568;39.4454;93.3333;92.8886;93.0841;[0];
(CACF);12:18:30;46.9872;46.8624;46.9560;39.5780;38.9905;39.2700;93.2063;92.8886;93.0505;[0];
(CACF);12:19:00;47.1120;46.9248;47.0160;39.5780;38.9219;39.3634;93.2063;92.8250;93.0308;[0];
(CACF);12:19:30;47.1744;47.0496;47.1409;39.5017;38.7998;39.1515;93.2063;92.8250;92.9955;[0];
(CACF);12:20:00;47.1744;47.1120;47.1568;39.2194;38.7998;39.0173;93.2698;92.9521;93.0222;[0];
(CACF);12:20:30;47.2368;47.1120;47.1573;39.0439;38.7617;38.9593;93.2698;92.8250;93.0059;[0];
(CACF);12:21:00;47.2368;47.1120;47.1904;39.0058;38.7617;38.8813;93.2063;92.8250;92.9912;[0];
(CACF);12:21:30;47.2992;47.1744;47.2688;38.7998;38.3954;38.6849;93.1427;92.8250;93.0001;[0];
(CACF);12:22:00;47.4240;47.2992;47.3515;38.4641;38.2963;38.3779;93.1427;92.8886;93.0162;[0];
(CACF);12:22:30;47.4864;47.4240;47.4473;38.4336;38.0826;38.2555;93.2698;92.8250;93.0156;[0];
(CACF);12:23:00;47.6112;47.4240;47.5287;38.3497;38.0369;38.1843;93.2063;92.8886;93.0237;[0];
(CACF);12:23:30;47.6112;47.5488;47.5650;38.0369;37.3197;37.6190;93.1427;92.8886;93.0466;[0];
(CACF);12:24:00;47.6736;47.5488;47.6160;37.7698;37.3197;37.6278;93.1427;92.8886;93.0406;[0];
(CACF);12:24:30;47.6736;47.6112;47.6447;38.0521;37.6325;37.7410;93.1427;92.8886;93.0487;[0];
(CACF);12:25:00;47.6736;47.6112;47.6555;38.2963;37.9148;38.0316;93.2063;92.8886;93.0564;[0];
(CACF);12:25:30;47.6736;47.6112;47.6580;38.3726;37.8766;38.1068;93.2063;92.8886;93.0489;[0];
(CACF);12:26:00;47.6736;47.5488;47.6331;38.0216;37.8766;37.9406;93.1427;92.8250;93.0520;[0];
(CACF);12:26:30;47.7360;47.6112;47.6591;38.0521;37.7393;37.9338;93.2063;92.8886;93.0441;[0];
(CACF);12:27:00;47.7360;47.1744;47.3995;38.1971;37.4494;37.6855;93.2063;92.8886;93.0368;[0];
(CACF);12:27:30;47.4864;47.2368;47.3575;37.9301;37.3350;37.6746;93.1427;92.8886;93.0425;[0];
(CACF);12:28:00;47.4240;47.2992;47.3706;37.8614;37.1213;37.4788;93.2063;92.8886;93.0431;[0];
(CACF);12:28:30;47.5488;47.3616;47.4484;37.6325;37.0908;37.3052;93.1427;92.8250;93.0487;[0];
(CACF);12:29:00;47.5488;47.4240;47.4784;37.7927;37.4952;37.7091;93.1427;92.8886;93.0482;[0];
(CACF);12:29:30;47.5488;47.4240;47.4874;37.9987;37.6172;37.7471;93.1427;92.8886;93.0435;[0];
(CACF);12:30:00;47.5488;47.4240;47.4944;38.2810;37.7546;37.9976;93.2063;92.8886;93.0308;[0];
(CACF);12:30:30;47.6112;47.0496;47.3814;38.4031;36.9993;37.9343;93.1427;92.8886;93.0477;[0];
(CACF);12:31:00;47.0496;46.0512;46.5435;37.2510;36.9993;37.1671;93.2063;92.8886;93.0428;[0];
(CACF);12:31:30;46.0512;45.0528;45.5824;38.4107;37.2281;37.6870;93.2063;92.8250;93.0301;[0];
