(CACF);12:00:30;27.4560;27.3936;27.4395;75.8481;74.4749;74.6250;93.2063;93.0156;93.0437;[0];
(CACF);12:01:00;27.5184;27.3936;27.4539;74.4749;73.7272;73.9637;93.2063;93.0156;93.0458;[0];
(CACF);12:01:30;27.5184;27.4560;27.4895;73.7501;73.5593;73.6752;93.2063;93.0156;93.0363;[0];
(CACF);12:02:00;27.5808;27.4560;27.5227;73.5593;73.3076;73.4501;93.2063;92.8886;93.0488;[0];
(CACF);12:02:30;27.5808;27.5184;27.5564;73.3915;73.1397;73.2552;93.2063;93.0156;93.0616;[0];
(CACF);12:03:00;27.6432;27.5184;27.5856;73.4296;73.2007;73.3359;93.2063;93.0156;93.0737;[0];
(CACF);12:03:30;27.6432;27.5808;27.6138;73.2847;73.0634;73.1367;93.2063;93.0156;93.0709;[0];
(CACF);12:04:00;27.6432;27.5808;27.6149;73.1779;73.0939;73.1190;93.2063;92.9521;93.0699;[0];
(CACF);12:04:30;27.7056;27.5808;27.6326;73.3686;73.1168;73.2374;93.2063;93.0156;93.0807;[0];
(CACF);12:05:00;27.7056;27.5808;27.6480;73.2618;72.9490;73.1434;93.2063;93.0156;93.0819;[0];
(CACF);12:05:30;27.7056;27.6432;27.6615;73.1168;72.9490;73.0440;93.2063;92.9521;93.0766;[0];
(CACF);12:06:00;27.7056;27.6432;27.6712;73.3686;72.9490;73.1284;93.2063;92.9521;93.0808;[0];
(CACF);12:06:30;27.7056;27.6432;27.6823;73.5670;73.1168;73.3773;93.2063;92.9521;93.0766;[0];
(CACF);12:07:00;27.7056;27.5808;27.6709;73.2618;72.9795;73.0625;93.2063;92.9521;93.0819;[0];
(CACF);12:07:30;27.7056;27.6432;27.6660;73.2847;73.0634;73.1631;93.2698;92.9521;93.0812;[0];
(CACF);12:08:00;27.7056;27.6432;27.6640;73.3152;73.0634;73.1415;93.2063;93.0156;93.0819;[0];
(CACF);12:08:30;27.7056;27.6432;27.6676;73.3152;73.0329;73.1334;93.2063;92.9521;93.0838;[0];
(CACF);12:09:00;27.7056;27.6432;27.6661;73.2847;73.0100;73.2142;93.2063;93.0156;93.0884;[0];
(CACF);12:09:30;27.7056;27.5808;27.6628;73.0100;72.7582;72.8820;93.2063;92.9521;93.0864;[0];
(CACF);12:10:00;27.7056;27.6432;27.6565;73.2007;72.8727;72.9818;93.2063;92.9521;93.0841;[0];
(CACF);12:10:30;27.7056;27.5808;27.6635;73.2007;72.8116;72.9741;93.2063;92.9521;93.0885;[0];
(CACF);12:11:00;27.7056;27.6432;27.6645;73.1168;72.8727;73.0015;93.2063;93.0156;93.0949;[0];
(CACF);12:11:30;27.7056;27.6432;27.6670;73.2007;72.8422;73.0627;93.2063;92.9521;93.0807;[0];
(CACF);12:12:00;27.7056;27.6432;27.6802;73.3152;73.1473;73.2495;93.2063;92.9521;93.0792;[0];
(CACF);12:12:30;27.7056;27.6432;27.6858;73.1473;72.8116;72.9348;93.2063;93.0156;93.0869;[0];
(CACF);12:13:00;27.7056;27.6432;27.6885;72.8956;72.7277;72.8104;93.2063;92.9521;93.0792;[0];
(CACF);12:13:30;27.7680;27.6432;27.6802;72.8956;72.7277;72.7984;93.2698;93.0156;93.0983;[0];
(CACF);12:14:00;27.7056;27.6432;27.6773;72.8727;72.6438;72.7226;93.2063;92.9521;93.0846;[0];
(CACF);12:14:30;27.7056;27.6432;27.6818;72.8727;72.7582;72.7886;93.2063;92.9521;93.0854;[0];
(CACF);12:15:00;27.7056;27.6432;27.6715;72.7582;72.6743;72.7217;93.2063;93.0156;93.0879;[0];
(CACF);12:15:30;27.7056;27.6432;27.6665;73.0634;72.7048;72.8751;93.2698;92.9521;93.0900;[0];
(CACF);12:16:00;27.7056;27.5808;27.6649;73.0939;72.7277;72.9274;93.2063;92.8886;93.0776;[0];
(CACF);12:16:30;27.7056;27.6432;27.6711;72.8727;72.7277;72.7800;93.2063;93.0156;93.0849;[0];
(CACF);12:17:00;27.7056;27.6432;27.6661;73.1168;72.6743;72.8923;93.2063;92.9521;93.0835;[0];
(CACF);12:17:30;27.7056;27.6432;27.6620;73.1779;72.7277;72.9538;93.2063;93.0156;93.0818;[0];
(CACF);12:18:00;27.7056;27.5808;27.6619;73.2618;72.7048;72.9442;93.2063;92.9521;93.0900;[0];
(CACF);12:18:30;27.7056;27.6432;27.6691;73.2618;72.6743;72.8751;93.2698;93.0156;93.0993;[0];
(CACF);12:19:00;27.7056;27.6432;27.6715;72.6743;72.4225;72.5216;93.2698;93.0156;93.0960;[0];
(CACF);12:19:30;27.7056;27.6432;27.6528;72.7277;72.3920;72.4424;93.2063;92.9521;93.0905;[0];
(CACF);12:20:00;27.7056;27.5808;27.6443;73.0100;72.7277;72.9479;93.2063;92.9521;93.0889;[0];
(CACF);12:20:30;27.7056;27.5808;27.6437;73.3152;72.8422;73.0752;93.2063;92.9521;93.0802;[0];
(CACF);12:21:00;27.7056;27.5808;27.6443;73.2618;72.7277;73.0448;93.2698;92.9521;93.0895;[0];
(CACF);12:21:30;27.7056;27.5808;27.6407;72.7582;72.7277;72.7513;93.2063;93.0156;93.0869;[0];
(CACF);12:22:00;27.7056;27.5808;27.6360;73.4296;72.6438;72.7100;93.2063;93.0156;93.0852;[0];
(CACF);12:22:30;27.6432;27.5808;27.6307;73.4830;73.2618;73.3558;93.2698;93.0156;93.0873;[0];
(CACF);12:23:00;27.7056;27.5808;27.6373;73.4296;73.1779;73.3600;93.2063;93.0156;93.0868;[0];
(CACF);12:23:30;27.7056;27.5808;27.6417;73.1779;72.7582;72.8861;93.2698;92.9521;93.0926;[0];
(CACF);12:24:00;27.7056;27.5808;27.6390;73.4296;72.6743;73.0657;93.2063;93.0156;93.0856;[0];
(CACF);12:24:30;27.7056;27.5808;27.6356;73.3991;72.7582;72.9631;93.2063;92.8886;93.0823;[0];
(CACF);12:25:00;27.6432;27.5808;27.6272;72.7582;72.7582;72.7582;93.2063;93.0156;93.0830;[0];
(CACF);12:25:30;27.6432;27.5808;27.6260;73.1473;72.7582;72.9910;93.2698;93.0156;93.0838;[0];
(CACF);12:26:00;27.6432;27.5808;27.6171;72.8727;72.7582;72.7729;93.2063;93.0156;93.0792;[0];
(CACF);12:26:30;27.6432;27.5808;27.6178;73.2618;72.7582;72.8899;93.2063;92.9521;93.0766;[0];
(CACF);12:27:00;27.6432;27.5808;27.6094;73.3152;72.8116;73.1534;93.2063;93.0156;93.0899;[0];
(CACF);12:27:30;27.6432;27.5808;27.5927;72.9795;72.8116;72.9400;93.2063;93.0156;93.0927;[0];
(CACF);12:28:00;27.6432;27.5808;27.6011;73.2007;72.7582;72.9951;93.2063;93.0156;93.0868;[0];
(CACF);12:28:30;27.6432;27.5184;27.6029;73.0100;72.3920;72.5807;93.2063;92.9521;93.0874;[0];
(CACF);12:29:00;27.6432;27.5808;27.5957;72.7277;72.4225;72.4999;93.2063;92.9521;93.0770;[0];
(CACF);12:29:30;27.6432;27.5184;27.5927;72.7582;72.5370;72.6982;93.2063;93.0156;93.0913;[0];
(CACF);12:30:00;27.6432;27.5808;27.5925;73.2007;72.7277;72.8731;93.2063;93.0156;93.0748;[0];
